Frequence;Amplitude
0.0;1.798
0.5;0.626
1.0;0.85
1.5;4.194
2.0;3.664
2.5;5.214
3.0;3.373
3.5;1.466
4.0;2.591
4.5;3.667
5.0;3.704
5.5;2.861
6.0;6.199
6.5;2.059
7.0;3.919
7.5;3.476
8.0;1.195
8.5;2.663
9.0;3.106
9.5;2.543
10.0;2.864
10.5;2.253
11.0;1.962
11.5;4.484
12.0;4.537
12.5;2.038
13.0;3.948
13.5;3.635
14.0;2.435
14.5;4.227
15.0;3.141
15.5;4.207
16.0;1.344
16.5;2.048
17.0;3.488
17.5;1.299
18.0;1.08
18.5;4.218
19.0;4.788
19.5;2.845
20.0;0.819
20.5;3.181
21.0;2.667
21.5;3.196
22.0;1.235
22.5;1.221
23.0;1.977
23.5;4.113
24.0;1.833
24.5;1.012
25.0;7.019
25.5;2.698
26.0;6.491
26.5;8.907
27.0;8.296
27.5;11.797
28.0;15.256
28.5;2.488
29.0;15.486
29.5;7.989
30.0;5.066
30.5;7.793
31.0;7.836
31.5;5.837
32.0;2.998
32.5;3.201
33.0;4.885
33.5;2.732
34.0;9.332
34.5;7.578
35.0;7.802
35.5;12.258
36.0;10.397
36.5;4.369
37.0;3.448
37.5;10.204
38.0;7.692
38.5;6.432
39.0;9.496
39.5;1.072
40.0;4.523
40.5;5.09
41.0;2.871
41.5;2.031
42.0;1.973
42.5;3.693
43.0;5.552
43.5;3.704
44.0;4.82
44.5;5.6
45.0;4.081
45.5;8.71
46.0;2.699
46.5;7.613
47.0;6.923
47.5;3.318
48.0;4.961
48.5;3.894
49.0;6.309
49.5;6.484
50.0;11.04
50.5;11.292
51.0;13.462
51.5;2.508
52.0;2.687
52.5;1.091
53.0;6.195
53.5;3.337
54.0;5.298
54.5;2.167
55.0;7.385
55.5;1.556
56.0;4.038
56.5;5.61
57.0;2.598
57.5;6.801
58.0;7.281
58.5;2.883
59.0;5.09
59.5;2.687
60.0;6.864
60.5;4.669
61.0;9.28
61.5;9.718
62.0;4.547
62.5;3.783
63.0;1.736
63.5;9.356
64.0;9.396
64.5;11.498
65.0;33.541
65.5;41.746
66.0;14.313
66.5;11.427
67.0;7.51
67.5;7.181
68.0;3.905
68.5;10.279
69.0;9.122
69.5;3.1
70.0;10.331
70.5;12.471
71.0;6.288
71.5;12.407
72.0;7.838
72.5;5.871
73.0;12.431
73.5;8.205
74.0;11.707
74.5;10.811
75.0;9.362
75.5;5.365
76.0;14.562
76.5;12.869
77.0;2.407
77.5;14.223
78.0;9.133
78.5;5.298
79.0;11.981
79.5;18.099
80.0;6.452
80.5;19.984
81.0;13.31
81.5;4.93
82.0;7.553
82.5;7.405
83.0;13.405
83.5;8.49
84.0;12.08
84.5;9.042
85.0;5.143
85.5;5.678
86.0;3.422
86.5;4.018
87.0;2.301
87.5;4.599
88.0;2.927
88.5;3.356
89.0;8.368
89.5;6.956
90.0;6.018
90.5;6.712
91.0;3.632
91.5;4.998
92.0;9.722
92.5;10.126
93.0;18.329
93.5;16.073
94.0;21.391
94.5;17.012
95.0;4.545
95.5;16.952
96.0;37.349
96.5;39.13
97.0;61.39
97.5;134.026
98.0;111.075
98.5;99.247
99.0;38.605
99.5;36.194
100.0;23.153
100.5;11.397
101.0;16.217
101.5;17.308
102.0;20.342
102.5;6.842
103.0;5.077
103.5;11.907
104.0;15.105
104.5;10.713
105.0;17.403
105.5;10.507
106.0;7.394
106.5;6.345
107.0;5.785
107.5;15.517
108.0;7.613
108.5;27.547
109.0;14.93
109.5;0.546
110.0;5.565
110.5;9.124
111.0;4.086
111.5;7.617
112.0;9.982
112.5;7.425
113.0;10.906
113.5;4.845
114.0;12.693
114.5;3.816
115.0;12.116
115.5;18.084
116.0;15.612
116.5;2.087
117.0;11.299
117.5;9.122
118.0;17.055
118.5;8.198
119.0;6.151
119.5;4.85
120.0;2.301
120.5;5.22
121.0;9.471
121.5;6.093
122.0;5.106
122.5;16.624
123.0;5.715
123.5;9.124
124.0;8.027
124.5;7.322
125.0;7.137
125.5;13.137
126.0;4.055
126.5;13.02
127.0;8.027
127.5;10.919
128.0;9.644
128.5;14.572
129.0;12.242
129.5;15.893
130.0;15.36
130.5;22.56
131.0;23.534
131.5;83.174
132.0;88.929
132.5;66.001
133.0;27.619
133.5;24.63
134.0;7.61
134.5;13.836
135.0;14.031
135.5;16.651
136.0;8.905
136.5;15.194
137.0;22.198
137.5;9.666
138.0;18.96
138.5;2.699
139.0;9.903
139.5;1.786
140.0;9.326
140.5;7.498
141.0;10.077
141.5;7.101
142.0;2.631
142.5;8.656
143.0;16.494
143.5;31.432
144.0;23.195
144.5;30.104
145.0;18.768
145.5;50.907
146.0;84.556
146.5;118.335
147.0;149.694
147.5;133.51
148.0;179.84
148.5;153.446
149.0;88.024
149.5;43.022
150.0;14.286
150.5;43.109
151.0;31.286
151.5;31.912
152.0;7.506
152.5;15.083
153.0;1.883
153.5;1.422
154.0;12.068
154.5;8.481
155.0;7.648
155.5;13.881
156.0;21.037
156.5;11.609
157.0;12.459
157.5;6.465
158.0;10.091
158.5;0.563
159.0;4.913
159.5;12.49
160.0;8.5
160.5;5.345
161.0;2.769
161.5;7.667
162.0;7.664
162.5;9.764
163.0;10.382
163.5;12.954
164.0;10.953
164.5;5.188
165.0;9.737
165.5;27.703
166.0;16.898
166.5;10.22
167.0;11.375
167.5;11.316
168.0;9.34
168.5;1.206
169.0;11.086
169.5;10.38
170.0;5.405
170.5;1.135
171.0;2.691
171.5;7.71
172.0;10.445
172.5;3.796
173.0;1.8
173.5;4.461
174.0;5.848
174.5;14.911
175.0;25.59
175.5;10.0
176.0;17.318
176.5;5.237
177.0;11.421
177.5;7.275
178.0;17.933
178.5;10.212
179.0;19.407
179.5;6.666
180.0;10.116
180.5;8.541
181.0;9.065
181.5;3.94
182.0;12.56
182.5;1.445
183.0;13.869
183.5;9.807
184.0;7.538
184.5;19.084
185.0;25.051
185.5;8.077
186.0;34.362
186.5;15.599
187.0;42.438
187.5;45.516
188.0;65.678
188.5;55.754
189.0;59.01
189.5;54.393
190.0;34.198
190.5;24.957
191.0;29.031
191.5;4.225
192.0;37.194
192.5;59.813
193.0;63.377
193.5;44.288
194.0;65.597
194.5;73.409
195.0;97.735
195.5;126.627
196.0;135.595
196.5;284.067
197.0;225.575
197.5;326.689
198.0;7.988
198.5;103.585
199.0;20.327
199.5;100.093
200.0;25.32
200.5;86.181
201.0;19.231
201.5;67.029
202.0;23.837
202.5;54.517
203.0;26.144
203.5;66.275
204.0;33.617
204.5;54.133
205.0;23.547
205.5;37.294
206.0;20.549
206.5;46.847
207.0;15.599
207.5;19.186
208.0;20.758
208.5;27.593
209.0;26.247
209.5;10.943
210.0;19.536
210.5;9.777
211.0;16.767
211.5;15.023
212.0;24.99
212.5;19.704
213.0;23.653
213.5;7.336
214.0;18.635
214.5;14.444
215.0;20.261
215.5;4.758
216.0;10.542
216.5;9.671
217.0;17.199
217.5;6.61
218.0;9.583
218.5;2.852
219.0;5.725
219.5;14.33
220.0;12.918
220.5;17.126
221.0;20.807
221.5;14.83
222.0;14.117
222.5;5.288
223.0;4.882
223.5;8.666
224.0;9.259
224.5;7.693
225.0;3.973
225.5;19.963
226.0;5.163
226.5;10.461
227.0;4.886
227.5;12.272
228.0;13.863
228.5;10.015
229.0;3.387
229.5;7.889
230.0;5.946
230.5;24.297
231.0;5.729
231.5;18.522
232.0;11.418
232.5;27.792
233.0;12.957
233.5;31.564
234.0;14.614
234.5;13.2
235.0;12.72
235.5;28.239
236.0;16.031
236.5;3.769
237.0;13.767
237.5;4.188
238.0;2.625
238.5;13.461
239.0;21.472
239.5;15.148
240.0;11.527
240.5;12.296
241.0;13.17
241.5;12.251
242.0;11.658
242.5;23.458
243.0;3.598
243.5;14.803
244.0;16.377
244.5;13.566
245.0;16.252
245.5;17.258
246.0;12.216
246.5;24.521
247.0;18.185
247.5;22.083
248.0;7.088
248.5;18.38
249.0;11.654
249.5;6.726
250.0;10.205
250.5;5.396
251.0;3.017
251.5;3.075
252.0;5.587
252.5;11.254
253.0;10.51
253.5;8.921
254.0;10.366
254.5;33.193
255.0;23.573
255.5;36.826
256.0;14.671
256.5;45.324
257.0;8.111
257.5;50.394
258.0;13.631
258.5;26.571
259.0;15.857
259.5;29.341
260.0;34.252
260.5;34.135
261.0;73.026
261.5;69.053
262.0;288.325
262.5;443.906
263.0;318.513
263.5;79.311
264.0;94.348
264.5;44.381
265.0;42.441
265.5;33.63
266.0;20.554
266.5;9.626
267.0;14.105
267.5;18.289
268.0;14.051
268.5;30.342
269.0;12.598
269.5;15.23
270.0;18.908
270.5;12.309
271.0;8.7
271.5;21.992
272.0;9.574
272.5;8.143
273.0;12.917
273.5;14.666
274.0;27.802
274.5;8.196
275.0;19.258
275.5;7.102
276.0;12.433
276.5;13.711
277.0;14.276
277.5;11.618
278.0;16.514
278.5;19.641
279.0;18.454
279.5;25.88
280.0;8.091
280.5;21.2
281.0;9.456
281.5;16.92
282.0;11.461
282.5;14.296
283.0;6.269
283.5;21.32
284.0;14.714
284.5;17.203
285.0;16.518
285.5;25.257
286.0;9.132
286.5;16.882
287.0;41.081
287.5;53.946
288.0;17.262
288.5;35.499
289.0;67.583
289.5;62.313
290.0;8.893
290.5;43.429
291.0;85.301
291.5;98.034
292.0;56.362
292.5;63.028
293.0;98.539
293.5;228.261
294.0;181.217
294.5;626.526
295.0;327.61
295.5;607.64
296.0;147.813
296.5;185.444
297.0;60.204
297.5;78.226
298.0;42.647
298.5;90.34
299.0;26.638
299.5;19.015
300.0;52.694
300.5;73.256
301.0;26.189
301.5;17.33
302.0;37.681
302.5;50.554
303.0;37.095
303.5;54.895
304.0;25.502
304.5;4.361
305.0;5.52
305.5;26.229
306.0;30.112
306.5;11.414
307.0;30.221
307.5;9.858
308.0;18.817
308.5;20.366
309.0;21.836
309.5;18.651
310.0;18.79
310.5;12.628
311.0;18.224
311.5;17.343
312.0;10.849
312.5;17.922
313.0;18.838
313.5;19.601
314.0;8.728
314.5;12.714
315.0;13.513
315.5;15.186
316.0;8.326
316.5;13.128
317.0;15.132
317.5;9.699
318.0;9.08
318.5;14.182
319.0;10.755
319.5;4.793
320.0;20.859
320.5;9.714
321.0;15.717
321.5;3.193
322.0;19.404
322.5;10.852
323.0;10.315
323.5;4.729
324.0;9.091
324.5;19.665
325.0;15.301
325.5;18.259
326.0;18.19
326.5;9.084
327.0;27.286
327.5;77.809
328.0;79.513
328.5;69.203
329.0;8.771
329.5;22.24
330.0;5.628
330.5;1.504
331.0;18.545
331.5;13.74
332.0;20.691
332.5;23.477
333.0;1.529
333.5;23.825
334.0;2.481
334.5;10.443
335.0;12.641
335.5;26.319
336.0;13.265
336.5;19.118
337.0;17.736
337.5;25.912
338.0;13.564
338.5;9.278
339.0;8.422
339.5;12.875
340.0;2.762
340.5;4.041
341.0;24.575
341.5;25.818
342.0;8.787
342.5;28.206
343.0;29.6
343.5;35.381
344.0;38.763
344.5;22.716
345.0;19.592
345.5;52.905
346.0;53.194
346.5;38.47
347.0;38.778
347.5;77.521
348.0;90.974
348.5;110.931
349.0;122.436
349.5;179.179
350.0;232.988
350.5;312.281
351.0;347.262
351.5;311.863
352.0;273.1
352.5;162.767
353.0;96.603
353.5;88.366
354.0;87.421
354.5;62.892
355.0;59.754
355.5;53.716
356.0;66.053
356.5;56.764
357.0;46.594
357.5;55.449
358.0;51.535
358.5;44.586
359.0;51.851
359.5;36.688
360.0;11.786
360.5;21.251
361.0;21.85
361.5;21.927
362.0;40.627
362.5;19.824
363.0;27.865
363.5;14.184
364.0;8.25
364.5;17.261
365.0;9.848
365.5;13.175
366.0;37.48
366.5;16.04
367.0;9.267
367.5;2.779
368.0;8.034
368.5;11.982
369.0;11.749
369.5;4.689
370.0;16.971
370.5;15.68
371.0;13.986
371.5;8.092
372.0;10.495
372.5;21.373
373.0;6.184
373.5;30.269
374.0;10.78
374.5;18.77
375.0;14.323
375.5;27.405
376.0;23.686
376.5;20.0
377.0;10.347
377.5;49.778
378.0;16.092
378.5;24.436
379.0;22.072
379.5;11.206
380.0;11.273
380.5;10.11
381.0;21.627
381.5;17.024
382.0;9.659
382.5;39.201
383.0;43.398
383.5;22.567
384.0;43.877
384.5;59.163
385.0;77.379
385.5;39.193
386.0;34.415
386.5;21.423
387.0;62.274
387.5;34.686
388.0;34.186
388.5;23.119
389.0;85.869
389.5;63.658
390.0;104.776
390.5;92.234
391.0;38.648
391.5;111.225
392.0;72.657
392.5;243.702
393.0;485.171
393.5;425.973
394.0;167.179
394.5;298.353
395.0;304.588
395.5;186.434
396.0;64.671
396.5;140.277
397.0;19.297
397.5;53.441
398.0;66.265
398.5;134.407
399.0;111.884
399.5;79.219
400.0;76.697
400.5;32.392
401.0;17.268
401.5;25.746
402.0;21.941
402.5;12.288
403.0;8.464
403.5;33.788
404.0;32.767
404.5;20.663
405.0;38.514
405.5;36.562
406.0;47.739
406.5;32.58
407.0;22.228
407.5;41.389
408.0;12.914
408.5;32.352
409.0;7.847
409.5;13.621
410.0;28.619
410.5;25.442
411.0;21.705
411.5;4.727
412.0;25.839
412.5;8.865
413.0;22.466
413.5;27.851
414.0;9.321
414.5;9.437
415.0;23.212
415.5;11.93
416.0;15.109
416.5;12.163
417.0;2.667
417.5;33.245
418.0;28.76
418.5;15.176
419.0;29.692
419.5;22.782
420.0;15.452
420.5;21.712
421.0;19.863
421.5;25.621
422.0;30.251
422.5;38.34
423.0;19.888
423.5;17.433
424.0;10.792
424.5;32.192
425.0;23.659
425.5;12.738
426.0;7.85
426.5;5.547
427.0;16.836
427.5;12.108
428.0;13.913
428.5;10.703
429.0;17.196
429.5;7.249
430.0;9.444
430.5;22.688
431.0;27.708
431.5;2.075
432.0;12.988
432.5;20.691
433.0;20.552
433.5;25.922
434.0;24.087
434.5;4.822
435.0;18.893
435.5;29.554
436.0;18.464
436.5;44.947
437.0;28.739
437.5;24.097
438.0;38.148
438.5;29.368
439.0;23.679
439.5;44.378
440.0;31.812
440.5;28.011
441.0;14.727
441.5;22.182
442.0;20.478
442.5;17.705
443.0;50.601
443.5;80.93
444.0;59.449
444.5;36.476
445.0;25.211
445.5;15.182
446.0;43.25
446.5;27.513
447.0;18.31
447.5;18.78
448.0;18.641
448.5;25.114
449.0;16.73
449.5;14.629
450.0;16.799
450.5;6.022
451.0;7.28
451.5;10.359
452.0;7.818
452.5;12.769
453.0;22.429
453.5;14.19
454.0;16.294
454.5;11.593
455.0;19.771
455.5;17.781
456.0;16.873
456.5;36.593
457.0;10.093
457.5;33.375
458.0;16.622
458.5;44.454
459.0;27.539
459.5;138.288
460.0;183.832
460.5;70.949
461.0;39.035
461.5;20.304
462.0;38.782
462.5;18.46
463.0;33.1
463.5;16.457
464.0;16.995
464.5;11.47
465.0;20.608
465.5;18.24
466.0;10.447
466.5;17.879
467.0;6.68
467.5;15.022
468.0;19.251
468.5;16.581
469.0;28.174
469.5;16.553
470.0;25.49
470.5;3.648
471.0;17.253
471.5;17.205
472.0;6.268
472.5;13.189
473.0;4.135
473.5;8.683
474.0;6.72
474.5;14.001
475.0;6.773
475.5;11.346
476.0;8.011
476.5;6.51
477.0;4.411
477.5;8.645
478.0;5.751
478.5;19.604
479.0;8.924
479.5;6.329
480.0;9.252
480.5;2.853
481.0;13.026
481.5;9.635
482.0;11.791
482.5;22.876
483.0;21.125
483.5;5.761
484.0;9.852
484.5;9.572
485.0;10.957
485.5;11.578
486.0;6.869
486.5;14.116
487.0;11.148
487.5;17.893
488.0;17.705
488.5;16.78
489.0;15.491
489.5;19.933
490.0;14.873
490.5;11.301
491.0;14.228
491.5;29.405
492.0;55.659
492.5;41.126
493.0;22.605
493.5;25.462
494.0;13.895
494.5;30.646
495.0;28.066
495.5;16.925
496.0;33.798
496.5;58.154
497.0;58.924
497.5;12.926
498.0;35.261
498.5;2.534
499.0;14.276
499.5;14.988
500.0;15.001
500.5;12.242
501.0;7.387
501.5;7.869
502.0;7.642
502.5;15.164
503.0;11.694
503.5;18.259
504.0;13.164
504.5;17.861
505.0;14.285
505.5;6.482
506.0;17.932
506.5;20.739
507.0;27.565
507.5;5.792
508.0;11.901
508.5;2.458
509.0;26.356
509.5;20.684
510.0;24.131
510.5;17.257
511.0;9.508
511.5;26.186
512.0;17.213
512.5;34.902
513.0;23.853
513.5;31.602
514.0;14.743
514.5;27.436
515.0;13.576
515.5;14.436
516.0;26.964
516.5;15.991
517.0;21.548
517.5;3.949
518.0;27.586
518.5;21.512
519.0;30.119
519.5;28.344
520.0;12.087
520.5;4.138
521.0;41.548
521.5;48.435
522.0;8.808
522.5;63.26
523.0;64.5
523.5;30.377
524.0;41.357
524.5;80.353
525.0;51.329
525.5;277.794
526.0;499.108
526.5;177.062
527.0;322.64
527.5;566.198
528.0;385.731
528.5;220.079
529.0;132.192
529.5;161.674
530.0;47.621
530.5;83.966
531.0;19.905
531.5;64.837
532.0;5.783
532.5;57.742
533.0;40.783
533.5;25.317
534.0;57.531
534.5;33.656
535.0;29.008
535.5;17.531
536.0;34.492
536.5;20.1
537.0;38.614
537.5;28.755
538.0;10.601
538.5;20.001
539.0;14.27
539.5;11.963
540.0;3.681
540.5;8.907
541.0;17.797
541.5;7.859
542.0;15.979
542.5;13.145
543.0;14.027
543.5;15.954
544.0;24.916
544.5;5.483
545.0;2.173
545.5;4.65
546.0;11.01
546.5;13.486
547.0;27.088
547.5;21.057
548.0;8.484
548.5;12.208
549.0;4.108
549.5;16.79
550.0;10.691
550.5;15.826
551.0;4.933
551.5;3.904
552.0;5.776
552.5;8.362
553.0;11.568
553.5;14.838
554.0;27.548
554.5;4.565
555.0;16.616
555.5;3.6
556.0;6.938
556.5;9.164
557.0;16.439
557.5;10.058
558.0;18.29
558.5;10.394
559.0;22.042
559.5;13.25
560.0;10.049
560.5;4.915
561.0;17.015
561.5;12.42
562.0;6.648
562.5;5.507
563.0;2.834
563.5;21.059
564.0;2.573
564.5;9.361
565.0;11.249
565.5;7.65
566.0;8.635
566.5;11.559
567.0;10.471
567.5;6.474
568.0;11.701
568.5;24.885
569.0;11.104
569.5;9.422
570.0;7.522
570.5;16.757
571.0;9.667
571.5;11.663
572.0;24.814
572.5;10.833
573.0;15.625
573.5;4.684
574.0;9.126
574.5;11.524
575.0;10.739
575.5;10.292
576.0;8.24
576.5;16.573
577.0;16.896
577.5;6.55
578.0;21.124
578.5;18.49
579.0;12.534
579.5;2.928
580.0;28.853
580.5;12.506
581.0;19.163
581.5;31.16
582.0;18.299
582.5;28.149
583.0;12.696
583.5;30.155
584.0;2.008
584.5;23.048
585.0;23.372
585.5;4.328
586.0;26.896
586.5;13.967
587.0;18.719
587.5;51.087
588.0;35.782
588.5;20.928
589.0;71.21
589.5;108.119
590.0;132.678
590.5;24.34
591.0;70.559
591.5;42.771
592.0;72.7
592.5;80.044
593.0;32.738
593.5;86.872
594.0;2.939
594.5;46.786
595.0;41.186
595.5;11.607
596.0;28.697
596.5;19.63
597.0;25.827
597.5;17.962
598.0;36.859
598.5;24.049
599.0;28.584
599.5;26.33
600.0;46.921
600.5;24.464
601.0;24.341
601.5;44.885
602.0;26.892
602.5;44.143
603.0;40.79
603.5;32.791
604.0;29.192
604.5;23.866
605.0;40.214
605.5;2.066
606.0;22.885
606.5;14.719
607.0;35.042
607.5;4.479
608.0;50.958
608.5;25.205
609.0;19.033
609.5;52.453
610.0;33.154
610.5;42.596
611.0;20.051
611.5;54.284
612.0;10.536
612.5;78.371
613.0;56.072
613.5;51.133
614.0;43.801
614.5;41.294
615.0;62.267
615.5;39.124
616.0;83.71
616.5;54.557
617.0;45.312
617.5;37.832
618.0;46.732
618.5;38.682
619.0;37.711
619.5;40.989
620.0;20.853
620.5;39.497
621.0;43.253
621.5;47.914
622.0;6.045
622.5;78.326
623.0;76.49
623.5;30.225
624.0;52.801
624.5;29.769
625.0;80.765
625.5;95.706
626.0;187.406
626.5;166.381
627.0;114.689
627.5;80.682
628.0;27.374
628.5;3.176
629.0;75.499
629.5;72.928
630.0;20.453
630.5;39.655
631.0;43.351
631.5;38.339
632.0;3.97
632.5;24.572
633.0;17.016
633.5;13.773
634.0;34.484
634.5;38.601
635.0;18.092
635.5;15.58
636.0;38.974
636.5;20.999
637.0;20.999
637.5;21.141
638.0;3.917
638.5;10.117
639.0;6.165
639.5;13.932
640.0;16.871
640.5;4.089
641.0;11.338
641.5;4.28
642.0;13.666
642.5;12.865
643.0;9.974
643.5;16.013
644.0;20.397
644.5;13.449
645.0;9.082
645.5;9.312
646.0;7.221
646.5;9.175
647.0;24.871
647.5;12.517
648.0;14.88
648.5;10.384
649.0;12.254
649.5;15.519
650.0;6.5
650.5;13.252
651.0;19.281
651.5;10.772
652.0;4.864
652.5;9.01
653.0;10.826
653.5;30.694
654.0;22.279
654.5;20.393
655.0;11.545
655.5;32.854
656.0;17.58
656.5;82.022
657.0;112.843
657.5;55.025
658.0;16.94
658.5;83.779
659.0;126.237
659.5;62.624
660.0;44.47
660.5;20.169
661.0;23.537
661.5;17.72
662.0;9.527
662.5;3.635
663.0;13.509
663.5;9.367
664.0;19.023
664.5;11.882
665.0;4.967
665.5;1.093
666.0;8.878
666.5;5.616
667.0;10.571
667.5;2.684
668.0;6.373
668.5;16.372
669.0;9.332
669.5;10.903
670.0;16.345
670.5;10.447
671.0;8.229
671.5;13.764
672.0;9.542
672.5;2.708
673.0;10.039
673.5;6.445
674.0;3.811
674.5;5.914
675.0;2.486
675.5;8.579
676.0;4.365
676.5;3.052
677.0;9.482
677.5;3.666
678.0;7.637
678.5;14.939
679.0;8.683
679.5;4.487
680.0;6.406
680.5;10.061
681.0;15.362
681.5;16.665
682.0;5.671
682.5;11.75
683.0;16.776
683.5;9.596
684.0;12.717
684.5;9.692
685.0;7.433
685.5;20.152
686.0;11.545
686.5;14.212
687.0;16.801
687.5;6.669
688.0;12.391
688.5;15.197
689.0;3.218
689.5;35.083
690.0;183.091
690.5;89.739
691.0;48.036
691.5;34.053
692.0;3.454
692.5;22.838
693.0;17.168
693.5;16.569
694.0;16.62
694.5;3.882
695.0;8.998
695.5;18.594
696.0;7.528
696.5;4.701
697.0;7.588
697.5;0.415
698.0;3.582
698.5;6.706
699.0;9.893
699.5;19.286
700.0;15.439
700.5;11.298
701.0;10.635
701.5;6.739
702.0;27.826
702.5;53.984
703.0;45.329
703.5;52.722
704.0;38.606
704.5;31.999
705.0;9.796
705.5;18.917
706.0;12.719
706.5;4.249
707.0;5.301
707.5;13.452
708.0;10.304
708.5;14.725
709.0;6.121
709.5;12.67
710.0;2.328
710.5;13.005
711.0;9.355
711.5;12.806
712.0;10.161
712.5;14.154
713.0;11.385
713.5;6.0
714.0;10.183
714.5;10.545
715.0;2.225
715.5;6.29
716.0;10.71
716.5;9.467
717.0;4.887
717.5;8.874
718.0;12.834
718.5;14.663
719.0;8.781
719.5;19.728
720.0;15.833
720.5;6.618
721.0;9.295
721.5;5.572
722.0;25.256
722.5;17.099
723.0;34.564
723.5;23.273
724.0;51.209
724.5;43.684
725.0;146.613
725.5;200.503
726.0;130.348
726.5;51.909
727.0;56.056
727.5;21.428
728.0;29.05
728.5;27.286
729.0;10.158
729.5;17.009
730.0;17.01
730.5;7.56
731.0;19.128
731.5;14.406
732.0;7.542
732.5;11.92
733.0;9.253
733.5;14.269
734.0;21.795
734.5;14.481
735.0;15.302
735.5;25.651
736.0;35.838
736.5;20.539
737.0;49.09
737.5;64.669
738.0;61.167
738.5;35.335
739.0;36.628
739.5;18.464
740.0;20.535
740.5;17.137
741.0;14.641
741.5;3.583
742.0;15.886
742.5;5.799
743.0;8.242
743.5;13.93
744.0;8.163
744.5;9.808
745.0;18.9
745.5;7.808
746.0;7.182
746.5;6.068
747.0;6.476
747.5;6.001
748.0;10.686
748.5;2.106
749.0;10.333
749.5;19.156
750.0;9.118
750.5;16.175
751.0;21.609
751.5;7.862
752.0;18.47
752.5;12.907
753.0;16.228
753.5;21.843
754.0;14.969
754.5;20.961
755.0;26.146
755.5;15.702
756.0;27.673
756.5;17.275
757.0;15.333
757.5;19.533
758.0;18.378
758.5;9.425
759.0;14.548
759.5;5.731
760.0;6.353
760.5;9.944
761.0;6.725
761.5;10.827
762.0;10.473
762.5;7.986
763.0;6.291
763.5;5.807
764.0;14.471
764.5;15.642
765.0;15.356
765.5;28.104
766.0;17.31
766.5;9.861
767.0;25.12
767.5;23.814
768.0;28.819
768.5;25.278
769.0;17.347
769.5;33.268
770.0;36.407
770.5;14.634
771.0;28.7
771.5;33.77
772.0;24.632
772.5;28.386
773.0;20.824
773.5;12.269
774.0;51.338
774.5;30.515
775.0;39.245
775.5;32.671
776.0;67.754
776.5;51.766
777.0;77.326
777.5;24.657
778.0;60.802
778.5;62.539
779.0;77.33
779.5;55.36
780.0;54.66
780.5;41.973
781.0;64.079
781.5;45.43
782.0;37.44
782.5;46.984
783.0;85.401
783.5;113.199
784.0;104.027
784.5;83.616
785.0;76.22
785.5;162.674
786.0;120.981
786.5;181.718
787.0;70.9
787.5;207.66
788.0;292.65
788.5;475.805
789.0;525.679
789.5;420.525
790.0;371.101
790.5;383.117
791.0;356.565
791.5;286.691
792.0;240.28
792.5;226.594
793.0;220.207
793.5;134.046
794.0;87.624
794.5;85.175
795.0;87.978
795.5;82.909
796.0;84.085
796.5;69.163
797.0;84.885
797.5;73.616
798.0;59.453
798.5;25.021
799.0;23.954
799.5;13.446
800.0;29.331
800.5;24.154
801.0;23.867
801.5;21.627
802.0;28.366
802.5;18.938
803.0;3.05
803.5;2.202
804.0;0.721
804.5;27.012
805.0;9.819
805.5;23.8
806.0;7.587
806.5;12.884
807.0;16.018
807.5;11.381
808.0;2.893
808.5;19.856
809.0;20.715
809.5;17.074
810.0;18.049
810.5;20.935
811.0;10.406
811.5;17.929
812.0;28.805
812.5;24.5
813.0;24.167
813.5;22.469
814.0;12.954
814.5;22.851
815.0;23.765
815.5;16.875
816.0;12.052
816.5;13.188
817.0;8.048
817.5;12.531
818.0;3.375
818.5;4.746
819.0;3.604
819.5;4.099
820.0;3.472
820.5;6.498
821.0;9.319
821.5;7.517
822.0;8.451
822.5;9.772
823.0;14.58
823.5;11.657
824.0;7.395
824.5;13.365
825.0;7.395
825.5;7.796
826.0;3.649
826.5;3.655
827.0;5.347
827.5;9.445
828.0;1.707
828.5;13.465
829.0;10.199
829.5;5.652
830.0;9.699
830.5;4.375
831.0;7.916
831.5;10.832
832.0;7.632
832.5;7.433
833.0;3.917
833.5;4.109
834.0;2.129
834.5;4.156
835.0;4.86
835.5;3.404
836.0;4.626
836.5;6.113
837.0;4.268
837.5;8.068
838.0;4.607
838.5;6.152
839.0;5.333
839.5;3.632
840.0;2.041
840.5;10.858
841.0;7.168
841.5;10.504
842.0;6.03
842.5;4.778
843.0;7.321
843.5;6.124
844.0;4.678
844.5;8.109
845.0;2.089
845.5;8.385
846.0;5.685
846.5;10.134
847.0;9.991
847.5;4.537
848.0;16.456
848.5;11.467
849.0;5.872
849.5;16.637
850.0;7.4
850.5;4.057
851.0;13.001
851.5;6.297
852.0;8.957
852.5;14.389
853.0;7.132
853.5;22.063
854.0;16.083
854.5;11.794
855.0;9.142
855.5;6.48
856.0;7.527
856.5;6.299
857.0;8.304
857.5;8.808
858.0;20.481
858.5;17.631
859.0;30.863
859.5;71.162
860.0;66.376
860.5;24.007
861.0;16.009
861.5;8.79
862.0;8.321
862.5;12.165
863.0;13.363
863.5;8.639
864.0;5.701
864.5;7.704
865.0;7.467
865.5;8.337
866.0;0.26
866.5;7.339
867.0;4.01
867.5;1.766
868.0;10.74
868.5;7.691
869.0;5.99
869.5;9.243
870.0;4.296
870.5;9.143
871.0;6.791
871.5;8.002
872.0;7.892
872.5;7.666
873.0;5.367
873.5;5.185
874.0;8.444
874.5;8.88
875.0;6.93
875.5;5.479
876.0;4.382
876.5;2.777
877.0;6.291
877.5;6.238
878.0;7.607
878.5;4.646
879.0;15.059
879.5;1.634
880.0;15.496
880.5;11.684
881.0;14.128
881.5;4.607
882.0;25.71
882.5;4.499
883.0;27.352
883.5;11.697
884.0;32.775
884.5;57.618
885.0;63.68
885.5;69.91
886.0;23.094
886.5;59.245
887.0;22.338
887.5;17.706
888.0;21.371
888.5;44.403
889.0;73.558
889.5;37.932
890.0;7.086
890.5;8.451
891.0;3.297
891.5;1.247
892.0;10.819
892.5;6.101
893.0;11.572
893.5;9.538
894.0;3.125
894.5;8.722
895.0;2.345
895.5;2.108
896.0;8.128
896.5;11.258
897.0;1.366
897.5;6.048
898.0;5.071
898.5;6.033
899.0;8.539
899.5;7.874
900.0;9.335
900.5;11.917
901.0;9.989
901.5;4.391
902.0;14.063
902.5;8.902
903.0;13.918
903.5;7.704
904.0;10.099
904.5;6.671
905.0;3.027
905.5;12.193
906.0;5.122
906.5;8.553
907.0;5.274
907.5;8.45
908.0;8.148
908.5;2.136
909.0;8.501
909.5;3.378
910.0;6.499
910.5;8.472
911.0;3.477
911.5;0.648
912.0;4.939
912.5;2.121
913.0;4.634
913.5;7.258
914.0;4.094
914.5;4.969
915.0;2.192
915.5;3.196
916.0;1.636
916.5;6.583
917.0;6.588
917.5;6.825
918.0;9.171
918.5;10.074
919.0;6.991
919.5;11.922
920.0;16.239
920.5;16.758
921.0;16.582
921.5;31.585
922.0;15.178
922.5;17.666
923.0;10.582
923.5;15.462
924.0;6.981
924.5;13.883
925.0;7.799
925.5;1.952
926.0;12.028
926.5;18.172
927.0;10.071
927.5;26.064
928.0;30.467
928.5;25.081
929.0;16.4
929.5;19.083
930.0;15.136
930.5;12.843
931.0;17.355
931.5;15.614
932.0;6.443
932.5;19.637
933.0;16.977
933.5;13.301
934.0;19.884
934.5;11.871
935.0;14.755
935.5;14.991
936.0;10.535
936.5;12.946
937.0;9.89
937.5;5.341
938.0;4.636
938.5;6.232
939.0;8.116
939.5;7.75
940.0;1.367
940.5;8.097
941.0;3.7
941.5;6.596
942.0;2.333
942.5;7.408
943.0;7.082
943.5;9.672
944.0;6.398
944.5;4.802
945.0;7.266
945.5;8.772
946.0;1.47
946.5;8.72
947.0;5.404
947.5;2.04
948.0;5.916
948.5;7.44
949.0;6.67
949.5;13.497
950.0;3.253
950.5;2.52
951.0;7.552
951.5;4.604
952.0;4.201
952.5;2.683
953.0;2.421
953.5;3.067
954.0;4.711
954.5;4.442
955.0;3.45
955.5;4.9
956.0;7.616
956.5;8.676
957.0;12.69
957.5;1.276
958.0;9.263
958.5;7.07
959.0;8.934
959.5;6.219
960.0;4.047
960.5;2.58
961.0;8.356
961.5;3.843
962.0;4.537
962.5;12.625
963.0;7.871
963.5;3.985
964.0;9.808
964.5;8.366
965.0;4.299
965.5;10.88
966.0;4.78
966.5;12.798
967.0;8.194
967.5;13.224
968.0;5.873
968.5;8.469
969.0;4.063
969.5;10.621
970.0;4.553
970.5;8.01
971.0;7.168
971.5;9.368
972.0;9.98
972.5;4.545
973.0;7.239
973.5;4.442
974.0;7.261
974.5;4.702
975.0;5.391
975.5;5.266
976.0;7.821
976.5;12.152
977.0;4.702
977.5;10.668
978.0;9.248
978.5;10.181
979.0;14.026
979.5;15.022
980.0;21.116
980.5;14.808
981.0;17.393
981.5;17.428
982.0;18.872
982.5;7.671
983.0;15.816
983.5;17.246
984.0;27.176
984.5;36.246
985.0;78.284
985.5;100.373
986.0;64.14
986.5;30.852
987.0;44.331
987.5;29.973
988.0;54.822
988.5;103.373
989.0;119.146
989.5;53.21
990.0;33.911
990.5;21.182
991.0;19.011
991.5;20.676
992.0;13.857
992.5;22.269
993.0;21.359
993.5;30.719
994.0;21.779
994.5;32.54
995.0;53.879
995.5;49.922
996.0;81.178
996.5;10.783
997.0;29.73
997.5;10.942
998.0;9.221
998.5;15.621
999.0;7.756
999.5;17.031
1000.0;11.17
1000.5;19.479
1001.0;7.117
1001.5;14.079
1002.0;10.598
1002.5;9.309
1003.0;8.539
1003.5;5.709
1004.0;10.235
1004.5;6.104
1005.0;8.705
1005.5;4.034
1006.0;9.48
1006.5;5.051
1007.0;4.835
1007.5;7.114
1008.0;6.66
1008.5;10.545
1009.0;7.611
1009.5;2.738
1010.0;10.662
1010.5;4.679
1011.0;4.95
1011.5;4.63
1012.0;5.102
1012.5;5.597
1013.0;9.009
1013.5;14.128
1014.0;9.145
1014.5;11.356
1015.0;6.219
1015.5;8.728
1016.0;6.025
1016.5;12.677
1017.0;5.311
1017.5;15.353
1018.0;5.149
1018.5;9.641
1019.0;14.687
1019.5;17.891
1020.0;7.35
1020.5;4.848
1021.0;10.593
1021.5;6.476
1022.0;8.439
1022.5;5.272
1023.0;2.005
1023.5;9.852
1024.0;10.057
1024.5;10.017
1025.0;7.467
1025.5;2.136
1026.0;12.653
1026.5;15.117
1027.0;23.971
1027.5;6.631
1028.0;7.926
1028.5;8.79
1029.0;20.037
1029.5;13.132
1030.0;6.573
1030.5;7.752
1031.0;14.469
1031.5;23.444
1032.0;27.787
1032.5;11.772
1033.0;28.298
1033.5;24.948
1034.0;24.043
1034.5;21.953
1035.0;2.116
1035.5;20.575
1036.0;13.642
1036.5;20.399
1037.0;21.153
1037.5;22.663
1038.0;20.862
1038.5;27.343
1039.0;21.841
1039.5;5.565
1040.0;17.107
1040.5;11.089
1041.0;16.555
1041.5;22.083
1042.0;33.602
1042.5;18.815
1043.0;15.442
1043.5;25.708
1044.0;33.324
1044.5;22.984
1045.0;37.142
1045.5;30.118
1046.0;19.621
1046.5;25.556
1047.0;17.6
1047.5;18.679
1048.0;22.735
1048.5;28.875
1049.0;22.824
1049.5;31.731
1050.0;22.533
1050.5;28.831
1051.0;22.272
1051.5;37.355
1052.0;69.576
1052.5;50.741
1053.0;107.309
1053.5;190.923
1054.0;217.618
1054.5;361.916
1055.0;665.061
1055.5;757.523
1056.0;568.418
1056.5;460.22
1057.0;330.506
1057.5;252.082
1058.0;201.814
1058.5;184.992
1059.0;157.335
1059.5;124.348
1060.0;112.825
1060.5;106.781
1061.0;88.008
1061.5;102.455
1062.0;90.079
1062.5;75.838
1063.0;79.686
1063.5;90.858
1064.0;38.857
1064.5;44.055
1065.0;36.129
1065.5;23.792
1066.0;17.253
1066.5;7.992
1067.0;7.827
1067.5;22.094
1068.0;29.23
1068.5;12.092
1069.0;25.959
1069.5;19.605
1070.0;18.627
1070.5;13.216
1071.0;16.0
1071.5;7.234
1072.0;11.462
1072.5;19.526
1073.0;12.236
1073.5;30.965
1074.0;29.937
1074.5;27.413
1075.0;14.366
1075.5;21.441
1076.0;16.67
1076.5;13.295
1077.0;14.644
1077.5;17.808
1078.0;11.389
1078.5;14.957
1079.0;27.812
1079.5;34.227
1080.0;31.924
1080.5;32.622
1081.0;27.081
1081.5;14.71
1082.0;29.521
1082.5;23.413
1083.0;20.31
1083.5;19.067
1084.0;18.889
1084.5;19.056
1085.0;20.977
1085.5;26.596
1086.0;16.013
1086.5;37.981
1087.0;13.999
1087.5;43.678
1088.0;11.322
1088.5;76.357
1089.0;108.238
1089.5;53.493
1090.0;33.357
1090.5;26.78
1091.0;8.982
1091.5;21.206
1092.0;4.679
1092.5;18.784
1093.0;11.913
1093.5;15.861
1094.0;19.027
1094.5;30.021
1095.0;24.897
1095.5;23.185
1096.0;17.277
1096.5;22.282
1097.0;15.9
1097.5;26.653
1098.0;15.599
1098.5;14.49
1099.0;15.513
1099.5;10.465
1100.0;16.525
1100.5;14.374
1101.0;15.658
1101.5;14.583
1102.0;13.427
1102.5;7.919
1103.0;18.249
1103.5;5.394
1104.0;3.238
1104.5;8.812
1105.0;9.062
1105.5;3.639
1106.0;3.064
1106.5;3.339
1107.0;8.688
1107.5;10.578
1108.0;4.579
1108.5;12.949
1109.0;17.372
1109.5;11.332
1110.0;9.424
1110.5;12.837
1111.0;12.434
1111.5;5.738
1112.0;5.494
1112.5;2.975
1113.0;11.583
1113.5;10.258
1114.0;10.908
1114.5;8.251
1115.0;10.469
1115.5;11.353
1116.0;5.234
1116.5;4.096
1117.0;3.141
1117.5;2.866
1118.0;3.738
1118.5;8.053
1119.0;8.118
1119.5;4.617
1120.0;7.739
1120.5;12.624
1121.0;7.4
1121.5;5.54
1122.0;8.139
1122.5;3.987
1123.0;3.338
1123.5;1.646
1124.0;2.25
1124.5;4.787
1125.0;2.096
1125.5;4.909
1126.0;8.475
1126.5;8.385
1127.0;2.98
1127.5;5.169
1128.0;7.34
1128.5;8.789
1129.0;10.114
1129.5;6.975
1130.0;6.996
1130.5;5.579
1131.0;8.785
1131.5;13.996
1132.0;9.388
1132.5;11.295
1133.0;11.376
1133.5;2.416
1134.0;6.558
1134.5;5.215
1135.0;4.459
1135.5;3.74
1136.0;7.708
1136.5;5.417
1137.0;7.132
1137.5;5.718
1138.0;6.137
1138.5;6.984
1139.0;6.02
1139.5;6.32
1140.0;3.455
1140.5;7.179
1141.0;3.926
1141.5;6.481
1142.0;3.174
1142.5;3.43
1143.0;5.453
1143.5;5.17
1144.0;5.436
1144.5;6.516
1145.0;5.41
1145.5;2.465
1146.0;3.37
1146.5;0.155
1147.0;2.822
1147.5;2.101
1148.0;9.314
1148.5;2.164
1149.0;2.521
1149.5;3.581
1150.0;1.284
1150.5;2.143
1151.0;6.251
1151.5;2.603
1152.0;3.922
1152.5;9.265
1153.0;2.079
1153.5;4.574
1154.0;5.198
1154.5;1.976
1155.0;6.354
1155.5;3.397
1156.0;4.104
1156.5;4.074
1157.0;3.361
1157.5;1.518
1158.0;0.726
1158.5;8.136
1159.0;2.193
1159.5;6.129
1160.0;5.244
1160.5;4.713
1161.0;1.836
1161.5;4.032
1162.0;2.989
1162.5;4.608
1163.0;1.079
1163.5;5.754
1164.0;14.303
1164.5;5.513
1165.0;6.401
1165.5;5.127
1166.0;8.533
1166.5;8.571
1167.0;1.113
1167.5;2.295
1168.0;9.078
1168.5;12.579
1169.0;9.138
1169.5;6.718
1170.0;3.943
1170.5;14.529
1171.0;5.477
1171.5;15.908
1172.0;6.045
1172.5;10.88
1173.0;14.294
1173.5;29.196
1174.0;5.545
1174.5;12.591
1175.0;3.783
1175.5;20.547
1176.0;16.934
1176.5;6.612
1177.0;1.6
1177.5;27.492
1178.0;23.782
1178.5;20.55
1179.0;12.907
1179.5;23.984
1180.0;28.658
1180.5;28.543
1181.0;27.013
1181.5;9.616
1182.0;57.181
1182.5;18.224
1183.0;79.244
1183.5;69.797
1184.0;66.181
1184.5;42.653
1185.0;224.811
1185.5;97.586
1186.0;52.248
1186.5;39.262
1187.0;82.546
1187.5;56.131
1188.0;37.121
1188.5;28.895
1189.0;24.371
1189.5;81.79
1190.0;66.71
1190.5;25.33
1191.0;15.716
1191.5;17.157
1192.0;7.966
1192.5;25.932
1193.0;4.908
1193.5;3.095
1194.0;16.052
1194.5;7.03
1195.0;8.334
1195.5;7.237
1196.0;2.73
1196.5;5.447
1197.0;5.669
1197.5;1.933
1198.0;8.32
1198.5;14.373
1199.0;10.596
1199.5;6.834
1200.0;12.898
1200.5;15.177
1201.0;17.366
1201.5;3.669
1202.0;1.095
1202.5;1.804
1203.0;5.857
1203.5;4.245
1204.0;8.066
1204.5;4.174
1205.0;5.768
1205.5;14.691
1206.0;8.048
1206.5;2.957
1207.0;8.429
1207.5;8.337
1208.0;7.422
1208.5;10.158
1209.0;10.312
1209.5;7.075
1210.0;7.475
1210.5;6.935
1211.0;9.61
1211.5;9.431
1212.0;8.136
1212.5;10.466
1213.0;5.032
1213.5;6.427
1214.0;4.304
1214.5;7.041
1215.0;6.02
1215.5;5.065
1216.0;3.196
1216.5;0.699
1217.0;6.794
1217.5;3.121
1218.0;4.358
1218.5;4.086
1219.0;3.867
1219.5;5.982
1220.0;2.211
1220.5;6.594
1221.0;6.786
1221.5;7.348
1222.0;6.169
1222.5;5.437
1223.0;2.591
1223.5;3.975
1224.0;2.599
1224.5;2.099
1225.0;9.548
1225.5;3.449
1226.0;3.074
1226.5;4.815
1227.0;2.156
1227.5;5.431
1228.0;2.028
1228.5;2.727
1229.0;5.89
1229.5;1.929
1230.0;5.954
1230.5;1.147
1231.0;3.229
1231.5;3.555
1232.0;4.462
1232.5;4.26
1233.0;7.684
1233.5;4.385
1234.0;2.623
1234.5;6.108
1235.0;6.648
1235.5;1.954
1236.0;1.092
1236.5;2.123
1237.0;2.967
1237.5;2.114
1238.0;3.002
1238.5;3.299
1239.0;2.506
1239.5;3.966
1240.0;4.675
1240.5;7.677
1241.0;5.287
1241.5;5.164
1242.0;0.512
1242.5;3.926
1243.0;7.974
1243.5;11.765
1244.0;3.359
1244.5;3.537
1245.0;3.814
1245.5;6.234
1246.0;6.589
1246.5;11.156
1247.0;9.452
1247.5;8.082
1248.0;2.383
1248.5;4.203
1249.0;7.251
1249.5;3.538
1250.0;4.538
1250.5;6.409
1251.0;1.471
1251.5;11.521
1252.0;3.441
1252.5;5.595
1253.0;15.544
1253.5;29.842
1254.0;25.678
1254.5;26.077
1255.0;21.626
1255.5;42.85
1256.0;22.334
1256.5;109.896
1257.0;123.837
1257.5;60.625
1258.0;26.098
1258.5;17.452
1259.0;10.162
1259.5;5.815
1260.0;12.257
1260.5;7.867
1261.0;11.046
1261.5;2.568
1262.0;9.533
1262.5;1.441
1263.0;10.855
1263.5;11.465
1264.0;11.627
1264.5;4.739
1265.0;9.789
1265.5;4.275
1266.0;4.053
1266.5;7.687
1267.0;11.864
1267.5;4.287
1268.0;7.91
1268.5;10.888
1269.0;8.46
1269.5;31.292
1270.0;41.655
1270.5;16.552
1271.0;13.412
1271.5;12.195
1272.0;5.523
1272.5;5.657
1273.0;5.278
1273.5;1.296
1274.0;3.408
1274.5;2.308
1275.0;3.949
1275.5;7.232
1276.0;3.362
1276.5;3.763
1277.0;6.785
1277.5;9.041
1278.0;2.476
1278.5;4.936
1279.0;6.536
1279.5;1.819
1280.0;6.81
1280.5;2.07
1281.0;4.283
1281.5;1.99
1282.0;4.467
1282.5;5.321
1283.0;3.384
1283.5;3.772
1284.0;6.609
1284.5;2.214
1285.0;7.167
1285.5;1.709
1286.0;6.507
1286.5;3.476
1287.0;8.604
1287.5;8.012
1288.0;9.289
1288.5;5.106
1289.0;5.43
1289.5;4.377
1290.0;17.076
1290.5;33.277
1291.0;29.38
1291.5;12.238
1292.0;8.854
1292.5;7.433
1293.0;9.044
1293.5;7.47
1294.0;3.677
1294.5;3.95
1295.0;2.853
1295.5;4.965
1296.0;6.091
1296.5;4.484
1297.0;3.232
1297.5;1.331
1298.0;1.83
1298.5;3.188
1299.0;2.183
1299.5;2.791
1300.0;2.52
1300.5;2.371
1301.0;1.566
1301.5;1.427
1302.0;3.19
1302.5;1.497
1303.0;3.821
1303.5;4.934
1304.0;5.184
1304.5;3.55
1305.0;4.765
1305.5;2.544
1306.0;3.18
1306.5;4.426
1307.0;3.878
1307.5;5.13
1308.0;7.913
1308.5;3.532
1309.0;5.632
1309.5;5.426
1310.0;5.787
1310.5;3.321
1311.0;2.659
1311.5;4.202
1312.0;4.11
1312.5;4.519
1313.0;3.739
1313.5;4.139
1314.0;4.655
1314.5;5.305
1315.0;0.985
1315.5;4.851
1316.0;1.023
1316.5;1.885
1317.0;1.436
1317.5;1.993
1318.0;5.642
1318.5;4.337
1319.0;10.706
1319.5;24.745
1320.0;28.885
1320.5;19.861
1321.0;6.903
1321.5;4.368
1322.0;8.585
1322.5;16.216
1323.0;6.716
1323.5;1.501
1324.0;2.798
1324.5;2.648
1325.0;6.963
1325.5;3.242
1326.0;5.346
1326.5;1.309
1327.0;0.737
1327.5;5.666
1328.0;7.037
1328.5;5.418
1329.0;2.128
1329.5;1.447
1330.0;4.301
1330.5;7.078
1331.0;7.791
1331.5;6.576
1332.0;7.201
1332.5;9.864
1333.0;6.845
1333.5;6.058
1334.0;3.532
1334.5;1.343
1335.0;5.258
1335.5;1.767
1336.0;1.377
1336.5;6.327
1337.0;5.93
1337.5;3.875
1338.0;1.899
1338.5;4.76
1339.0;9.155
1339.5;4.958
1340.0;9.122
1340.5;7.803
1341.0;3.271
1341.5;4.27
1342.0;7.753
1342.5;3.363
1343.0;1.869
1343.5;1.157
1344.0;2.571
1344.5;3.408
1345.0;3.492
1345.5;3.983
1346.0;3.615
1346.5;3.702
1347.0;3.854
1347.5;1.215
1348.0;4.4
1348.5;3.287
1349.0;1.451
1349.5;3.313
1350.0;0.591
1350.5;3.427
1351.0;3.102
1351.5;3.391
1352.0;2.012
1352.5;3.449
1353.0;2.442
1353.5;4.587
1354.0;3.026
1354.5;0.307
1355.0;3.833
1355.5;6.642
1356.0;1.408
1356.5;1.444
1357.0;6.265
1357.5;1.995
1358.0;3.444
1358.5;2.049
1359.0;7.685
1359.5;1.379
1360.0;4.657
1360.5;7.705
1361.0;3.227
1361.5;4.691
1362.0;2.976
1362.5;3.895
1363.0;3.999
1363.5;4.467
1364.0;5.256
1364.5;0.019
1365.0;4.531
1365.5;2.438
1366.0;3.981
1366.5;4.39
1367.0;0.554
1367.5;7.883
1368.0;3.267
1368.5;4.891
1369.0;6.826
1369.5;3.464
1370.0;6.589
1370.5;2.277
1371.0;6.606
1371.5;7.982
1372.0;2.133
1372.5;7.823
1373.0;2.073
1373.5;3.068
1374.0;4.228
1374.5;8.578
1375.0;6.66
1375.5;8.019
1376.0;7.438
1376.5;11.298
1377.0;9.903
1377.5;13.017
1378.0;16.614
1378.5;13.204
1379.0;17.142
1379.5;12.882
1380.0;21.821
1380.5;20.452
1381.0;31.174
1381.5;30.826
1382.0;46.745
1382.5;58.847
1383.0;58.603
1383.5;35.062
1384.0;26.257
1384.5;25.466
1385.0;19.249
1385.5;18.763
1386.0;12.132
1386.5;7.954
1387.0;9.119
1387.5;8.699
1388.0;6.702
1388.5;6.018
1389.0;12.876
1389.5;2.559
1390.0;15.995
1390.5;12.944
1391.0;24.932
1391.5;32.912
1392.0;45.333
1392.5;26.557
1393.0;16.505
1393.5;11.794
1394.0;16.595
1394.5;8.095
1395.0;10.24
1395.5;4.958
1396.0;8.768
1396.5;3.039
1397.0;4.444
1397.5;3.366
1398.0;4.087
1398.5;4.6
1399.0;2.879
1399.5;7.129
1400.0;8.272
1400.5;3.509
1401.0;12.483
1401.5;5.477
1402.0;6.823
1402.5;8.276
1403.0;5.938
1403.5;7.279
1404.0;4.895
1404.5;9.836
1405.0;10.51
1405.5;6.842
1406.0;14.774
1406.5;20.994
1407.0;19.705
1407.5;39.465
1408.0;46.597
1408.5;45.755
1409.0;60.631
1409.5;32.274
1410.0;11.419
1410.5;20.001
1411.0;11.102
1411.5;13.632
1412.0;11.575
1412.5;6.247
1413.0;2.222
1413.5;1.012
1414.0;0.821
1414.5;2.964
1415.0;4.211
1415.5;4.834
1416.0;5.585
1416.5;0.072
1417.0;3.304
1417.5;0.661
1418.0;3.737
1418.5;2.245
1419.0;4.413
1419.5;4.305
1420.0;2.887
1420.5;2.135
1421.0;1.261
1421.5;5.109
1422.0;3.824
1422.5;1.751
1423.0;1.076
1423.5;2.06
1424.0;2.95
1424.5;3.505
1425.0;1.843
1425.5;1.619
1426.0;1.466
1426.5;2.506
1427.0;1.8
1427.5;1.282
1428.0;3.215
1428.5;2.997
1429.0;0.94
1429.5;0.619
1430.0;1.133
1430.5;5.316
1431.0;1.833
1431.5;2.315
1432.0;1.523
1432.5;1.811
1433.0;4.338
1433.5;1.139
1434.0;1.957
1434.5;1.737
1435.0;1.829
1435.5;5.624
1436.0;2.839
1436.5;0.851
1437.0;1.493
1437.5;2.618
1438.0;2.501
1438.5;2.131
1439.0;4.365
1439.5;0.368
1440.0;0.808
1440.5;3.718
1441.0;0.954
1441.5;4.824
1442.0;3.863
1442.5;1.427
1443.0;1.561
1443.5;2.873
1444.0;2.391
1444.5;3.979
1445.0;2.327
1445.5;2.142
1446.0;0.858
1446.5;2.881
1447.0;2.139
1447.5;2.393
1448.0;1.478
1448.5;2.502
1449.0;1.376
1449.5;1.03
1450.0;2.966
1450.5;3.812
1451.0;5.639
1451.5;6.395
1452.0;2.947
1452.5;11.516
1453.0;21.481
1453.5;8.541
1454.0;10.736
1454.5;4.03
1455.0;2.758
1455.5;1.104
1456.0;2.924
1456.5;4.166
1457.0;1.438
1457.5;1.072
1458.0;1.606
1458.5;4.479
1459.0;3.279
1459.5;3.04
1460.0;5.36
1460.5;4.078
1461.0;2.868
1461.5;5.332
1462.0;2.43
1462.5;3.159
1463.0;7.315
1463.5;2.513
1464.0;3.128
1464.5;3.249
1465.0;2.254
1465.5;2.424
1466.0;3.061
1466.5;0.527
1467.0;5.115
1467.5;1.872
1468.0;2.714
1468.5;1.531
1469.0;4.61
1469.5;3.63
1470.0;3.079
1470.5;3.053
1471.0;5.064
1471.5;1.01
1472.0;3.636
1472.5;5.492
1473.0;3.085
1473.5;2.26
1474.0;3.173
1474.5;5.511
1475.0;3.791
1475.5;4.246
1476.0;8.811
1476.5;12.702
1477.0;5.152
1477.5;10.391
1478.0;5.66
1478.5;16.858
1479.0;18.259
1479.5;41.741
1480.0;8.38
1480.5;28.209
1481.0;87.353
1481.5;9.32
1482.0;41.821
1482.5;14.273
1483.0;8.066
1483.5;5.074
1484.0;14.509
1484.5;3.36
1485.0;8.536
1485.5;6.452
1486.0;14.506
1486.5;2.586
1487.0;3.342
1487.5;4.408
1488.0;1.98
1488.5;5.521
1489.0;4.425
1489.5;7.851
1490.0;5.995
1490.5;5.061
1491.0;6.231
1491.5;6.225
1492.0;12.025
1492.5;4.945
1493.0;17.187
1493.5;27.29
1494.0;22.339
1494.5;13.772
1495.0;7.006
1495.5;14.011
1496.0;13.499
1496.5;10.534
1497.0;3.649
1497.5;5.231
1498.0;0.975
1498.5;6.481
1499.0;4.844
1499.5;0.498
1500.0;5.165
1500.5;4.953
1501.0;8.051
1501.5;1.861
1502.0;3.68
1502.5;5.915
1503.0;4.866
1503.5;1.896
1504.0;3.886
1504.5;3.484
1505.0;2.671
1505.5;0.822
1506.0;3.974
1506.5;3.265
1507.0;3.419
1507.5;3.013
1508.0;5.899
1508.5;4.247
1509.0;3.259
1509.5;4.49
1510.0;4.998
1510.5;0.575
1511.0;2.024
1511.5;0.926
1512.0;5.3
1512.5;2.132
1513.0;1.198
1513.5;0.624
1514.0;4.382
1514.5;3.43
1515.0;4.42
1515.5;2.161
1516.0;1.142
1516.5;2.784
1517.0;2.124
1517.5;7.747
1518.0;2.457
1518.5;7.73
1519.0;4.246
1519.5;1.319
1520.0;3.602
1520.5;1.475
1521.0;1.594
1521.5;6.49
1522.0;2.066
1522.5;2.575
1523.0;3.09
1523.5;1.836
1524.0;5.267
1524.5;3.62
1525.0;1.368
1525.5;5.025
1526.0;2.529
1526.5;3.831
1527.0;3.237
1527.5;0.336
1528.0;1.748
1528.5;4.183
1529.0;2.721
1529.5;3.386
1530.0;2.39
1530.5;2.431
1531.0;5.406
1531.5;3.2
1532.0;1.013
1532.5;3.308
1533.0;4.172
1533.5;1.57
1534.0;4.594
1534.5;3.339
1535.0;4.911
1535.5;3.038
1536.0;2.121
1536.5;1.915
1537.0;2.603
1537.5;5.667
1538.0;2.044
1538.5;2.338
1539.0;2.073
1539.5;2.484
1540.0;5.364
1540.5;5.041
1541.0;0.914
1541.5;2.013
1542.0;5.722
1542.5;2.747
1543.0;2.869
1543.5;3.839
1544.0;5.093
1544.5;0.447
1545.0;3.573
1545.5;1.625
1546.0;1.65
1546.5;1.977
1547.0;2.372
1547.5;2.754
1548.0;2.223
1548.5;1.015
1549.0;4.387
1549.5;3.279
1550.0;3.94
1550.5;7.806
1551.0;7.514
1551.5;11.904
1552.0;15.269
1552.5;13.935
1553.0;4.076
1553.5;2.733
1554.0;10.007
1554.5;2.674
1555.0;4.925
1555.5;5.306
1556.0;2.048
1556.5;3.939
1557.0;4.205
1557.5;2.252
1558.0;7.844
1558.5;3.541
1559.0;3.303
1559.5;5.165
1560.0;6.094
1560.5;5.132
1561.0;6.795
1561.5;3.56
1562.0;5.448
1562.5;2.257
1563.0;1.857
1563.5;1.964
1564.0;2.6
1564.5;2.862
1565.0;2.085
1565.5;5.38
1566.0;2.936
1566.5;6.391
1567.0;7.453
1567.5;6.291
1568.0;6.065
1568.5;4.036
1569.0;6.029
1569.5;9.765
1570.0;5.832
1570.5;7.081
1571.0;4.18
1571.5;4.622
1572.0;6.682
1572.5;8.164
1573.0;6.511
1573.5;8.001
1574.0;13.128
1574.5;2.73
1575.0;9.39
1575.5;14.267
1576.0;7.083
1576.5;18.828
1577.0;20.036
1577.5;24.629
1578.0;17.045
1578.5;3.028
1579.0;2.856
1579.5;17.987
1580.0;15.471
1580.5;19.673
1581.0;31.067
1581.5;78.362
1582.0;70.031
1582.5;40.865
1583.0;42.595
1583.5;41.438
1584.0;3.058
1584.5;24.291
1585.0;31.525
1585.5;18.693
1586.0;32.092
1586.5;29.388
1587.0;59.946
1587.5;24.601
1588.0;28.138
1588.5;47.099
1589.0;10.289
1589.5;37.647
1590.0;13.907
1590.5;5.851
1591.0;18.906
1591.5;26.802
1592.0;5.306
1592.5;18.238
1593.0;1.64
1593.5;5.887
1594.0;10.169
1594.5;9.761
1595.0;1.437
1595.5;10.93
1596.0;44.337
1596.5;55.557
1597.0;31.329
1597.5;13.77
1598.0;16.267
1598.5;12.685
1599.0;10.6
1599.5;9.195
1600.0;7.106
1600.5;7.339
1601.0;3.52
1601.5;5.035
1602.0;7.986
1602.5;8.784
1603.0;6.894
1603.5;2.682
1604.0;1.351
1604.5;2.163
1605.0;1.44
1605.5;1.84
1606.0;4.758
1606.5;3.866
1607.0;5.53
1607.5;3.759
1608.0;0.137
1608.5;2.57
1609.0;1.661
1609.5;3.805
1610.0;4.171
1610.5;6.201
1611.0;4.384
1611.5;5.607
1612.0;3.312
1612.5;2.499
1613.0;4.17
1613.5;0.204
1614.0;2.902
1614.5;3.449
1615.0;5.061
1615.5;4.748
1616.0;6.986
1616.5;7.243
1617.0;1.779
1617.5;4.719
1618.0;6.441
1618.5;0.734
1619.0;6.199
1619.5;5.038
1620.0;4.921
1620.5;6.346
1621.0;3.259
1621.5;2.432
1622.0;5.296
1622.5;2.514
1623.0;4.634
1623.5;10.699
1624.0;9.267
1624.5;7.239
1625.0;3.026
1625.5;3.147
1626.0;1.525
1626.5;3.913
1627.0;3.693
1627.5;5.075
1628.0;2.736
1628.5;4.067
1629.0;3.196
1629.5;7.168
1630.0;2.806
1630.5;3.182
1631.0;11.73
1631.5;17.747
1632.0;16.955
1632.5;24.391
1633.0;15.312
1633.5;8.363
1634.0;8.34
1634.5;2.5
1635.0;4.199
1635.5;5.504
1636.0;2.785
1636.5;1.64
1637.0;4.765
1637.5;3.777
1638.0;2.271
1638.5;2.647
1639.0;1.839
1639.5;2.009
1640.0;1.968
1640.5;1.769
1641.0;3.813
1641.5;2.593
1642.0;2.059
1642.5;0.628
1643.0;3.294
1643.5;3.702
1644.0;1.024
1644.5;1.712
1645.0;1.136
1645.5;0.492
1646.0;1.061
1646.5;3.405
1647.0;1.88
1647.5;3.647
1648.0;3.927
1648.5;3.659
1649.0;4.896
1649.5;1.912
1650.0;0.941
1650.5;1.609
1651.0;2.438
1651.5;1.583
1652.0;6.33
1652.5;2.53
1653.0;3.692
1653.5;1.978
1654.0;3.557
1654.5;2.925
1655.0;1.906
1655.5;3.183
1656.0;0.941
1656.5;4.074
1657.0;3.385
1657.5;2.683
1658.0;2.96
1658.5;2.995
1659.0;2.084
1659.5;3.042
1660.0;2.376
1660.5;2.12
1661.0;5.28
1661.5;3.023
1662.0;4.757
1662.5;2.752
1663.0;1.007
1663.5;4.117
1664.0;2.472
1664.5;3.792
1665.0;2.808
1665.5;2.397
1666.0;2.773
1666.5;0.751
1667.0;2.041
1667.5;1.719
1668.0;0.876
1668.5;1.647
1669.0;4.137
1669.5;1.692
1670.0;3.191
1670.5;1.218
1671.0;1.022
1671.5;1.019
1672.0;0.071
1672.5;1.423
1673.0;1.326
1673.5;1.764
1674.0;3.145
1674.5;3.748
1675.0;1.079
1675.5;0.952
1676.0;2.331
1676.5;6.456
1677.0;3.433
1677.5;6.515
1678.0;14.734
1678.5;8.691
1679.0;7.105
1679.5;5.39
1680.0;5.73
1680.5;1.607
1681.0;3.924
1681.5;4.384
1682.0;3.476
1682.5;2.605
1683.0;3.784
1683.5;2.126
1684.0;1.611
1684.5;3.058
1685.0;3.443
1685.5;2.144
1686.0;3.361
1686.5;2.975
1687.0;2.631
1687.5;1.398
1688.0;2.222
1688.5;2.454
1689.0;2.472
1689.5;1.251
1690.0;1.208
1690.5;2.326
1691.0;2.19
1691.5;1.811
1692.0;4.03
1692.5;1.695
1693.0;2.853
1693.5;1.154
1694.0;5.946
1694.5;12.159
1695.0;5.203
1695.5;5.896
1696.0;6.401
1696.5;0.936
1697.0;2.087
1697.5;2.969
1698.0;3.85
1698.5;2.378
1699.0;1.078
1699.5;0.922
1700.0;1.474
1700.5;2.382
1701.0;0.721
1701.5;2.494
1702.0;0.23
1702.5;2.894
1703.0;1.19
1703.5;1.21
1704.0;1.387
1704.5;1.409
1705.0;0.349
1705.5;2.719
1706.0;3.986
1706.5;0.897
1707.0;2.112
1707.5;1.914
1708.0;4.191
1708.5;2.319
1709.0;3.579
1709.5;3.552
1710.0;3.633
1710.5;3.122
1711.0;2.781
1711.5;3.26
1712.0;3.28
1712.5;3.003
1713.0;2.336
1713.5;3.819
1714.0;3.708
1714.5;4.568
1715.0;2.459
1715.5;5.022
1716.0;2.986
1716.5;3.587
1717.0;0.692
1717.5;4.855
1718.0;3.035
1718.5;2.173
1719.0;3.927
1719.5;4.107
1720.0;7.782
1720.5;9.648
1721.0;24.253
1721.5;27.864
1722.0;23.847
1722.5;16.543
1723.0;14.087
1723.5;7.522
1724.0;5.397
1724.5;1.724
1725.0;2.672
1725.5;1.557
1726.0;1.715
1726.5;1.465
1727.0;2.724
1727.5;3.824
1728.0;1.099
1728.5;1.935
1729.0;1.805
1729.5;3.027
1730.0;2.243
1730.5;4.017
1731.0;2.592
1731.5;1.761
1732.0;2.823
1732.5;3.155
1733.0;2.042
1733.5;2.524
1734.0;1.451
1734.5;1.441
1735.0;1.588
1735.5;1.13
1736.0;1.841
1736.5;0.808
1737.0;1.457
1737.5;0.593
1738.0;1.286
1738.5;1.054
1739.0;1.845
1739.5;0.961
1740.0;1.671
1740.5;2.169
1741.0;1.678
1741.5;1.118
1742.0;2.174
1742.5;3.381
1743.0;2.99
1743.5;4.217
1744.0;4.205
1744.5;3.708
1745.0;0.538
1745.5;0.529
1746.0;0.456
1746.5;1.24
1747.0;5.398
1747.5;2.483
1748.0;1.222
1748.5;2.623
1749.0;4.568
1749.5;0.299
1750.0;0.795
1750.5;3.646
1751.0;5.877
1751.5;5.021
1752.0;1.263
1752.5;2.02
1753.0;4.727
1753.5;2.689
1754.0;6.077
1754.5;1.031
1755.0;6.152
1755.5;7.021
1756.0;1.628
1756.5;4.552
1757.0;6.77
1757.5;4.957
1758.0;2.823
1758.5;4.328
1759.0;4.801
1759.5;5.598
1760.0;5.425
1760.5;4.002
1761.0;5.554
1761.5;6.826
1762.0;6.829
1762.5;2.724
1763.0;10.014
1763.5;16.996
1764.0;19.367
1764.5;22.105
1765.0;21.581
1765.5;17.487
1766.0;10.076
1766.5;6.392
1767.0;6.43
1767.5;8.933
1768.0;4.495
1768.5;1.85
1769.0;0.508
1769.5;3.228
1770.0;2.768
1770.5;3.713
1771.0;3.884
1771.5;5.384
1772.0;3.111
1772.5;3.623
1773.0;3.437
1773.5;4.061
1774.0;4.644
1774.5;4.337
1775.0;5.652
1775.5;3.656
1776.0;2.717
1776.5;10.049
1777.0;5.827
1777.5;4.95
1778.0;6.46
1778.5;15.077
1779.0;9.946
1779.5;21.274
1780.0;26.592
1780.5;19.872
1781.0;17.986
1781.5;0.47
1782.0;7.612
1782.5;12.842
1783.0;9.812
1783.5;9.026
1784.0;19.328
1784.5;4.037
1785.0;1.188
1785.5;3.115
1786.0;12.368
1786.5;6.473
1787.0;3.832
1787.5;4.258
1788.0;6.373
1788.5;2.835
1789.0;4.433
1789.5;1.473
1790.0;1.111
1790.5;2.226
1791.0;3.298
1791.5;1.139
1792.0;1.115
1792.5;1.83
1793.0;3.944
1793.5;1.816
1794.0;3.227
1794.5;2.251
1795.0;1.166
1795.5;1.745
1796.0;4.011
1796.5;1.811
1797.0;1.572
1797.5;1.483
1798.0;2.448
1798.5;4.174
1799.0;1.754
1799.5;4.937
1800.0;0.8
1800.5;4.903
1801.0;1.797
1801.5;5.587
1802.0;5.193
1802.5;7.946
1803.0;11.92
1803.5;7.765
1804.0;8.475
1804.5;9.834
1805.0;12.172
1805.5;13.875
1806.0;4.834
1806.5;5.406
1807.0;3.656
1807.5;6.586
1808.0;2.473
1808.5;4.319
1809.0;2.786
1809.5;4.604
1810.0;1.142
1810.5;2.262
1811.0;1.491
1811.5;2.915
1812.0;0.196
1812.5;2.565
1813.0;2.679
1813.5;3.192
1814.0;0.622
1814.5;0.893
1815.0;3.702
1815.5;1.109
1816.0;0.874
1816.5;2.289
1817.0;2.498
1817.5;1.246
1818.0;0.174
1818.5;1.259
1819.0;1.578
1819.5;2.198
1820.0;1.219
1820.5;2.635
1821.0;1.63
1821.5;2.116
1822.0;1.406
1822.5;1.712
1823.0;0.344
1823.5;1.749
1824.0;2.317
1824.5;1.629
1825.0;3.212
1825.5;3.2
1826.0;4.523
1826.5;3.879
1827.0;3.639
1827.5;3.809
1828.0;1.054
1828.5;3.129
1829.0;4.016
1829.5;3.258
1830.0;2.403
1830.5;2.142
1831.0;2.596
1831.5;0.736
1832.0;2.9
1832.5;2.984
1833.0;2.203
1833.5;0.089
1834.0;1.026
1834.5;2.933
1835.0;0.259
1835.5;1.547
1836.0;2.379
1836.5;1.63
1837.0;2.863
1837.5;2.003
1838.0;2.445
1838.5;3.2
1839.0;1.001
1839.5;0.397
1840.0;3.461
1840.5;4.23
1841.0;6.221
1841.5;8.541
1842.0;11.33
1842.5;7.652
1843.0;4.248
1843.5;5.782
1844.0;2.97
1844.5;1.53
1845.0;0.961
1845.5;3.954
1846.0;4.694
1846.5;3.965
1847.0;5.009
1847.5;2.839
1848.0;4.921
1848.5;4.763
1849.0;3.235
1849.5;5.354
1850.0;4.625
1850.5;6.117
1851.0;5.431
1851.5;3.517
1852.0;6.992
1852.5;2.793
1853.0;5.586
1853.5;11.971
1854.0;16.82
1854.5;42.553
1855.0;52.177
1855.5;24.835
1856.0;16.525
1856.5;22.86
1857.0;23.053
1857.5;20.182
1858.0;14.775
1858.5;8.569
1859.0;4.161
1859.5;2.427
1860.0;2.505
1860.5;0.572
1861.0;1.559
1861.5;2.466
1862.0;1.926
1862.5;2.81
1863.0;0.889
1863.5;1.288
1864.0;3.825
1864.5;1.002
1865.0;3.07
1865.5;2.275
1866.0;2.128
1866.5;3.646
1867.0;0.534
1867.5;1.265
1868.0;1.627
1868.5;1.378
1869.0;0.963
1869.5;2.548
1870.0;2.624
1870.5;2.032
1871.0;3.745
1871.5;2.835
1872.0;3.191
1872.5;2.449
1873.0;0.579
1873.5;2.258
1874.0;3.492
1874.5;2.287
1875.0;3.572
1875.5;0.382
1876.0;0.789
1876.5;3.279
1877.0;0.617
1877.5;6.909
1878.0;4.966
1878.5;4.427
1879.0;4.253
1879.5;0.601
1880.0;4.416
1880.5;4.148
1881.0;4.115
1881.5;4.756
1882.0;3.514
1882.5;2.016
1883.0;4.104
1883.5;2.888
1884.0;1.412
1884.5;2.99
1885.0;4.841
1885.5;1.623
1886.0;2.56
1886.5;3.61
1887.0;2.974
1887.5;5.245
1888.0;12.739
1888.5;10.984
1889.0;15.013
1889.5;43.473
1890.0;44.726
1890.5;34.654
1891.0;20.545
1891.5;17.549
1892.0;5.706
1892.5;9.002
1893.0;10.856
1893.5;9.879
1894.0;9.1
1894.5;7.685
1895.0;5.206
1895.5;2.188
1896.0;7.233
1896.5;6.984
1897.0;4.71
1897.5;6.185
1898.0;3.546
1898.5;2.754
1899.0;2.171
1899.5;4.19
1900.0;1.444
1900.5;4.229
1901.0;2.346
1901.5;5.025
1902.0;1.488
1902.5;3.393
1903.0;4.358
1903.5;1.11
1904.0;4.327
1904.5;2.964
1905.0;2.957
1905.5;5.26
1906.0;5.811
1906.5;7.656
1907.0;13.955
1907.5;17.587
1908.0;11.662
1908.5;2.786
1909.0;3.545
1909.5;6.271
1910.0;4.286
1910.5;2.752
1911.0;4.223
1911.5;1.161
1912.0;2.558
1912.5;2.057
1913.0;0.413
1913.5;1.861
1914.0;1.395
1914.5;1.777
1915.0;4.674
1915.5;6.235
1916.0;8.054
1916.5;9.915
1917.0;2.271
1917.5;4.506
1918.0;1.609
1918.5;3.564
1919.0;2.484
1919.5;2.882
1920.0;3.946
1920.5;2.538
1921.0;2.467
1921.5;0.496
1922.0;2.23
1922.5;1.897
1923.0;2.343
1923.5;0.97
1924.0;2.709
1924.5;1.353
1925.0;1.845
1925.5;0.502
1926.0;0.915
1926.5;0.892
1927.0;2.12
1927.5;1.468
1928.0;1.915
1928.5;0.343
1929.0;0.809
1929.5;4.661
1930.0;0.583
1930.5;3.103
1931.0;2.224
1931.5;2.563
1932.0;1.704
1932.5;1.395
1933.0;4.385
1933.5;8.328
1934.0;5.946
1934.5;7.705
1935.0;9.172
1935.5;8.783
1936.0;5.852
1936.5;1.727
1937.0;1.267
1937.5;0.867
1938.0;2.422
1938.5;3.434
1939.0;1.396
1939.5;1.419
1940.0;1.358
1940.5;2.445
1941.0;1.186
1941.5;3.29
1942.0;1.371
1942.5;1.784
1943.0;0.192
1943.5;0.039
1944.0;1.395
1944.5;1.952
1945.0;1.561
1945.5;3.528
1946.0;2.512
1946.5;1.287
1947.0;1.976
1947.5;0.893
1948.0;3.752
1948.5;2.253
1949.0;3.41
1949.5;2.238
1950.0;1.72
1950.5;2.643
1951.0;1.126
1951.5;1.881
1952.0;2.443
1952.5;0.8
1953.0;1.203
1953.5;2.016
1954.0;4.236
1954.5;0.162
1955.0;2.651
1955.5;0.952
1956.0;2.948
1956.5;2.484
1957.0;3.555
1957.5;0.88
1958.0;4.265
1958.5;1.296
1959.0;3.762
1959.5;1.925
1960.0;1.457
1960.5;2.227
1961.0;4.729
1961.5;0.739
1962.0;1.326
1962.5;1.489
1963.0;1.454
1963.5;1.085
1964.0;2.15
1964.5;1.04
1965.0;0.953
1965.5;1.449
1966.0;1.308
1966.5;4.216
1967.0;0.93
1967.5;1.515
1968.0;3.848
1968.5;2.09
1969.0;5.551
1969.5;0.307
1970.0;2.595
1970.5;3.849
1971.0;1.754
1971.5;2.477
1972.0;4.303
1972.5;1.332
1973.0;2.776
1973.5;5.777
1974.0;8.604
1974.5;10.175
1975.0;13.718
1975.5;10.393
1976.0;14.002
1976.5;7.164
1977.0;6.179
1977.5;4.825
1978.0;3.746
1978.5;5.741
1979.0;10.509
1979.5;4.566
1980.0;12.71
1980.5;13.105
1981.0;13.802
1981.5;12.87
1982.0;3.142
1982.5;4.969
1983.0;14.863
1983.5;16.309
1984.0;20.175
1984.5;35.335
1985.0;41.728
1985.5;31.069
1986.0;26.027
1986.5;11.174
1987.0;16.167
1987.5;9.883
1988.0;11.275
1988.5;10.518
1989.0;8.359
1989.5;18.033
1990.0;7.191
1990.5;11.758
1991.0;28.538
1991.5;25.88
1992.0;24.477
1992.5;25.61
1993.0;20.346
1993.5;20.021
1994.0;7.713
1994.5;12.882
1995.0;10.127
1995.5;5.8
1996.0;12.674
1996.5;4.838
1997.0;16.868
1997.5;7.18
1998.0;2.611
1998.5;4.604
1999.0;3.142
1999.5;2.629
2000.0;11.921
2000.5;6.27
2001.0;9.329
2001.5;3.248
2002.0;2.738
2002.5;3.251
2003.0;2.686
2003.5;2.052
2004.0;0.455
2004.5;3.558
2005.0;2.386
2005.5;6.522
2006.0;1.637
2006.5;1.646
2007.0;3.928
2007.5;4.146
2008.0;2.7
2008.5;4.407
2009.0;2.798
2009.5;4.637
2010.0;2.744
2010.5;4.799
2011.0;5.146
2011.5;9.339
2012.0;16.169
2012.5;10.793
2013.0;11.162
2013.5;7.342
2014.0;9.824
2014.5;4.687
2015.0;6.323
2015.5;3.075
2016.0;1.827
2016.5;0.763
2017.0;4.545
2017.5;0.972
2018.0;4.107
2018.5;4.547
2019.0;0.788
2019.5;3.431
2020.0;3.047
2020.5;2.924
2021.0;4.522
2021.5;3.808
2022.0;0.85
2022.5;2.638
2023.0;2.699
2023.5;3.72
2024.0;1.484
2024.5;3.986
2025.0;1.399
2025.5;1.762
2026.0;2.251
2026.5;2.832
2027.0;2.372
2027.5;1.186
2028.0;3.657
2028.5;3.203
2029.0;1.84
2029.5;2.998
2030.0;3.028
2030.5;2.274
2031.0;3.721
2031.5;0.756
2032.0;1.957
2032.5;2.674
2033.0;2.7
2033.5;1.112
2034.0;2.225
2034.5;2.689
2035.0;2.197
2035.5;2.869
2036.0;3.618
2036.5;2.598
2037.0;4.259
2037.5;4.644
2038.0;2.581
2038.5;4.311
2039.0;2.576
2039.5;3.678
2040.0;4.295
2040.5;3.785
2041.0;2.935
2041.5;2.999
2042.0;4.042
2042.5;1.311
2043.0;4.071
2043.5;4.171
2044.0;5.558
2044.5;3.499
2045.0;2.123
2045.5;3.078
2046.0;5.159
2046.5;2.193
2047.0;3.262
2047.5;3.122
2048.0;3.209
2048.5;1.284
2049.0;0.899
2049.5;2.12
2050.0;3.986
2050.5;3.21
2051.0;2.474
2051.5;1.78
2052.0;3.138
2052.5;2.682
2053.0;0.612
2053.5;1.155
2054.0;1.501
2054.5;1.22
2055.0;4.521
2055.5;2.3
2056.0;3.517
2056.5;2.161
2057.0;4.134
2057.5;1.838
2058.0;6.611
2058.5;5.083
2059.0;3.862
2059.5;2.399
2060.0;6.619
2060.5;2.402
2061.0;5.538
2061.5;5.808
2062.0;5.027
2062.5;16.432
2063.0;21.697
2063.5;6.574
2064.0;3.442
2064.5;11.901
2065.0;27.009
2065.5;18.468
2066.0;3.25
2066.5;6.637
2067.0;2.126
2067.5;0.828
2068.0;1.765
2068.5;1.844
2069.0;3.687
2069.5;3.204
2070.0;4.049
2070.5;2.578
2071.0;3.538
2071.5;1.482
2072.0;1.385
2072.5;2.265
2073.0;0.877
2073.5;1.771
2074.0;1.183
2074.5;2.496
2075.0;4.189
2075.5;3.093
2076.0;3.325
2076.5;2.518
2077.0;4.294
2077.5;7.452
2078.0;10.035
2078.5;9.691
2079.0;5.558
2079.5;5.624
2080.0;10.845
2080.5;11.21
2081.0;13.092
2081.5;10.335
2082.0;7.763
2082.5;12.465
2083.0;0.19
2083.5;2.084
2084.0;3.611
2084.5;6.492
2085.0;9.593
2085.5;10.2
2086.0;13.086
2086.5;9.778
2087.0;5.283
2087.5;2.277
2088.0;7.22
2088.5;5.34
2089.0;3.9
2089.5;2.724
2090.0;2.62
2090.5;4.719
2091.0;6.145
2091.5;2.737
2092.0;2.106
2092.5;4.205
2093.0;3.096
2093.5;6.566
2094.0;2.976
2094.5;4.239
2095.0;2.345
2095.5;3.173
2096.0;2.401
2096.5;2.035
2097.0;2.228
2097.5;3.625
2098.0;3.321
2098.5;2.501
2099.0;5.326
2099.5;3.051
2100.0;4.232
2100.5;4.98
2101.0;4.014
2101.5;2.062
2102.0;1.701
2102.5;1.795
2103.0;1.502
2103.5;3.308
2104.0;3.037
2104.5;0.859
2105.0;4.077
2105.5;2.026
2106.0;1.377
2106.5;3.738
2107.0;4.812
2107.5;6.45
2108.0;6.817
2108.5;2.663
2109.0;3.938
2109.5;9.2
2110.0;8.128
2110.5;11.524
2111.0;15.289
2111.5;12.251
2112.0;14.342
2112.5;16.675
2113.0;21.46
2113.5;19.24
2114.0;24.407
2114.5;24.685
2115.0;25.899
2115.5;29.655
2116.0;24.281
2116.5;17.559
2117.0;29.804
2117.5;39.667
2118.0;51.892
2118.5;64.136
2119.0;91.241
2119.5;87.646
2120.0;56.46
2120.5;30.875
2121.0;29.782
2121.5;39.962
2122.0;21.176
2122.5;27.489
2123.0;40.115
2123.5;3.951
2124.0;43.383
2124.5;42.263
2125.0;20.176
2125.5;11.882
2126.0;10.748
2126.5;9.846
2127.0;7.843
2127.5;11.256
2128.0;5.678
2128.5;7.653
2129.0;13.92
2129.5;8.72
2130.0;7.776
2130.5;7.714
2131.0;10.7
2131.5;5.082
2132.0;3.367
2132.5;7.249
2133.0;7.193
2133.5;4.305
2134.0;7.953
2134.5;7.846
2135.0;5.777
2135.5;4.888
2136.0;7.456
2136.5;3.705
2137.0;6.573
2137.5;6.519
2138.0;16.12
2138.5;14.207
2139.0;9.063
2139.5;1.249
2140.0;12.713
2140.5;12.843
2141.0;8.054
2141.5;2.499
2142.0;7.716
2142.5;7.461
2143.0;4.556
2143.5;3.8
2144.0;3.09
2144.5;3.607
2145.0;2.466
2145.5;1.652
2146.0;2.086
2146.5;1.683
2147.0;2.098
2147.5;3.716
2148.0;1.372
2148.5;3.422
2149.0;4.116
2149.5;2.862
2150.0;4.132
2150.5;2.46
2151.0;4.364
2151.5;4.126
2152.0;2.297
2152.5;0.931
2153.0;2.809
2153.5;1.912
2154.0;3.039
2154.5;3.749
2155.0;2.021
2155.5;2.601
2156.0;2.012
2156.5;2.515
2157.0;3.67
2157.5;3.703
2158.0;0.625
2158.5;2.233
2159.0;0.453
2159.5;1.845
2160.0;3.276
2160.5;1.109
2161.0;1.858
2161.5;2.831
2162.0;0.721
2162.5;2.714
2163.0;3.359
2163.5;2.425
2164.0;1.577
2164.5;1.548
2165.0;1.815
2165.5;2.579
2166.0;2.443
2166.5;1.181
2167.0;1.854
2167.5;0.724
2168.0;2.447
2168.5;2.577
2169.0;0.735
2169.5;0.711
2170.0;0.86
2170.5;0.429
2171.0;2.025
2171.5;0.202
2172.0;0.268
2172.5;4.142
2173.0;0.17
2173.5;1.066
2174.0;0.726
2174.5;0.584
2175.0;2.087
2175.5;1.765
2176.0;2.266
2176.5;0.598
2177.0;1.114
2177.5;1.618
2178.0;4.504
2178.5;3.693
2179.0;1.933
2179.5;2.623
2180.0;3.484
2180.5;0.254
2181.0;1.048
2181.5;1.526
2182.0;1.043
2182.5;1.247
2183.0;1.375
2183.5;1.86
2184.0;1.99
2184.5;0.594
2185.0;0.928
2185.5;1.311
2186.0;2.945
2186.5;1.66
2187.0;6.746
2187.5;11.045
2188.0;15.728
2188.5;15.46
2189.0;9.048
2189.5;4.429
2190.0;5.936
2190.5;3.949
2191.0;4.699
2191.5;2.437
2192.0;2.047
2192.5;1.562
2193.0;2.672
2193.5;3.451
2194.0;1.586
2194.5;3.191
2195.0;2.247
2195.5;2.73
2196.0;2.943
2196.5;3.281
2197.0;2.566
2197.5;3.316
2198.0;0.918
2198.5;1.502
2199.0;2.808
2199.5;0.194
2200.0;0.578
2200.5;1.505
2201.0;2.233
2201.5;1.041
2202.0;2.71
2202.5;2.766
2203.0;2.559
2203.5;2.117
2204.0;1.954
2204.5;1.907
2205.1;2.357
2205.6;1.368
2206.1;1.688
2206.6;2.805
2207.1;1.774
2207.6;2.385
2208.1;1.386
2208.6;2.65
2209.1;2.788
2209.6;1.042
2210.1;0.637
2210.6;1.329
2211.1;1.543
2211.6;2.21
2212.1;4.011
2212.6;1.126
2213.1;2.189
2213.6;2.465
2214.1;1.739
2214.6;4.318
2215.1;9.59
2215.6;10.455
2216.1;13.403
2216.6;24.659
2217.1;9.119
2217.6;12.711
2218.1;17.163
2218.6;12.495
2219.1;8.738
2219.6;5.542
2220.1;4.063
2220.6;4.013
2221.1;3.253
2221.6;1.927
2222.1;2.119
2222.6;4.398
2223.1;5.41
2223.6;7.555
2224.1;8.548
2224.6;10.223
2225.1;8.32
2225.6;9.972
2226.1;4.675
2226.6;1.051
2227.1;8.253
2227.6;7.541
2228.1;0.936
2228.6;1.97
2229.1;4.34
2229.6;2.514
2230.1;1.368
2230.6;3.72
2231.1;1.88
2231.6;4.256
2232.1;4.133
2232.6;3.746
2233.1;4.641
2233.6;2.193
2234.1;3.984
2234.6;4.604
2235.1;4.663
2235.6;1.676
2236.1;3.272
2236.6;4.825
2237.1;5.696
2237.6;4.176
2238.1;3.667
2238.6;5.073
2239.1;6.877
2239.6;5.965
2240.1;6.729
2240.6;5.371
2241.1;7.611
2241.6;4.3
2242.1;4.357
2242.6;4.702
2243.1;4.729
2243.6;5.18
2244.1;2.806
2244.6;3.596
2245.1;4.162
2245.6;3.258
2246.1;4.528
2246.6;3.453
2247.1;0.96
2247.6;1.606
2248.1;0.767
2248.6;2.974
2249.1;1.265
2249.6;0.811
2250.1;3.41
2250.6;2.668
2251.1;2.446
2251.6;1.641
2252.1;0.638
2252.6;2.566
2253.1;2.586
2253.6;1.794
2254.1;1.823
2254.6;0.317
2255.1;1.634
2255.6;0.784
2256.1;1.203
2256.6;0.537
2257.1;0.451
2257.6;3.099
2258.1;2.175
2258.6;1.713
2259.1;1.596
2259.6;0.652
2260.1;2.397
2260.6;0.899
2261.1;1.17
2261.6;1.01
2262.1;1.869
2262.6;2.122
2263.1;0.877
2263.6;1.729
2264.1;0.591
2264.6;2.457
2265.1;0.637
2265.6;1.106
2266.1;0.15
2266.6;2.07
2267.1;0.952
2267.6;2.01
2268.1;1.75
2268.6;0.701
2269.1;2.978
2269.6;1.124
2270.1;1.892
2270.6;0.501
2271.1;2.057
2271.6;0.597
2272.1;1.639
2272.6;0.797
2273.1;1.569
2273.6;0.566
2274.1;2.026
2274.6;0.871
2275.1;2.075
2275.6;2.154
2276.1;2.073
2276.6;0.703
2277.1;1.047
2277.6;0.672
2278.1;1.315
2278.6;1.936
2279.1;2.661
2279.6;1.952
2280.1;2.174
2280.6;1.103
2281.1;0.591
2281.6;2.379
2282.1;2.152
2282.6;1.52
2283.1;0.972
2283.6;1.371
2284.1;0.866
2284.6;1.961
2285.1;2.488
2285.6;2.04
2286.1;0.544
2286.6;0.601
2287.1;2.211
2287.6;0.779
2288.1;0.699
2288.6;0.905
2289.1;1.65
2289.6;2.748
2290.1;2.031
2290.6;2.444
2291.1;8.537
2291.6;9.201
2292.1;3.743
2292.6;1.977
2293.1;1.701
2293.6;4.5
2294.1;4.558
2294.6;0.537
2295.1;3.239
2295.6;2.338
2296.1;1.267
2296.6;1.588
2297.1;0.858
2297.6;1.029
2298.1;1.081
2298.6;1.511
2299.1;0.787
2299.6;2.828
2300.1;0.358
2300.6;1.519
2301.1;1.12
2301.6;1.638
2302.1;2.198
2302.6;0.846
2303.1;0.352
2303.6;0.713
2304.1;1.408
2304.6;1.551
2305.1;1.091
2305.6;2.374
2306.1;0.263
2306.6;2.098
2307.1;1.787
2307.6;2.197
2308.1;0.846
2308.6;0.719
2309.1;0.903
2309.6;1.333
2310.1;3.433
2310.6;2.053
2311.1;3.193
2311.6;0.669
2312.1;1.543
2312.6;0.45
2313.1;0.723
2313.6;1.411
2314.1;2.447
2314.6;1.891
2315.1;1.021
2315.6;0.668
2316.1;2.625
2316.6;1.405
2317.1;1.255
2317.6;3.758
2318.1;2.67
2318.6;3.736
2319.1;3.489
2319.6;4.16
2320.1;4.487
2320.6;2.621
2321.1;1.782
2321.6;0.476
2322.1;3.238
2322.6;2.93
2323.1;2.779
2323.6;2.301
2324.1;2.051
2324.6;1.46
2325.1;3.484
2325.6;2.539
2326.1;0.831
2326.6;0.184
2327.1;3.746
2327.6;3.85
2328.1;6.66
2328.6;4.491
2329.1;2.662
2329.6;3.393
2330.1;10.526
2330.6;23.806
2331.1;19.21
2331.6;10.778
2332.1;10.763
2332.6;9.241
2333.1;1.932
2333.6;4.901
2334.1;3.024
2334.6;3.897
2335.1;2.548
2335.6;3.432
2336.1;2.754
2336.6;2.635
2337.1;2.435
2337.6;1.962
2338.1;2.397
2338.6;3.65
2339.1;2.692
2339.6;1.69
2340.1;3.952
2340.6;2.127
2341.1;1.886
2341.6;0.467
2342.1;1.561
2342.6;0.95
2343.1;2.209
2343.6;2.956
2344.1;1.856
2344.6;2.533
2345.1;1.827
2345.6;2.828
2346.1;2.305
2346.6;1.745
2347.1;1.845
2347.6;2.721
2348.1;0.454
2348.6;0.844
2349.1;1.231
2349.6;2.224
2350.1;0.932
2350.6;2.524
2351.1;3.81
2351.6;2.446
2352.1;2.846
2352.6;3.361
2353.1;3.131
2353.6;2.431
2354.1;2.448
2354.6;1.77
2355.1;2.737
2355.6;2.548
2356.1;2.285
2356.6;3.143
2357.1;2.036
2357.6;0.435
2358.1;1.747
2358.6;1.065
2359.1;2.034
2359.6;2.88
2360.1;2.932
2360.6;1.275
2361.1;1.765
2361.6;3.02
2362.1;1.978
2362.6;2.357
2363.1;1.673
2363.6;1.32
2364.1;1.235
2364.6;0.651
2365.1;2.923
2365.6;4.101
2366.1;4.895
2366.6;2.328
2367.1;2.92
2367.6;1.424
2368.1;3.682
2368.6;4.514
2369.1;5.361
2369.6;4.473
2370.1;3.588
2370.6;4.461
2371.1;4.077
2371.6;3.174
2372.1;5.468
2372.6;6.013
2373.1;4.723
2373.6;6.68
2374.1;3.689
2374.6;2.425
2375.1;0.549
2375.6;2.677
2376.1;2.843
2376.6;2.455
2377.1;3.772
2377.6;2.187
2378.1;2.009
2378.6;0.865
2379.1;1.576
2379.6;3.783
2380.1;2.196
2380.6;1.877
2381.1;4.974
2381.6;3.867
2382.1;6.517
2382.6;5.973
2383.1;6.643
2383.6;9.673
2384.1;12.589
2384.6;12.205
2385.1;38.375
2385.6;30.078
2386.1;12.319
2386.6;13.682
2387.1;13.23
2387.6;1.928
2388.1;4.29
2388.6;8.347
2389.1;3.772
2389.6;1.348
2390.1;4.534
2390.6;0.186
2391.1;3.881
2391.6;10.828
2392.1;21.324
2392.6;21.005
2393.1;18.765
2393.6;19.89
2394.1;23.715
2394.6;10.948
2395.1;2.059
2395.6;5.248
2396.1;4.435
2396.6;3.368
2397.1;1.685
2397.6;1.561
2398.1;3.769
2398.6;1.729
2399.1;3.314
2399.6;3.94
2400.1;3.319
2400.6;3.803
2401.1;3.88
2401.6;3.504
2402.1;1.59
2402.6;2.072
2403.1;3.838
2403.6;5.691
2404.1;7.442
2404.6;2.104
2405.1;10.64
2405.6;7.835
2406.1;4.291
2406.6;1.849
2407.1;1.65
2407.6;1.345
2408.1;1.506
2408.6;1.912
2409.1;2.181
2409.6;3.206
2410.1;2.687
2410.6;0.841
2411.1;0.968
2411.6;1.257
2412.1;1.148
2412.6;2.947
2413.1;2.668
2413.6;2.43
2414.1;2.269
2414.6;3.531
2415.1;3.03
2415.6;1.89
2416.1;1.15
2416.6;0.642
2417.1;0.807
2417.6;2.323
2418.1;2.975
2418.6;3.339
2419.1;2.956
2419.6;1.176
2420.1;2.743
2420.6;1.473
2421.1;1.735
2421.6;2.752
2422.1;0.473
2422.6;1.483
2423.1;1.515
2423.6;2.174
2424.1;2.471
2424.6;3.467
2425.1;3.249
2425.6;2.03
2426.1;0.968
2426.6;1.398
2427.1;0.203
2427.6;1.76
2428.1;3.21
2428.6;2.252
2429.1;1.757
2429.6;1.242
2430.1;1.254
2430.6;0.499
2431.1;2.15
2431.6;0.875
2432.1;2.481
2432.6;0.761
2433.1;1.715
2433.6;2.127
2434.1;2.79
2434.6;2.792
2435.1;2.123
2435.6;3.64
2436.1;4.616
2436.6;6.608
2437.1;8.599
2437.6;11.21
2438.1;26.533
2438.6;36.522
2439.1;26.133
2439.6;12.035
2440.1;11.838
2440.6;8.787
2441.1;10.425
2441.6;8.278
2442.1;8.186
2442.6;7.022
2443.1;5.29
2443.6;4.293
2444.1;2.065
2444.6;2.019
2445.1;2.435
2445.6;2.085
2446.1;3.47
2446.6;1.207
2447.1;1.384
2447.6;1.965
2448.1;1.607
2448.6;1.311
2449.1;2.81
2449.6;2.539
2450.1;4.357
2450.6;1.03
2451.1;0.415
2451.6;1.488
2452.1;1.033
2452.6;1.499
2453.1;1.743
2453.6;1.72
2454.1;1.026
2454.6;0.93
2455.1;0.33
2455.6;1.092
2456.1;1.809
2456.6;0.914
2457.1;0.629
2457.6;0.876
2458.1;1.313
2458.6;0.922
2459.1;0.25
2459.6;0.203
2460.1;0.921
2460.6;1.721
2461.1;2.19
2461.6;2.264
2462.1;1.566
2462.6;0.588
2463.1;0.889
2463.6;0.835
2464.1;2.803
2464.6;1.764
2465.1;2.772
2465.6;1.867
2466.1;2.661
2466.6;2.097
2467.1;1.241
2467.6;0.503
2468.1;1.267
2468.6;1.391
2469.1;1.569
2469.6;0.822
2470.1;1.675
2470.6;1.156
2471.1;0.94
2471.6;0.875
2472.1;1.795
2472.6;1.262
2473.1;2.383
2473.6;1.189
2474.1;1.304
2474.6;0.664
2475.1;1.696
2475.6;2.035
2476.1;0.561
2476.6;2.677
2477.1;1.46
2477.6;2.599
2478.1;1.319
2478.6;2.063
2479.1;2.577
2479.6;1.436
2480.1;2.072
2480.6;2.354
2481.1;2.207
2481.6;1.419
2482.1;2.881
2482.6;5.175
2483.1;2.468
2483.6;3.02
2484.1;6.524
2484.6;8.529
2485.1;10.438
2485.6;9.116
2486.1;7.643
2486.6;6.529
2487.1;7.265
2487.6;5.102
2488.1;4.151
2488.6;2.304
2489.1;1.938
2489.6;2.537
2490.1;3.576
2490.6;0.086
2491.1;1.324
2491.6;0.733
2492.1;2.02
2492.6;0.579
2493.1;1.973
2493.6;4.112
2494.1;1.068
2494.6;2.676
2495.1;3.296
2495.6;2.376
2496.1;1.781
2496.6;1.278
2497.1;1.955
2497.6;0.858
2498.1;1.253
2498.6;1.936
2499.1;0.826
2499.6;2.203
2500.1;1.555
2500.6;0.431
2501.1;0.854
2501.6;1.965
2502.1;2.075
2502.6;1.95
2503.1;1.375
2503.6;0.297
2504.1;1.426
2504.6;0.103
2505.1;1.177
2505.6;0.174
2506.1;2.206
2506.6;1.278
2507.1;2.509
2507.6;0.639
2508.1;2.094
2508.6;0.387
2509.1;2.001
2509.6;0.721
2510.1;1.631
2510.6;0.516
2511.1;1.298
2511.6;1.105
2512.1;1.686
2512.6;1.389
2513.1;1.434
2513.6;0.865
2514.1;2.701
2514.6;2.251
2515.1;1.797
2515.6;2.654
2516.1;1.383
2516.6;0.369
2517.1;1.259
2517.6;0.851
2518.1;2.905
2518.6;2.034
2519.1;0.94
2519.6;0.548
2520.1;0.896
2520.6;1.159
2521.1;0.541
2521.6;1.686
2522.1;1.669
2522.6;0.581
2523.1;1.715
2523.6;2.379
2524.1;5.341
2524.6;4.845
2525.1;5.303
2525.6;4.701
2526.1;6.876
2526.6;6.971
2527.1;11.426
2527.6;19.139
2528.1;15.495
2528.6;11.525
2529.1;24.002
2529.6;20.703
2530.1;15.211
2530.6;16.411
2531.1;12.775
2531.6;7.741
2532.1;6.457
2532.6;7.864
2533.1;2.125
2533.6;2.676
2534.1;0.464
2534.6;2.785
2535.1;1.36
2535.6;1.089
2536.1;3.245
2536.6;3.7
2537.1;1.927
2537.6;1.449
2538.1;2.169
2538.6;0.821
2539.1;1.296
2539.6;0.719
2540.1;0.314
2540.6;0.38
2541.1;0.598
2541.6;0.994
2542.1;1.136
2542.6;2.983
2543.1;4.657
2543.6;4.542
2544.1;4.978
2544.6;5.447
2545.1;2.399
2545.6;3.59
2546.1;2.73
2546.6;3.734
2547.1;5.368
2547.6;2.634
2548.1;3.117
2548.6;0.972
2549.1;1.122
2549.6;1.853
2550.1;1.795
2550.6;1.309
2551.1;1.891
2551.6;0.955
2552.1;0.905
2552.6;1.334
2553.1;1.666
2553.6;1.755
2554.1;0.71
2554.6;2.129
2555.1;1.57
2555.6;0.994
2556.1;1.733
2556.6;0.689
2557.1;3.195
2557.6;1.48
2558.1;1.594
2558.6;0.213
2559.1;0.435
2559.6;0.795
2560.1;1.314
2560.6;0.641
2561.1;0.598
2561.6;0.703
2562.1;0.959
2562.6;1.746
2563.1;0.647
2563.6;1.236
2564.1;2.648
2564.6;1.206
2565.1;2.07
2565.6;1.235
2566.1;1.788
2566.6;0.896
2567.1;1.31
2567.6;1.704
2568.1;1.295
2568.6;2.005
2569.1;0.865
2569.6;0.379
2570.1;1.246
2570.6;0.542
2571.1;1.898
2571.6;1.101
2572.1;1.246
2572.6;0.637
2573.1;0.504
2573.6;1.505
2574.1;1.07
2574.6;1.251
2575.1;1.29
2575.6;0.365
2576.1;1.682
2576.6;1.6
2577.1;1.191
2577.6;1.527
2578.1;1.002
2578.6;2.29
2579.1;1.381
2579.6;2.552
2580.1;1.84
2580.6;1.447
2581.1;1.636
2581.6;1.157
2582.1;0.037
2582.6;2.104
2583.1;1.091
2583.6;1.818
2584.1;1.032
2584.6;0.914
2585.1;0.954
2585.6;0.906
2586.1;0.885
2586.6;0.132
2587.1;1.508
2587.6;0.513
2588.1;1.073
2588.6;1.51
2589.1;1.251
2589.6;1.346
2590.1;1.06
2590.6;2.886
2591.1;2.161
2591.6;1.637
2592.1;4.195
2592.6;1.347
2593.1;3.634
2593.6;2.124
2594.1;2.495
2594.6;3.269
2595.1;2.203
2595.6;5.81
2596.1;3.497
2596.6;9.77
2597.1;11.465
2597.6;10.252
2598.1;12.374
2598.6;8.263
2599.1;9.49
2599.6;7.738
2600.1;3.831
2600.6;4.953
2601.1;2.024
2601.6;5.154
2602.1;1.599
2602.6;2.719
2603.1;2.781
2603.6;3.914
2604.1;3.362
2604.6;4.168
2605.1;6.121
2605.6;1.198
2606.1;4.057
2606.6;10.426
2607.1;11.167
2607.6;10.749
2608.1;4.726
2608.6;3.414
2609.1;2.544
2609.6;3.102
2610.1;1.646
2610.6;1.078
2611.1;1.236
2611.6;3.217
2612.1;1.039
2612.6;2.209
2613.1;2.024
2613.6;0.087
2614.1;1.792
2614.6;0.845
2615.1;0.282
2615.6;1.225
2616.1;0.931
2616.6;1.971
2617.1;0.099
2617.6;1.55
2618.1;0.702
2618.6;1.815
2619.1;1.336
2619.6;1.321
2620.1;1.046
2620.6;2.423
2621.1;0.651
2621.6;1.553
2622.1;2.399
2622.6;0.703
2623.1;1.18
2623.6;1.061
2624.1;1.02
2624.6;0.332
2625.1;1.581
2625.6;1.507
2626.1;1.077
2626.6;1.377
2627.1;1.675
2627.6;2.611
2628.1;1.396
2628.6;1.821
2629.1;0.572
2629.6;1.177
2630.1;1.3
2630.6;0.453
2631.1;0.716
2631.6;0.68
2632.1;1.289
2632.6;0.949
2633.1;1.491
2633.6;1.704
2634.1;1.212
2634.6;1.538
2635.1;0.894
2635.6;1.354
2636.1;1.481
2636.6;1.578
2637.1;1.232
2637.6;1.101
2638.1;0.555
2638.6;1.053
2639.1;0.924
2639.6;1.788
2640.1;0.38
2640.6;1.35
2641.1;0.528
2641.6;0.449
2642.1;1.148
2642.6;1.121
2643.1;0.864
2643.6;1.069
2644.1;0.814
2644.6;0.552
2645.1;0.491
2645.6;0.284
2646.1;1.442
2646.6;0.741
2647.1;1.938
2647.6;0.847
2648.1;1.478
2648.6;1.43
2649.1;1.098
2649.6;2.338
2650.1;1.076
2650.6;0.956
2651.1;2.533
2651.6;0.819
2652.1;1.773
2652.6;1.43
2653.1;2.003
2653.6;2.373
2654.1;1.733
2654.6;2.81
2655.1;2.359
2655.6;3.331
2656.1;5.237
2656.6;6.828
2657.1;4.849
2657.6;1.096
2658.1;2.218
2658.6;0.875
2659.1;1.483
2659.6;1.7
2660.1;2.904
2660.6;0.888
2661.1;4.18
2661.6;1.177
2662.1;1.67
2662.6;2.027
2663.1;1.334
2663.6;3.182
2664.1;2.323
2664.6;3.84
2665.1;2.717
2665.6;6.859
2666.1;10.388
2666.6;17.448
2667.1;9.824
2667.6;19.238
2668.1;20.199
2668.6;18.388
2669.1;17.296
2669.6;11.423
2670.1;11.012
2670.6;1.424
2671.1;4.312
2671.6;0.915
2672.1;3.144
2672.6;2.828
2673.1;4.027
2673.6;2.33
2674.1;3.015
2674.6;2.845
2675.1;1.198
2675.6;1.079
2676.1;1.55
2676.6;1.654
2677.1;0.057
2677.6;1.326
2678.1;1.459
2678.6;1.964
2679.1;1.964
2679.6;1.355
2680.1;1.002
2680.6;0.958
2681.1;1.429
2681.6;2.354
2682.1;2.269
2682.6;5.595
2683.1;8.909
2683.6;11.475
2684.1;11.554
2684.6;4.55
2685.1;1.398
2685.6;6.661
2686.1;17.828
2686.6;20.061
2687.1;14.389
2687.6;8.232
2688.1;7.394
2688.6;5.683
2689.1;3.762
2689.6;1.953
2690.1;1.294
2690.6;0.715
2691.1;2.295
2691.6;1.395
2692.1;1.691
2692.6;0.911
2693.1;0.504
2693.6;1.423
2694.1;1.717
2694.6;1.437
2695.1;0.97
2695.6;0.417
2696.1;1.091
2696.6;0.484
2697.1;0.723
2697.6;1.179
2698.1;1.415
2698.6;1.361
2699.1;1.255
2699.6;0.702
2700.1;1.041
2700.6;0.881
2701.1;1.405
2701.6;1.907
2702.1;0.854
2702.6;0.9
2703.1;1.145
2703.6;1.791
2704.1;3.635
2704.6;2.55
2705.1;1.07
2705.6;0.787
2706.1;1.82
2706.6;1.278
2707.1;0.465
2707.6;1.036
2708.1;1.892
2708.6;1.885
2709.1;1.13
2709.6;0.315
2710.1;1.39
2710.6;0.724
2711.1;0.875
2711.6;0.686
2712.1;1.029
2712.6;0.463
2713.1;0.818
2713.6;1.324
2714.1;1.182
2714.6;1.173
2715.1;0.936
2715.6;0.711
2716.1;1.55
2716.6;0.806
2717.1;1.65
2717.6;1.552
2718.1;0.867
2718.6;1.642
2719.1;0.604
2719.6;0.759
2720.1;1.71
2720.6;1.449
2721.1;1.07
2721.6;0.586
2722.1;1.455
2722.6;0.918
2723.1;0.255
2723.6;1.082
2724.1;1.32
2724.6;0.671
2725.1;1.59
2725.6;0.728
2726.1;1.265
2726.6;1.029
2727.1;0.467
2727.6;0.621
2728.1;1.435
2728.6;0.951
2729.1;1.536
2729.6;0.606
2730.1;0.874
2730.6;0.927
2731.1;1.531
2731.6;1.688
2732.1;0.995
2732.6;1.605
2733.1;1.026
2733.6;2.135
2734.1;0.816
2734.6;1.218
2735.1;0.258
2735.6;1.172
2736.1;0.716
2736.6;0.307
2737.1;1.966
2737.6;1.729
2738.1;1.359
2738.6;2.135
2739.1;2.184
2739.6;1.009
2740.1;0.362
2740.6;2.573
2741.1;1.493
2741.6;1.682
2742.1;2.231
2742.6;1.75
2743.1;2.006
2743.6;2.751
2744.1;1.35
2744.6;1.879
2745.1;1.054
2745.6;1.272
2746.1;1.542
2746.6;0.27
2747.1;1.669
2747.6;0.523
2748.1;2.06
2748.6;3.281
2749.1;0.76
2749.6;5.422
2750.1;7.763
2750.6;5.711
2751.1;8.632
2751.6;8.908
2752.1;3.794
2752.6;4.501
2753.1;3.598
2753.6;5.529
2754.1;2.737
2754.6;2.718
2755.1;2.571
2755.6;1.849
2756.1;0.958
2756.6;1.137
2757.1;0.694
2757.6;0.782
2758.1;1.406
2758.6;1.004
2759.1;2.195
2759.6;1.576
2760.1;2.086
2760.6;1.504
2761.1;1.928
2761.6;1.767
2762.1;3.098
2762.6;2.217
2763.1;4.974
2763.6;3.403
2764.1;7.75
2764.6;5.793
2765.1;1.473
2765.6;5.337
2766.1;8.149
2766.6;3.328
2767.1;1.772
2767.6;3.521
2768.1;4.765
2768.6;0.467
2769.1;4.37
2769.6;1.148
2770.1;4.11
2770.6;1.012
2771.1;3.48
2771.6;2.231
2772.1;5.377
2772.6;1.175
2773.1;1.593
2773.6;1.889
2774.1;2.333
2774.6;0.309
2775.1;1.37
2775.6;0.751
2776.1;0.831
2776.6;2.226
2777.1;0.771
2777.6;2.746
2778.1;1.675
2778.6;2.38
2779.1;2.527
2779.6;2.412
2780.1;0.187
2780.6;2.59
2781.1;0.774
2781.6;1.261
2782.1;1.985
2782.6;1.386
2783.1;2.069
2783.6;3.22
2784.1;0.547
2784.6;2.537
2785.1;1.696
2785.6;1.638
2786.1;1.567
2786.6;1.754
2787.1;1.954
2787.6;1.36
2788.1;2.005
2788.6;1.944
2789.1;1.084
2789.6;1.896
2790.1;1.247
2790.6;1.611
2791.1;0.946
2791.6;1.352
2792.1;0.263
2792.6;1.026
2793.1;0.855
2793.6;1.697
2794.1;2.269
2794.6;2.544
2795.1;4.378
2795.6;3.838
2796.1;0.969
2796.6;0.691
2797.1;6.077
2797.6;5.234
2798.1;5.652
2798.6;5.349
2799.1;6.176
2799.6;4.517
2800.1;4.624
2800.6;5.53
2801.1;4.769
2801.6;3.487
2802.1;2.07
2802.6;1.773
2803.1;3.337
2803.6;1.419
2804.1;0.737
2804.6;2.172
2805.1;4.22
2805.6;7.255
2806.1;7.072
2806.6;2.456
2807.1;2.621
2807.6;1.91
2808.1;2.53
2808.6;2.68
2809.1;3.572
2809.6;0.894
2810.1;1.139
2810.6;0.854
2811.1;0.95
2811.6;1.833
2812.1;1.323
2812.6;2.048
2813.1;0.897
2813.6;2.765
2814.1;1.802
2814.6;1.173
2815.1;0.987
2815.6;1.051
2816.1;3.133
2816.6;0.798
2817.1;2.223
2817.6;0.788
2818.1;1.679
2818.6;0.977
2819.1;1.876
2819.6;0.872
2820.1;1.875
2820.6;2.44
2821.1;0.764
2821.6;2.473
2822.1;2.508
2822.6;3.152
2823.1;4.657
2823.6;2.242
2824.1;3.094
2824.6;2.046
2825.1;1.919
2825.6;1.025
2826.1;1.329
2826.6;1.579
2827.1;1.219
2827.6;0.312
2828.1;0.263
2828.6;0.72
2829.1;1.676
2829.6;1.723
2830.1;0.887
2830.6;2.515
2831.1;1.146
2831.6;1.426
2832.1;1.425
2832.6;2.015
2833.1;3.206
2833.6;0.664
2834.1;0.733
2834.6;2.391
2835.1;2.161
2835.6;0.651
2836.1;2.329
2836.6;2.066
2837.1;2.416
2837.6;1.807
2838.1;1.314
2838.6;0.606
2839.1;1.374
2839.6;0.696
2840.1;1.139
2840.6;0.65
2841.1;1.449
2841.6;0.976
2842.1;0.227
2842.6;0.083
2843.1;1.809
2843.6;0.712
2844.1;1.363
2844.6;1.56
2845.1;1.787
2845.6;1.24
2846.1;3.213
2846.6;4.172
2847.1;4.377
2847.6;4.465
2848.1;2.53
2848.6;1.776
2849.1;3.31
2849.6;6.952
2850.1;7.055
2850.6;6.367
2851.1;5.963
2851.6;7.772
2852.1;5.571
2852.6;3.96
2853.1;2.237
2853.6;3.731
2854.1;2.423
2854.6;1.24
2855.1;0.712
2855.6;3.355
2856.1;1.299
2856.6;0.641
2857.1;1.294
2857.6;2.212
2858.1;0.605
2858.6;1.164
2859.1;2.587
2859.6;3.69
2860.1;2.374
2860.6;0.824
2861.1;3.391
2861.6;1.355
2862.1;0.416
2862.6;0.664
2863.1;1.64
2863.6;0.333
2864.1;1.565
2864.6;0.885
2865.1;1.01
2865.6;0.562
2866.1;1.739
2866.6;0.17
2867.1;1.405
2867.6;0.834
2868.1;0.562
2868.6;1.092
2869.1;1.014
2869.6;1.478
2870.1;0.689
2870.6;0.912
2871.1;2.142
2871.6;2.534
2872.1;0.892
2872.6;2.188
2873.1;2.18
2873.6;0.377
2874.1;0.351
2874.6;0.817
2875.1;1.79
2875.6;0.985
2876.1;1.557
2876.6;1.035
2877.1;3.488
2877.6;4.041
2878.1;0.987
2878.6;3.115
2879.1;3.374
2879.6;1.5
2880.1;0.569
2880.6;1.624
2881.1;1.673
2881.6;0.889
2882.1;0.534
2882.6;1.425
2883.1;1.621
2883.6;1.416
2884.1;1.377
2884.6;2.502
2885.1;0.772
2885.6;1.618
2886.1;1.322
2886.6;1.129
2887.1;0.937
2887.6;0.951
2888.1;1.004
2888.6;1.596
2889.1;0.556
2889.6;0.834
2890.1;0.563
2890.6;0.872
2891.1;0.768
2891.6;0.699
2892.1;1.445
2892.6;0.397
2893.1;1.299
2893.6;0.305
2894.1;0.98
2894.6;0.941
2895.1;0.65
2895.6;1.634
2896.1;1.037
2896.6;0.333
2897.1;0.966
2897.6;0.36
2898.1;0.625
2898.6;0.134
2899.1;1.145
2899.6;0.536
2900.1;0.243
2900.6;1.067
2901.1;1.147
2901.6;1.408
2902.1;1.488
2902.6;0.901
2903.1;0.752
2903.6;0.86
2904.1;1.366
2904.6;0.352
2905.1;1.292
2905.6;1.298
2906.1;0.47
2906.6;0.361
2907.1;0.535
2907.6;0.655
2908.1;0.898
2908.6;0.756
2909.1;0.961
2909.6;0.72
2910.1;0.863
2910.6;1.057
2911.1;0.287
2911.6;0.643
2912.1;0.597
2912.6;0.45
2913.1;1.651
2913.6;1.244
2914.1;0.792
2914.6;1.192
2915.1;2.212
2915.6;0.258
2916.1;0.961
2916.6;1.429
2917.1;0.977
2917.6;0.582
2918.1;0.947
2918.6;0.426
2919.1;0.463
2919.6;0.525
2920.1;1.525
2920.6;1.283
2921.1;0.887
2921.6;0.758
2922.1;1.031
2922.6;0.392
2923.1;0.521
2923.6;0.464
2924.1;1.016
2924.6;0.948
2925.1;0.653
2925.6;1.042
2926.1;1.501
2926.6;0.248
2927.1;3.485
2927.6;0.136
2928.1;2.553
2928.6;0.727
2929.1;1.267
2929.6;0.29
2930.1;2.432
2930.6;0.556
2931.1;3.86
2931.6;3.093
2932.1;3.666
2932.6;0.772
2933.1;1.101
2933.6;1.825
2934.1;0.97
2934.6;0.675
2935.1;1.067
2935.6;1.653
2936.1;0.929
2936.6;0.997
2937.1;0.441
2937.6;0.973
2938.1;0.681
2938.6;0.528
2939.1;0.277
2939.6;1.879
2940.1;0.695
2940.6;1.151
2941.1;1.625
2941.6;1.223
2942.1;1.378
2942.6;0.663
2943.1;0.493
2943.6;1.586
2944.1;0.895
2944.6;0.387
2945.1;0.093
2945.6;1.172
2946.1;0.437
2946.6;0.94
2947.1;1.102
2947.6;0.549
2948.1;0.483
2948.6;0.511
2949.1;1.757
2949.6;1.018
2950.1;0.338
2950.6;0.501
2951.1;0.544
2951.6;0.622
2952.1;1.589
2952.6;1.079
2953.1;1.335
2953.6;1.578
2954.1;0.54
2954.6;0.89
2955.1;0.901
2955.6;1.238
2956.1;0.645
2956.6;0.804
2957.1;0.944
2957.6;0.309
2958.1;0.561
2958.6;1.008
2959.1;1.492
2959.6;1.734
2960.1;2.486
2960.6;2.142
2961.1;2.511
2961.6;2.035
2962.1;3.739
2962.6;2.732
2963.1;2.18
2963.6;4.782
2964.1;4.291
2964.6;6.866
2965.1;3.825
2965.6;12.056
2966.1;6.754
2966.6;8.226
2967.1;4.687
2967.6;1.439
2968.1;3.183
2968.6;1.248
2969.1;1.372
2969.6;0.554
2970.1;1.262
2970.6;0.938
2971.1;0.676
2971.6;0.84
2972.1;0.586
2972.6;0.812
2973.1;0.636
2973.6;0.352
2974.1;0.651
2974.6;1.426
2975.1;0.922
2975.6;0.467
2976.1;0.22
2976.6;0.876
2977.1;0.294
2977.6;0.266
2978.1;1.346
2978.6;1.136
2979.1;1.998
2979.6;1.872
2980.1;2.198
2980.6;1.984
2981.1;1.969
2981.6;0.033
2982.1;0.414
2982.6;0.96
2983.1;1.303
2983.6;0.183
2984.1;1.896
2984.6;0.518
2985.1;1.455
2985.6;0.263
2986.1;1.301
2986.6;0.473
2987.1;1.462
2987.6;1.079
2988.1;2.559
2988.6;0.31
2989.1;4.163
2989.6;4.44
2990.1;5.166
2990.6;3.613
2991.1;1.952
2991.6;2.836
2992.1;0.815
2992.6;2.887
2993.1;1.78
2993.6;2.982
2994.1;1.113
2994.6;2.044
2995.1;2.174
2995.6;1.531
2996.1;1.456
2996.6;0.745
2997.1;1.665
2997.6;0.449
2998.1;0.799
2998.6;1.42
2999.1;1.149
2999.6;1.198
3000.1;1.881
3000.6;0.668
3001.1;0.878
3001.6;0.496
3002.1;0.532
3002.6;1.087
3003.1;1.013
3003.6;1.189
3004.1;0.349
3004.6;0.574
3005.1;0.742
3005.6;0.402
3006.1;1.371
3006.6;0.493
3007.1;0.893
3007.6;0.173
3008.1;0.487
3008.6;0.22
3009.1;1.301
3009.6;0.813
3010.1;0.778
3010.6;1.198
3011.1;1.21
3011.6;1.932
3012.1;3.017
3012.6;5.029
3013.1;5.19
3013.6;2.936
3014.1;2.611
3014.6;5.7
3015.1;3.716
3015.6;2.51
3016.1;1.951
3016.6;2.292
3017.1;1.269
3017.6;2.175
3018.1;4.341
3018.6;4.051
3019.1;2.714
3019.6;1.596
3020.1;2.59
3020.6;1.539
3021.1;0.68
3021.6;1.077
3022.1;2.132
3022.6;2.429
3023.1;0.818
3023.6;1.906
3024.1;1.176
3024.6;1.734
3025.1;0.825
3025.6;1.087
3026.1;0.838
3026.6;0.826
3027.1;1.138
3027.6;0.772
3028.1;1.662
3028.6;1.423
3029.1;0.942
3029.6;1.098
3030.1;0.626
3030.6;0.29
3031.1;0.85
3031.6;1.483
3032.1;1.248
3032.6;3.251
3033.1;1.524
3033.6;2.948
3034.1;3.163
3034.6;2.717
3035.1;2.275
3035.6;2.211
3036.1;2.862
3036.6;1.996
3037.1;1.616
3037.6;0.539
3038.1;1.238
3038.6;1.093
3039.1;0.969
3039.6;1.44
3040.1;0.929
3040.6;0.942
3041.1;1.036
3041.6;1.112
3042.1;0.443
3042.6;1.035
3043.1;1.62
3043.6;0.476
3044.1;0.662
3044.6;0.292
3045.1;0.866
3045.6;0.091
3046.1;1.134
3046.6;1.277
3047.1;0.561
3047.6;0.641
3048.1;0.435
3048.6;1.819
3049.1;1.467
3049.6;0.139
3050.1;0.497
3050.6;0.303
3051.1;1.199
3051.6;0.922
3052.1;1.495
3052.6;0.621
3053.1;1.689
3053.6;1.987
3054.1;0.353
3054.6;2.195
3055.1;1.382
3055.6;1.613
3056.1;2.317
3056.6;0.511
3057.1;0.671
3057.6;0.35
3058.1;0.554
3058.6;0.718
3059.1;1.353
3059.6;0.383
3060.1;0.866
3060.6;0.488
3061.1;0.464
3061.6;0.465
3062.1;1.181
3062.6;0.248
3063.1;1.209
3063.6;1.461
3064.1;0.926
3064.6;1.425
3065.1;1.534
3065.6;1.234
3066.1;1.033
3066.6;0.417
3067.1;0.816
3067.6;0.145
3068.1;0.87
3068.6;0.499
3069.1;1.319
3069.6;1.102
3070.1;1.521
3070.6;0.785
3071.1;1.486
3071.6;0.475
3072.1;1.176
3072.6;0.747
3073.1;0.178
3073.6;1.143
3074.1;0.392
3074.6;0.844
3075.1;1.127
3075.6;0.414
3076.1;1.33
3076.6;1.022
3077.1;1.312
3077.6;1.163
3078.1;0.945
3078.6;2.225
3079.1;0.733
3079.6;0.702
3080.1;0.984
3080.6;0.388
3081.1;0.934
3081.6;1.292
3082.1;0.43
3082.6;2.339
3083.1;1.402
3083.6;1.193
3084.1;1.697
3084.6;0.831
3085.1;1.951
3085.6;0.16
3086.1;0.434
3086.6;0.589
3087.1;0.401
3087.6;1.232
3088.1;1.295
3088.6;0.317
3089.1;1.12
3089.6;1.638
3090.1;1.515
3090.6;1.762
3091.1;1.067
3091.6;1.101
3092.1;0.87
3092.6;0.521
3093.1;0.409
3093.6;0.298
3094.1;0.645
3094.6;0.943
3095.1;1.235
3095.6;1.047
3096.1;0.738
3096.6;1.851
3097.1;1.676
3097.6;0.765
3098.1;0.708
3098.6;1.185
3099.1;1.921
3099.6;2.345
3100.1;0.925
3100.6;3.588
3101.1;1.33
3101.6;2.395
3102.1;4.349
3102.6;8.278
3103.1;6.87
3103.6;5.516
3104.1;4.021
3104.6;4.716
3105.1;1.249
3105.6;4.701
3106.1;3.869
3106.6;1.575
3107.1;4.146
3107.6;2.07
3108.1;2.534
3108.6;2.282
3109.1;1.519
3109.6;1.518
3110.1;0.717
3110.6;1.871
3111.1;0.296
3111.6;1.11
3112.1;1.004
3112.6;2.147
3113.1;1.375
3113.6;0.817
3114.1;0.247
3114.6;0.342
3115.1;0.582
3115.6;1.384
3116.1;0.714
3116.6;0.904
3117.1;0.808
3117.6;1.957
3118.1;0.454
3118.6;1.626
3119.1;0.697
3119.6;1.762
3120.1;1.018
3120.6;0.674
3121.1;0.387
3121.6;0.153
3122.1;0.882
3122.6;0.338
3123.1;1.132
3123.6;1.135
3124.1;1.912
3124.6;1.337
3125.1;0.6
3125.6;1.143
3126.1;0.74
3126.6;1.754
3127.1;1.129
3127.6;0.946
3128.1;0.696
3128.6;0.409
3129.1;0.967
3129.6;0.564
3130.1;1.003
3130.6;0.872
3131.1;0.849
3131.6;0.813
3132.1;0.713
3132.6;1.1
3133.1;0.658
3133.6;0.298
3134.1;0.807
3134.6;1.583
3135.1;0.867
3135.6;1.594
3136.1;0.737
3136.6;0.898
3137.1;2.983
3137.6;0.877
3138.1;1.876
3138.6;1.347
3139.1;0.595
3139.6;1.353
3140.1;2.264
3140.6;0.899
3141.1;1.515
3141.6;0.349
3142.1;1.464
3142.6;1.188
3143.1;1.559
3143.6;0.721
3144.1;0.382
3144.6;0.228
3145.1;0.667
3145.6;1.09
3146.1;1.312
3146.6;1.841
3147.1;2.612
3147.6;0.632
3148.1;2.673
3148.6;1.162
3149.1;2.213
3149.6;2.311
3150.1;2.013
3150.6;1.485
3151.1;2.843
3151.6;0.65
3152.1;2.147
3152.6;2.618
3153.1;0.096
3153.6;2.077
3154.1;2.344
3154.6;1.302
3155.1;2.124
3155.6;0.344
3156.1;1.818
3156.6;1.536
3157.1;2.138
3157.6;2.618
3158.1;1.133
3158.6;1.981
3159.1;3.097
3159.6;1.574
3160.1;2.417
3160.6;3.057
3161.1;0.843
3161.6;3.649
3162.1;2.248
3162.6;1.096
3163.1;3.249
3163.6;1.113
3164.1;2.725
3164.6;4.753
3165.1;2.425
3165.6;2.281
3166.1;3.445
3166.6;1.886
3167.1;1.982
3167.6;2.463
3168.1;2.289
3168.6;2.554
3169.1;1.932
3169.6;2.432
3170.1;3.122
3170.6;2.573
3171.1;3.227
3171.6;3.739
3172.1;1.655
3172.6;5.435
3173.1;4.181
3173.6;2.375
3174.1;6.636
3174.6;5.478
3175.1;2.17
3175.6;8.391
3176.1;6.997
3176.6;2.894
3177.1;6.788
3177.6;2.19
3178.1;7.231
3178.6;8.38
3179.1;2.767
3179.6;8.672
3180.1;2.521
3180.6;5.218
3181.1;3.092
3181.6;3.399
3182.1;2.6
3182.6;1.985
3183.1;1.765
3183.6;1.839
3184.1;3.486
3184.6;1.556
3185.1;4.932
3185.6;4.954
3186.1;1.973
3186.6;6.149
3187.1;2.375
3187.6;4.825
3188.1;6.515
3188.6;0.978
3189.1;7.507
3189.6;5.216
3190.1;2.72
3190.6;11.647
3191.1;6.411
3191.6;9.391
3192.1;14.192
3192.6;2.623
3193.1;16.402
3193.6;10.515
3194.1;5.27
3194.6;13.824
3195.1;4.91
3195.6;28.35
3196.1;17.551
3196.6;27.593
3197.1;38.164
3197.6;20.943
3198.1;32.134
3198.6;38.876
3199.1;21.867
3199.6;22.879
3200.1;24.154
3200.6;8.076
3201.1;21.734
3201.6;9.742
3202.1;7.879
3202.6;15.338
3203.1;4.553
3203.6;13.036
3204.1;14.079
3204.6;4.321
3205.1;15.09
3205.6;9.231
3206.1;8.084
3206.6;16.079
3207.1;3.693
3207.6;9.445
3208.1;9.627
3208.6;2.262
3209.1;11.773
3209.6;8.323
3210.1;6.354
3210.6;9.051
3211.1;2.557
3211.6;7.262
3212.1;6.565
3212.6;4.552
3213.1;4.046
3213.6;7.991
3214.1;7.113
3214.6;13.691
3215.1;11.964
3215.6;20.263
3216.1;16.747
3216.6;16.662
3217.1;16.801
3217.6;12.065
3218.1;5.665
3218.6;8.637
3219.1;4.622
3219.6;3.641
3220.1;8.823
3220.6;5.88
3221.1;8.289
3221.6;6.797
3222.1;11.72
3222.6;6.004
3223.1;6.173
3223.6;8.91
3224.1;4.779
3224.6;7.269
3225.1;10.72
3225.6;3.421
3226.1;5.529
3226.6;6.857
3227.1;1.892
3227.6;5.428
3228.1;2.761
3228.6;2.387
3229.1;4.343
3229.6;1.793
3230.1;2.906
3230.6;3.592
3231.1;1.164
3231.6;2.563
3232.1;2.59
3232.6;1.334
3233.1;2.562
3233.6;2.465
3234.1;2.533
3234.6;2.514
3235.1;3.476
3235.6;2.924
3236.1;3.556
3236.6;2.063
3237.1;3.345
3237.6;1.016
3238.1;2.822
3238.6;0.565
3239.1;1.159
3239.6;3.665
3240.1;1.952
3240.6;1.407
3241.1;4.926
3241.6;0.854
3242.1;3.345
3242.6;2.903
3243.1;1.614
3243.6;3.187
3244.1;2.153
3244.6;1.627
3245.1;3.267
3245.6;1.939
3246.1;1.911
3246.6;2.486
3247.1;1.044
3247.6;1.688
3248.1;2.89
3248.6;3.575
3249.1;7.51
3249.6;4.278
3250.1;5.411
3250.6;5.342
3251.1;4.577
3251.6;4.486
3252.1;3.088
3252.6;4.307
3253.1;2.275
3253.6;1.651
3254.1;2.474
3254.6;1.752
3255.1;0.842
3255.6;2.158
3256.1;1.245
3256.6;1.571
3257.1;1.197
3257.6;1.329
3258.1;1.86
3258.6;0.385
3259.1;1.779
3259.6;1.067
3260.1;0.499
3260.6;0.931
3261.1;0.52
3261.6;0.93
3262.1;0.408
3262.6;0.904
3263.1;1.129
3263.6;0.403
3264.1;0.735
3264.6;1.139
3265.1;1.455
3265.6;0.878
3266.1;1.545
3266.6;0.73
3267.1;1.191
3267.6;1.95
3268.1;1.833
3268.6;1.443
3269.1;0.642
3269.6;0.919
3270.1;0.913
3270.6;1.655
3271.1;0.796
3271.6;1.418
3272.1;0.795
3272.6;0.291
3273.1;1.079
3273.6;1.159
3274.1;1.669
3274.6;1.077
3275.1;1.404
3275.6;1.512
3276.1;1.112
3276.6;0.587
3277.1;0.617
3277.6;0.135
3278.1;0.581
3278.6;1.431
3279.1;0.748
3279.6;1.136
3280.1;1.717
3280.6;1.747
3281.1;0.881
3281.6;0.572
3282.1;0.768
3282.6;0.257
3283.1;0.731
3283.6;0.354
3284.1;0.806
3284.6;0.698
3285.1;0.911
3285.6;1.218
3286.1;0.723
3286.6;0.295
3287.1;0.788
3287.6;0.353
3288.1;0.958
3288.6;0.56
3289.1;0.989
3289.6;0.817
3290.1;0.591
3290.6;1.87
3291.1;0.652
3291.6;0.787
3292.1;1.423
3292.6;1.427
3293.1;0.777
3293.6;0.573
3294.1;1.287
3294.6;0.778
3295.1;0.865
3295.6;1.557
3296.1;0.526
3296.6;0.496
3297.1;1.97
3297.6;1.958
3298.1;0.883
3298.6;2.618
3299.1;0.759
3299.6;1.847
3300.1;0.309
3300.6;1.69
3301.1;0.255
3301.6;1.402
3302.1;0.493
3302.6;1.343
3303.1;1.026
3303.6;1.17
3304.1;1.081
3304.6;0.604
3305.1;1.604
3305.6;0.833
3306.1;0.949
3306.6;0.682
3307.1;0.819
3307.6;1.084
3308.1;1.687
3308.6;1.235
3309.1;0.556
3309.6;0.579
3310.1;0.258
3310.6;0.611
3311.1;0.957
3311.6;1.689
3312.1;0.462
3312.6;0.87
3313.1;0.829
3313.6;2.111
3314.1;0.401
3314.6;0.794
3315.1;0.737
3315.6;1.466
3316.1;0.244
3316.6;0.887
3317.1;1.25
3317.6;1.888
3318.1;0.339
3318.6;0.625
3319.1;1.632
3319.6;0.551
3320.1;0.904
3320.6;1.284
3321.1;2.014
3321.6;0.644
3322.1;0.849
3322.6;1.019
3323.1;2.155
3323.6;0.591
3324.1;1.008
3324.6;0.722
3325.1;1.168
3325.6;1.439
3326.1;1.857
3326.6;1.819
3327.1;2.016
3327.6;1.592
3328.1;1.962
3328.6;4.283
3329.1;4.212
3329.6;4.917
3330.1;7.417
3330.6;10.943
3331.1;13.824
3331.6;13.465
3332.1;8.338
3332.6;7.604
3333.1;6.804
3333.6;4.292
3334.1;1.58
3334.6;1.877
3335.1;4.785
3335.6;3.067
3336.1;4.047
3336.6;3.831
3337.1;2.65
3337.6;3.624
3338.1;3.386
3338.6;1.142
3339.1;1.106
3339.6;1.376
3340.1;1.647
3340.6;1.383
3341.1;1.368
3341.6;2.029
3342.1;2.09
3342.6;1.631
3343.1;0.289
3343.6;0.706
3344.1;0.419
3344.6;0.448
3345.1;1.051
3345.6;0.929
3346.1;0.891
3346.6;0.799
3347.1;0.756
3347.6;1.041
3348.1;0.727
3348.6;0.489
3349.1;0.88
3349.6;1.368
3350.1;1.216
3350.6;1.643
3351.1;0.765
3351.6;1.215
3352.1;0.533
3352.6;0.87
3353.1;0.249
3353.6;0.589
3354.1;1.193
3354.6;1.672
3355.1;0.517
3355.6;1.561
3356.1;1.016
3356.6;0.826
3357.1;0.175
3357.6;0.533
3358.1;0.318
3358.6;0.638
3359.1;0.706
3359.6;0.555
3360.1;0.509
3360.6;1.425
3361.1;0.905
3361.6;0.459
3362.1;0.909
3362.6;0.845
3363.1;0.698
3363.6;0.396
3364.1;0.74
3364.6;0.678
3365.1;0.415
3365.6;0.584
3366.1;1.011
3366.6;0.649
3367.1;0.787
3367.6;0.439
3368.1;0.619
3368.6;0.568
3369.1;0.599
3369.6;0.293
3370.1;0.392
3370.6;0.972
3371.1;0.975
3371.6;0.699
3372.1;0.493
3372.6;0.46
3373.1;0.256
3373.6;0.323
3374.1;0.287
3374.6;0.807
3375.1;1.017
3375.6;0.196
3376.1;1.026
3376.6;0.214
3377.1;0.379
3377.6;0.913
3378.1;1.038
3378.6;0.867
3379.1;0.719
3379.6;0.512
3380.1;0.753
3380.6;0.252
3381.1;0.262
3381.6;0.539
3382.1;0.4
3382.6;0.595
3383.1;0.98
3383.6;0.688
3384.1;0.493
3384.6;0.286
3385.1;0.193
3385.6;0.574
3386.1;0.385
3386.6;0.308
3387.1;0.377
3387.6;0.467
3388.1;0.356
3388.6;0.626
3389.1;0.458
3389.6;0.258
3390.1;0.137
3390.6;1.147
3391.1;0.134
3391.6;0.515
3392.1;0.185
3392.6;0.323
3393.1;0.727
3393.6;1.131
3394.1;0.619
3394.6;0.309
3395.1;0.118
3395.6;1.053
3396.1;0.992
3396.6;0.72
3397.1;0.425
3397.6;0.764
3398.1;1.004
3398.6;0.549
3399.1;1.279
3399.6;0.907
3400.1;1.631
3400.6;0.761
3401.1;1.379
3401.6;0.924
3402.1;0.869
3402.6;0.937
3403.1;0.874
3403.6;0.773
3404.1;0.582
3404.6;1.142
3405.1;0.636
3405.6;0.447
3406.1;1.06
3406.6;0.742
3407.1;0.485
3407.6;0.11
3408.1;0.094
3408.6;0.344
3409.1;0.52
3409.6;0.83
3410.1;1.047
3410.6;0.82
3411.1;0.55
3411.6;1.272
3412.1;0.216
3412.6;0.068
3413.1;0.515
3413.6;0.605
3414.1;1.453
3414.6;0.435
3415.1;0.794
3415.6;0.398
3416.1;0.638
3416.6;0.379
3417.1;0.579
3417.6;0.787
3418.1;0.73
3418.6;0.941
3419.1;0.338
3419.6;1.161
3420.1;0.484
3420.6;0.487
3421.1;0.381
3421.6;0.935
3422.1;0.686
3422.6;0.631
3423.1;0.86
3423.6;0.319
3424.1;0.574
3424.6;0.667
3425.1;0.727
3425.6;1.159
3426.1;0.475
3426.6;1.346
3427.1;0.306
3427.6;0.456
3428.1;0.117
3428.6;0.32
3429.1;0.652
3429.6;0.902
3430.1;0.679
3430.6;0.754
3431.1;1.051
3431.6;0.305
3432.1;0.881
3432.6;0.743
3433.1;0.595
3433.6;0.88
3434.1;0.825
3434.6;0.428
3435.1;0.697
3435.6;0.234
3436.1;1.478
3436.6;0.793
3437.1;2.355
3437.6;1.685
3438.1;1.693
3438.6;1.378
3439.1;0.824
3439.6;0.444
3440.1;0.424
3440.6;0.206
3441.1;0.371
3441.6;0.583
3442.1;0.913
3442.6;0.961
3443.1;1.799
3443.6;1.835
3444.1;1.347
3444.6;2.238
3445.1;2.496
3445.6;0.3
3446.1;1.178
3446.6;1.237
3447.1;1.571
3447.6;1.712
3448.1;2.477
3448.6;0.425
3449.1;0.849
3449.6;0.401
3450.1;0.964
3450.6;0.393
3451.1;1.826
3451.6;0.659
3452.1;0.745
3452.6;0.224
3453.1;1.27
3453.6;0.769
3454.1;0.601
3454.6;0.527
3455.1;0.688
3455.6;1.059
3456.1;0.811
3456.6;1.493
3457.1;0.188
3457.6;1.563
3458.1;0.377
3458.6;0.579
3459.1;0.373
3459.6;0.988
3460.1;0.481
3460.6;0.633
3461.1;0.501
3461.6;0.858
3462.1;0.736
3462.6;0.688
3463.1;0.945
3463.6;0.771
3464.1;0.309
3464.6;1.219
3465.1;0.573
3465.6;0.705
3466.1;0.874
3466.6;0.685
3467.1;0.737
3467.6;0.803
3468.1;0.574
3468.6;0.403
3469.1;0.939
3469.6;0.361
3470.1;0.624
3470.6;0.482
3471.1;0.553
3471.6;0.775
3472.1;0.559
3472.6;0.898
3473.1;0.326
3473.6;0.702
3474.1;0.493
3474.6;0.48
3475.1;0.701
3475.6;0.297
3476.1;0.11
3476.6;0.391
3477.1;0.503
3477.6;0.431
3478.1;0.544
3478.6;0.172
3479.1;0.409
3479.6;0.738
3480.1;0.332
3480.6;0.288
3481.1;0.671
3481.6;0.952
3482.1;0.12
3482.6;0.892
3483.1;0.787
3483.6;0.66
3484.1;0.794
3484.6;0.7
3485.1;0.61
3485.6;0.718
3486.1;0.33
3486.6;0.185
3487.1;0.166
3487.6;0.946
3488.1;1.103
3488.6;1.128
3489.1;0.577
3489.6;0.775
3490.1;0.503
3490.6;0.571
3491.1;0.629
3491.6;1.458
3492.1;1.305
3492.6;0.921
3493.1;1.345
3493.6;1.422
3494.1;0.872
3494.6;1.823
3495.1;3.218
3495.6;3.308
3496.1;4.6
3496.6;4.533
3497.1;7.515
3497.6;7.429
3498.1;5.555
3498.6;4.292
3499.1;3.371
3499.6;3.169
3500.1;2.117
3500.6;1.42
3501.1;1.046
3501.6;1.238
3502.1;0.745
3502.6;0.482
3503.1;0.7
3503.6;0.965
3504.1;0.276
3504.6;0.534
3505.1;0.248
3505.6;0.886
3506.1;0.629
3506.6;0.465
3507.1;0.449
3507.6;0.561
3508.1;0.368
3508.6;0.726
3509.1;1.32
3509.6;0.948
3510.1;1.223
3510.6;0.408
3511.1;0.493
3511.6;0.56
3512.1;0.436
3512.6;0.542
3513.1;0.846
3513.6;0.488
3514.1;0.291
3514.6;0.458
3515.1;1.272
3515.6;0.489
3516.1;0.62
3516.6;0.626
3517.1;0.231
3517.6;0.482
3518.1;0.836
3518.6;0.325
3519.1;1.582
3519.6;1.122
3520.1;0.926
3520.6;0.035
3521.1;1.134
3521.6;0.752
3522.1;0.866
3522.6;0.327
3523.1;1.137
3523.6;0.914
3524.1;0.536
3524.6;0.746
3525.1;1.686
3525.6;1.875
3526.1;1.013
3526.6;0.419
3527.1;0.547
3527.6;0.459
3528.1;0.569
3528.6;1.001
3529.1;1.51
3529.6;4.135
3530.1;4.42
3530.6;2.141
3531.1;1.425
3531.6;0.916
3532.1;0.929
3532.6;1.607
3533.1;0.38
3533.6;0.919
3534.1;0.391
3534.6;1.052
3535.1;0.579
3535.6;1.028
3536.1;0.644
3536.6;0.677
3537.1;1.524
3537.6;3.838
3538.1;3.101
3538.6;2.166
3539.1;2.699
3539.6;1.502
3540.1;0.529
3540.6;0.353
3541.1;0.38
3541.6;1.24
3542.1;0.117
3542.6;0.554
3543.1;0.282
3543.6;0.098
3544.1;0.677
3544.6;1.02
3545.1;0.709
3545.6;1.358
3546.1;0.861
3546.6;1.008
3547.1;1.17
3547.6;0.466
3548.1;0.576
3548.6;0.394
3549.1;0.542
3549.6;0.304
3550.1;0.383
3550.6;0.13
3551.1;0.518
3551.6;0.206
3552.1;0.616
3552.6;0.649
3553.1;0.178
3553.6;0.447
3554.1;0.185
3554.6;0.665
3555.1;0.083
3555.6;0.355
3556.1;0.328
3556.6;0.549
3557.1;0.109
3557.6;0.381
3558.1;0.485
3558.6;0.627
3559.1;0.455
3559.6;0.295
3560.1;0.299
3560.6;0.483
3561.1;0.341
3561.6;0.993
3562.1;0.783
3562.6;1.061
3563.1;0.35
3563.6;0.405
3564.1;1.022
3564.6;0.525
3565.1;0.682
3565.6;0.463
3566.1;0.74
3566.6;1.148
3567.1;0.434
3567.6;0.028
3568.1;0.457
3568.6;0.506
3569.1;0.645
3569.6;0.355
3570.1;0.218
3570.6;0.249
3571.1;0.208
3571.6;0.655
3572.1;0.16
3572.6;0.491
3573.1;0.465
3573.6;0.425
3574.1;0.508
3574.6;1.035
3575.1;0.555
3575.6;0.354
3576.1;1.103
3576.6;0.357
3577.1;0.364
3577.6;0.121
3578.1;0.305
3578.6;0.304
3579.1;0.71
3579.6;0.668
3580.1;1.021
3580.6;0.658
3581.1;0.537
3581.6;0.905
3582.1;0.544
3582.6;0.302
3583.1;0.799
3583.6;0.399
3584.1;0.69
3584.6;0.9
3585.1;0.507
3585.6;0.926
3586.1;0.135
3586.6;0.261
3587.1;0.633
3587.6;0.646
3588.1;0.39
3588.6;0.104
3589.1;0.511
3589.6;0.07
3590.1;0.307
3590.6;0.606
3591.1;0.579
3591.6;0.51
3592.1;0.95
3592.6;0.535
3593.1;0.611
3593.6;0.921
3594.1;1.001
3594.6;0.873
3595.1;0.894
3595.6;0.783
3596.1;0.677
3596.6;0.74
3597.1;0.383
3597.6;0.278
3598.1;0.945
3598.6;0.238
3599.1;0.298
3599.6;0.776
3600.1;0.844
3600.6;0.498
3601.1;0.771
3601.6;0.405
3602.1;0.656
3602.6;0.301
3603.1;0.776
3603.6;0.394
3604.1;0.217
3604.6;0.851
3605.1;0.582
3605.6;0.164
3606.1;0.529
3606.6;0.32
3607.1;0.594
3607.6;0.541
3608.1;0.568
3608.6;0.435
3609.1;0.661
3609.6;0.458
3610.1;0.271
3610.6;0.806
3611.1;0.037
3611.6;0.525
3612.1;0.499
3612.6;0.631
3613.1;0.497
3613.6;0.686
3614.1;0.564
3614.6;0.712
3615.1;0.566
3615.6;0.419
3616.1;0.283
3616.6;0.122
3617.1;0.597
3617.6;0.672
3618.1;1.296
3618.6;0.244
3619.1;0.492
3619.6;0.636
3620.1;0.685
3620.6;1.194
3621.1;0.972
3621.6;1.273
3622.1;0.175
3622.6;0.558
3623.1;0.515
3623.6;0.66
3624.1;0.139
3624.6;0.348
3625.1;0.263
3625.6;0.814
3626.1;0.357
3626.6;0.191
3627.1;0.632
3627.6;1.615
3628.1;0.733
3628.6;0.64
3629.1;2.082
3629.6;0.433
3630.1;0.087
3630.6;1.86
3631.1;1.075
3631.6;1.128
3632.1;1.964
3632.6;0.622
3633.1;1.196
3633.6;1.0
3634.1;1.924
3634.6;2.689
3635.1;2.897
3635.6;1.298
3636.1;1.247
3636.6;3.208
3637.1;6.219
3637.6;3.547
3638.1;2.544
3638.6;2.949
3639.1;2.169
3639.6;1.539
3640.1;1.373
3640.6;2.234
3641.1;2.011
3641.6;1.533
3642.1;0.823
3642.6;0.7
3643.1;0.602
3643.6;0.459
3644.1;0.28
3644.6;0.298
3645.1;0.859
3645.6;0.866
3646.1;0.77
3646.6;0.793
3647.1;0.525
3647.6;1.067
3648.1;0.773
3648.6;0.3
3649.1;1.201
3649.6;0.659
3650.1;0.802
3650.6;0.616
3651.1;1.314
3651.6;0.631
3652.1;1.844
3652.6;2.634
3653.1;1.515
3653.6;1.264
3654.1;0.71
3654.6;0.466
3655.1;1.075
3655.6;0.766
3656.1;1.486
3656.6;0.831
3657.1;0.933
3657.6;1.522
3658.1;1.009
3658.6;0.562
3659.1;0.953
3659.6;1.183
3660.1;2.201
3660.6;1.766
3661.1;0.98
3661.6;1.136
3662.1;0.899
3662.6;0.449
3663.1;0.898
3663.6;1.386
3664.1;0.664
3664.6;0.75
3665.1;0.991
3665.6;0.692
3666.1;0.923
3666.6;0.553
3667.1;1.546
3667.6;1.148
3668.1;1.249
3668.6;0.721
3669.1;0.598
3669.6;0.879
3670.1;0.208
3670.6;0.396
3671.1;0.166
3671.6;0.259
3672.1;0.521
3672.6;0.481
3673.1;0.918
3673.6;0.467
3674.1;0.705
3674.6;0.823
3675.1;0.373
3675.6;0.292
3676.1;0.712
3676.6;0.165
3677.1;0.46
3677.6;1.089
3678.1;1.151
3678.6;0.167
3679.1;1.161
3679.6;0.275
3680.1;1.472
3680.6;0.52
3681.1;1.167
3681.6;0.692
3682.1;0.49
3682.6;2.483
3683.1;3.508
3683.6;1.19
3684.1;0.235
3684.6;2.697
3685.1;1.289
3685.6;4.39
3686.1;5.939
3686.6;4.132
3687.1;2.572
3687.6;2.848
3688.1;0.835
3688.6;2.255
3689.1;2.086
3689.6;1.608
3690.1;2.304
3690.6;1.894
3691.1;1.748
3691.6;2.06
3692.1;1.024
3692.6;1.522
3693.1;1.131
3693.6;1.203
3694.1;1.735
3694.6;0.911
3695.1;1.157
3695.6;0.761
3696.1;1.125
3696.6;1.254
3697.1;0.523
3697.6;0.877
3698.1;0.363
3698.6;0.308
3699.1;0.482
3699.6;0.246
3700.1;0.467
3700.6;0.912
3701.1;0.088
3701.6;0.658
3702.1;0.268
3702.6;0.321
3703.1;0.873
3703.6;0.464
3704.1;0.279
3704.6;0.61
3705.1;0.984
3705.6;0.617
3706.1;0.106
3706.6;1.041
3707.1;0.165
3707.6;0.138
3708.1;0.904
3708.6;0.903
3709.1;1.178
3709.6;0.518
3710.1;0.33
3710.6;0.677
3711.1;0.329
3711.6;0.73
3712.1;1.298
3712.6;0.465
3713.1;1.06
3713.6;0.212
3714.1;0.646
3714.6;0.697
3715.1;0.183
3715.6;0.532
3716.1;0.365
3716.6;0.134
3717.1;0.006
3717.6;0.585
3718.1;0.331
3718.6;0.842
3719.1;0.263
3719.6;0.506
3720.1;0.407
3720.6;0.317
3721.1;0.496
3721.6;1.128
3722.1;0.338
3722.6;0.454
3723.1;0.554
3723.6;0.715
3724.1;0.234
3724.6;0.575
3725.1;0.477
3725.6;0.18
3726.1;0.729
3726.6;0.285
3727.1;1.106
3727.6;0.759
3728.1;0.781
3728.6;0.437
3729.1;0.723
3729.6;0.347
3730.1;0.721
3730.6;0.185
3731.1;0.374
3731.6;0.709
3732.1;0.432
3732.6;0.603
3733.1;0.85
3733.6;0.43
3734.1;0.826
3734.6;0.372
3735.1;0.438
3735.6;0.282
3736.1;0.323
3736.6;0.467
3737.1;0.339
3737.6;0.448
3738.1;0.322
3738.6;0.568
3739.1;0.315
3739.6;0.639
3740.1;0.374
3740.6;0.239
3741.1;0.345
3741.6;0.331
3742.1;0.017
3742.6;0.465
3743.1;0.327
3743.6;0.35
3744.1;0.244
3744.6;0.393
3745.1;0.567
3745.6;0.694
3746.1;0.296
3746.6;0.892
3747.1;0.505
3747.6;0.541
3748.1;0.66
3748.6;0.587
3749.1;0.447
3749.6;0.982
3750.1;0.454
3750.6;0.47
3751.1;0.816
3751.6;0.679
3752.1;0.668
3752.6;0.586
3753.1;0.651
3753.6;1.036
3754.1;0.617
3754.6;0.634
3755.1;0.873
3755.6;0.805
3756.1;0.209
3756.6;0.25
3757.1;0.636
3757.6;0.835
3758.1;0.816
3758.6;0.551
3759.1;0.865
3759.6;0.448
3760.1;0.458
3760.6;0.742
3761.1;0.553
3761.6;0.368
3762.1;0.54
3762.6;0.654
3763.1;0.925
3763.6;0.669
3764.1;0.554
3764.6;0.588
3765.1;0.926
3765.6;0.511
3766.1;1.224
3766.6;0.466
3767.1;0.287
3767.6;0.07
3768.1;0.148
3768.6;0.5
3769.1;0.347
3769.6;1.43
3770.1;0.412
3770.6;0.777
3771.1;0.601
3771.6;0.635
3772.1;0.648
3772.6;0.711
3773.1;0.836
3773.6;0.671
3774.1;0.773
3774.6;0.866
3775.1;1.957
3775.6;1.409
3776.1;1.781
3776.6;2.954
3777.1;2.181
3777.6;4.522
3778.1;3.072
3778.6;5.314
3779.1;5.181
3779.6;8.643
3780.1;11.812
3780.6;13.503
3781.1;11.692
3781.6;6.976
3782.1;8.157
3782.6;6.604
3783.1;8.017
3783.6;3.016
3784.1;5.497
3784.6;4.52
3785.1;3.157
3785.6;2.626
3786.1;2.144
3786.6;1.741
3787.1;1.193
3787.6;1.471
3788.1;2.076
3788.6;0.852
3789.1;1.835
3789.6;1.146
3790.1;1.079
3790.6;0.445
3791.1;1.187
3791.6;0.629
3792.1;1.653
3792.6;0.89
3793.1;1.391
3793.6;0.257
3794.1;1.054
3794.6;0.69
3795.1;0.465
3795.6;0.483
3796.1;0.481
3796.6;1.358
3797.1;0.635
3797.6;1.337
3798.1;1.281
3798.6;1.094
3799.1;0.67
3799.6;1.735
3800.1;0.604
3800.6;1.371
3801.1;0.59
3801.6;1.896
3802.1;1.398
3802.6;1.433
3803.1;0.794
3803.6;1.07
3804.1;0.396
3804.6;0.114
3805.1;0.435
3805.6;0.148
3806.1;0.494
3806.6;0.332
3807.1;0.166
3807.6;0.217
3808.1;0.17
3808.6;0.221
3809.1;0.601
3809.6;0.265
3810.1;0.508
3810.6;0.259
3811.1;0.682
3811.6;0.309
3812.1;0.537
3812.6;0.606
3813.1;0.663
3813.6;0.739
3814.1;0.306
3814.6;0.662
3815.1;0.491
3815.6;1.075
3816.1;1.368
3816.6;0.488
3817.1;0.601
3817.6;0.299
3818.1;0.994
3818.6;0.627
3819.1;0.899
3819.6;0.72
3820.1;0.365
3820.6;0.353
3821.1;0.812
3821.6;0.133
3822.1;2.129
3822.6;1.531
3823.1;1.874
3823.6;1.127
3824.1;0.241
3824.6;0.34
3825.1;0.308
3825.6;0.468
3826.1;0.038
3826.6;0.59
3827.1;0.887
3827.6;0.293
3828.1;0.4
3828.6;0.341
3829.1;0.894
3829.6;1.008
3830.1;0.761
3830.6;1.161
3831.1;0.733
3831.6;0.911
3832.1;1.832
3832.6;1.292
3833.1;1.768
3833.6;2.773
3834.1;2.244
3834.6;2.398
3835.1;1.62
3835.6;1.313
3836.1;3.008
3836.6;2.556
3837.1;2.582
3837.6;3.328
3838.1;2.795
3838.6;4.015
3839.1;4.286
3839.6;3.429
3840.1;2.824
3840.6;2.535
3841.1;2.698
3841.6;1.98
3842.1;2.771
3842.6;1.898
3843.1;1.228
3843.6;0.564
3844.1;0.609
3844.6;0.349
3845.1;1.391
3845.6;0.638
3846.1;0.767
3846.6;0.55
3847.1;0.012
3847.6;0.469
3848.1;0.411
3848.6;0.442
3849.1;0.708
3849.6;0.513
3850.1;0.565
3850.6;0.614
3851.1;0.644
3851.6;0.599
3852.1;0.45
3852.6;0.988
3853.1;0.459
3853.6;0.439
3854.1;0.625
3854.6;0.306
3855.1;1.116
3855.6;0.719
3856.1;0.669
3856.6;0.275
3857.1;0.222
3857.6;0.417
3858.1;0.643
3858.6;0.185
3859.1;0.606
3859.6;0.103
3860.1;0.959
3860.6;0.97
3861.1;0.372
3861.6;0.679
3862.1;0.311
3862.6;0.164
3863.1;0.893
3863.6;0.113
3864.1;0.617
3864.6;0.372
3865.1;0.541
3865.6;0.336
3866.1;1.578
3866.6;1.231
3867.1;0.574
3867.6;1.358
3868.1;0.65
3868.6;0.553
3869.1;0.158
3869.6;0.348
3870.1;0.285
3870.6;0.597
3871.1;0.74
3871.6;0.852
3872.1;0.268
3872.6;0.564
3873.1;0.612
3873.6;0.713
3874.1;0.772
3874.6;0.404
3875.1;0.816
3875.6;1.116
3876.1;0.593
3876.6;0.969
3877.1;0.737
3877.6;0.406
3878.1;0.463
3878.6;0.234
3879.1;0.501
3879.6;0.783
3880.1;0.653
3880.6;0.749
3881.1;0.59
3881.6;0.257
3882.1;0.36
3882.6;0.446
3883.1;0.153
3883.6;0.485
3884.1;0.582
3884.6;0.671
3885.1;0.701
3885.6;0.563
3886.1;0.669
3886.6;0.278
3887.1;0.279
3887.6;0.559
3888.1;0.572
3888.6;0.074
3889.1;1.083
3889.6;0.458
3890.1;0.781
3890.6;0.93
3891.1;0.469
3891.6;0.759
3892.1;0.813
3892.6;0.674
3893.1;0.311
3893.6;0.173
3894.1;0.443
3894.6;0.503
3895.1;0.312
3895.6;0.424
3896.1;0.013
3896.6;0.247
3897.1;0.089
3897.6;0.55
3898.1;0.314
3898.6;0.44
3899.1;0.074
3899.6;0.359
3900.1;0.215
3900.6;0.299
3901.1;0.375
3901.6;0.386
3902.1;0.254
3902.6;0.169
3903.1;0.48
3903.6;0.149
3904.1;0.131
3904.6;0.383
3905.1;0.249
3905.6;0.156
3906.1;0.246
3906.6;0.564
3907.1;0.481
3907.6;0.235
3908.1;0.4
3908.6;0.404
3909.1;0.267
3909.6;0.44
3910.1;0.274
3910.6;0.435
3911.1;0.644
3911.6;0.242
3912.1;0.354
3912.6;0.26
3913.1;0.082
3913.6;0.41
3914.1;0.277
3914.6;0.121
3915.1;0.801
3915.6;0.481
3916.1;0.378
3916.6;0.144
3917.1;0.21
3917.6;0.133
3918.1;0.53
3918.6;0.731
3919.1;1.056
3919.6;1.599
3920.1;0.689
3920.6;2.218
3921.1;1.956
3921.6;2.103
3922.1;2.081
3922.6;1.92
3923.1;1.325
3923.6;0.193
3924.1;0.601
3924.6;0.894
3925.1;1.0
3925.6;0.404
3926.1;0.438
3926.6;0.604
3927.1;0.796
3927.6;0.778
3928.1;0.55
3928.6;0.356
3929.1;0.478
3929.6;0.428
3930.1;0.376
3930.6;0.082
3931.1;0.226
3931.6;0.545
3932.1;0.718
3932.6;0.294
3933.1;0.536
3933.6;0.479
3934.1;0.174
3934.6;0.174
3935.1;0.211
3935.6;0.043
3936.1;0.137
3936.6;0.416
3937.1;0.444
3937.6;0.349
3938.1;0.144
3938.6;0.456
3939.1;0.563
3939.6;0.755
3940.1;0.892
3940.6;0.667
3941.1;0.545
3941.6;0.592
3942.1;0.502
3942.6;0.271
3943.1;0.381
3943.6;0.461
3944.1;0.859
3944.6;0.204
3945.1;0.252
3945.6;0.626
3946.1;0.404
3946.6;0.251
3947.1;0.294
3947.6;0.36
3948.1;0.131
3948.6;0.439
3949.1;0.47
3949.6;0.182
3950.1;0.439
3950.6;0.077
3951.1;0.344
3951.6;0.482
3952.1;0.226
3952.6;0.435
3953.1;0.403
3953.6;0.547
3954.1;0.631
3954.6;0.308
3955.1;0.998
3955.6;0.37
3956.1;0.864
3956.6;0.448
3957.1;0.183
3957.6;0.53
3958.1;0.304
3958.6;0.455
3959.1;0.604
3959.6;0.5
3960.1;0.185
3960.6;0.349
3961.1;0.461
3961.6;0.231
3962.1;0.562
3962.6;0.533
3963.1;0.21
3963.6;0.412
3964.1;0.081
3964.6;0.228
3965.1;0.152
3965.6;0.346
3966.1;0.221
3966.6;0.359
3967.1;0.208
3967.6;0.491
3968.1;0.189
3968.6;0.132
3969.1;0.337
3969.6;0.543
3970.1;0.432
3970.6;0.454
3971.1;0.574
3971.6;0.747
3972.1;0.67
3972.6;0.296
3973.1;0.987
3973.6;0.357
3974.1;0.499
3974.6;1.365
3975.1;0.332
3975.6;0.276
3976.1;0.404
3976.6;0.055
3977.1;0.695
3977.6;1.173
3978.1;0.081
3978.6;0.615
3979.1;0.21
3979.6;0.405
3980.1;0.168
3980.6;0.132
3981.1;0.268
3981.6;0.333
3982.1;0.719
3982.6;0.872
3983.1;0.264
3983.6;0.431
3984.1;0.651
3984.6;0.235
3985.1;0.41
3985.6;0.895
3986.1;0.129
3986.6;1.136
3987.1;0.858
3987.6;0.3
3988.1;1.17
3988.6;0.248
3989.1;0.464
3989.6;0.75
3990.1;0.33
3990.6;0.959
3991.1;0.139
3991.6;0.665
3992.1;0.202
3992.6;0.682
3993.1;0.79
3993.6;0.268
3994.1;0.402
3994.6;0.5
3995.1;0.4
3995.6;0.529
3996.1;0.123
3996.6;0.351
3997.1;0.449
3997.6;0.421
3998.1;0.355
3998.6;0.248
3999.1;0.063
3999.6;0.382
4000.1;0.587
4000.6;0.215
4001.1;0.25
4001.6;0.273
4002.1;0.162
4002.6;0.288
4003.1;0.099
4003.6;0.397
4004.1;0.516
4004.6;0.871
4005.1;0.707
4005.6;0.632
4006.1;0.679
4006.6;0.412
4007.1;0.916
4007.6;0.72
4008.1;0.803
4008.6;1.101
4009.1;1.401
4009.6;0.967
4010.1;1.194
4010.6;1.172
4011.1;1.17
4011.6;1.132
4012.1;0.838
4012.6;1.621
4013.1;1.636
4013.6;2.048
4014.1;2.099
4014.6;2.096
4015.1;2.084
4015.6;1.383
4016.1;0.977
4016.6;1.231
4017.1;0.918
4017.6;1.962
4018.1;2.006
4018.6;2.891
4019.1;1.993
4019.6;1.133
4020.1;0.335
4020.6;0.703
4021.1;0.828
4021.6;1.845
4022.1;3.97
4022.6;5.291
4023.1;4.956
4023.6;3.652
4024.1;3.798
4024.6;5.046
4025.1;5.174
4025.6;4.69
4026.1;5.048
4026.6;5.025
4027.1;4.709
4027.6;4.283
4028.1;4.032
4028.6;3.219
4029.1;2.955
4029.6;2.154
4030.1;2.563
4030.6;2.143
4031.1;1.628
4031.6;1.677
4032.1;0.768
4032.6;1.772
4033.1;1.636
4033.6;1.303
4034.1;1.153
4034.6;0.493
4035.1;1.144
4035.6;0.821
4036.1;1.136
4036.6;1.147
4037.1;1.004
4037.6;1.436
4038.1;2.284
4038.6;2.242
4039.1;2.453
4039.6;2.044
4040.1;0.879
4040.6;0.085
4041.1;1.033
4041.6;1.59
4042.1;3.368
4042.6;4.374
4043.1;4.923
4043.6;3.821
4044.1;2.168
4044.6;2.028
4045.1;1.738
4045.6;2.143
4046.1;2.046
4046.6;1.349
4047.1;0.961
4047.6;0.583
4048.1;0.826
4048.6;0.45
4049.1;0.573
4049.6;1.102
4050.1;1.883
4050.6;0.928
4051.1;1.132
4051.6;0.58
4052.1;0.114
4052.6;0.697
4053.1;0.757
4053.6;0.67
4054.1;1.25
4054.6;0.366
4055.1;0.858
4055.6;0.696
4056.1;0.921
4056.6;1.095
4057.1;0.979
4057.6;0.678
4058.1;0.775
4058.6;0.661
4059.1;0.367
4059.6;0.634
4060.1;0.636
4060.6;0.608
4061.1;0.646
4061.6;0.649
4062.1;0.381
4062.6;0.586
4063.1;0.397
4063.6;0.617
4064.1;1.002
4064.6;0.506
4065.1;0.573
4065.6;0.236
4066.1;0.476
4066.6;0.732
4067.1;0.577
4067.6;0.611
4068.1;1.101
4068.6;0.376
4069.1;0.649
4069.6;0.519
4070.1;0.366
4070.6;0.489
4071.1;0.762
4071.6;0.209
4072.1;0.515
4072.6;0.756
4073.1;0.112
4073.6;0.927
4074.1;0.372
4074.6;0.87
4075.1;0.765
4075.6;0.483
4076.1;0.737
4076.6;0.278
4077.1;0.88
4077.6;0.189
4078.1;0.684
4078.6;0.631
4079.1;0.784
4079.6;0.849
4080.1;0.142
4080.6;0.478
4081.1;0.243
4081.6;0.576
4082.1;0.248
4082.6;1.056
4083.1;1.375
4083.6;1.621
4084.1;2.741
4084.6;2.991
4085.1;3.083
4085.6;1.654
4086.1;2.964
4086.6;3.172
4087.1;2.406
4087.6;1.345
4088.1;1.512
4088.6;1.261
4089.1;0.965
4089.6;1.052
4090.1;0.588
4090.6;0.282
4091.1;0.554
4091.6;0.038
4092.1;0.825
4092.6;0.678
4093.1;1.205
4093.6;0.648
4094.1;1.206
4094.6;0.527
4095.1;1.451
4095.6;1.402
4096.1;1.08
4096.6;1.99
4097.1;0.572
4097.6;1.47
4098.1;1.736
4098.6;0.577
4099.1;1.215
4099.6;0.976
4100.1;0.775
4100.6;0.622
4101.1;1.016
4101.6;0.965
4102.1;0.29
4102.6;1.171
4103.1;0.659
4103.6;1.364
4104.1;0.925
4104.6;0.454
4105.1;1.103
4105.6;0.711
4106.1;0.789
4106.6;1.131
4107.1;0.996
4107.6;0.519
4108.1;1.052
4108.6;0.848
4109.1;0.453
4109.6;0.793
4110.1;1.132
4110.6;0.758
4111.1;1.308
4111.6;0.966
4112.1;0.296
4112.6;1.071
4113.1;0.679
4113.6;0.732
4114.1;0.694
4114.6;0.764
4115.1;0.886
4115.6;1.069
4116.1;1.247
4116.6;0.543
4117.1;1.44
4117.6;0.757
4118.1;1.108
4118.6;1.257
4119.1;0.766
4119.6;1.011
4120.1;1.164
4120.6;1.011
4121.1;0.929
4121.6;0.958
4122.1;0.583
4122.6;0.468
4123.1;0.789
4123.6;0.977
4124.1;0.931
4124.6;0.658
4125.1;0.749
4125.6;1.364
4126.1;0.368
4126.6;0.999
4127.1;0.247
4127.6;0.238
4128.1;0.487
4128.6;0.15
4129.1;0.741
4129.6;2.791
4130.1;1.84
4130.6;2.461
4131.1;1.402
4131.6;3.285
4132.1;2.809
4132.6;3.115
4133.1;1.875
4133.6;1.527
4134.1;2.301
4134.6;1.876
4135.1;1.443
4135.6;2.079
4136.1;1.018
4136.6;1.397
4137.1;1.431
4137.6;0.685
4138.1;1.273
4138.6;0.898
4139.1;1.099
4139.6;1.075
4140.1;0.536
4140.6;1.02
4141.1;0.732
4141.6;0.821
4142.1;0.9
4142.6;1.275
4143.1;0.588
4143.6;1.631
4144.1;0.174
4144.6;1.462
4145.1;1.295
4145.6;0.944
4146.1;1.418
4146.6;1.637
4147.1;0.32
4147.6;0.769
4148.1;0.719
4148.6;1.094
4149.1;1.451
4149.6;1.115
4150.1;0.855
4150.6;0.694
4151.1;0.959
4151.6;1.595
4152.1;1.69
4152.6;0.159
4153.1;0.228
4153.6;0.567
4154.1;0.409
4154.6;0.447
4155.1;1.266
4155.6;0.773
4156.1;0.618
4156.6;0.79
4157.1;1.234
4157.6;0.975
4158.1;0.185
4158.6;0.637
4159.1;0.708
4159.6;0.53
4160.1;1.068
4160.6;1.434
4161.1;1.243
4161.6;1.557
4162.1;0.894
4162.6;1.138
4163.1;1.113
4163.6;0.977
4164.1;1.817
4164.6;2.746
4165.1;4.282
4165.6;5.248
4166.1;4.096
4166.6;3.186
4167.1;1.818
4167.6;2.142
4168.1;1.065
4168.6;1.339
4169.1;0.793
4169.6;1.01
4170.1;1.045
4170.6;1.167
4171.1;1.774
4171.6;0.485
4172.1;1.034
4172.6;0.281
4173.1;1.413
4173.6;0.637
4174.1;0.252
4174.6;0.368
4175.1;0.893
4175.6;0.561
4176.1;0.888
4176.6;0.548
4177.1;0.384
4177.6;0.473
4178.1;0.862
4178.6;0.444
4179.1;0.467
4179.6;0.253
4180.1;0.511
4180.6;0.502
4181.1;0.246
4181.6;0.312
4182.1;0.382
4182.6;0.234
4183.1;0.149
4183.6;0.483
4184.1;0.101
4184.6;0.15
4185.1;0.381
4185.6;0.711
4186.1;0.358
4186.6;0.608
4187.1;0.191
4187.6;0.559
4188.1;0.418
4188.6;0.093
4189.1;0.083
4189.6;0.557
4190.1;0.261
4190.6;0.073
4191.1;0.155
4191.6;0.424
4192.1;0.674
4192.6;0.397
4193.1;0.198
4193.6;0.433
4194.1;0.268
4194.6;0.322
4195.1;0.52
4195.6;0.126
4196.1;0.611
4196.6;0.158
4197.1;0.517
4197.6;0.51
4198.1;0.27
4198.6;0.515
4199.1;0.473
4199.6;0.433
4200.1;0.774
4200.6;0.374
4201.1;0.664
4201.6;0.646
4202.1;0.527
4202.6;0.528
4203.1;0.582
4203.6;0.543
4204.1;0.366
4204.6;0.221
4205.1;0.478
4205.6;0.287
4206.1;0.597
4206.6;0.304
4207.1;0.564
4207.6;0.497
4208.1;0.217
4208.6;0.322
4209.1;0.264
4209.6;0.391
4210.1;0.113
4210.6;0.249
4211.1;0.124
4211.6;0.308
4212.1;0.389
4212.6;0.313
4213.1;0.206
4213.6;0.833
4214.1;0.264
4214.6;0.331
4215.1;0.485
4215.6;0.126
4216.1;0.252
4216.6;0.103
4217.1;0.39
4217.6;0.177
4218.1;0.294
4218.6;0.366
4219.1;0.401
4219.6;0.544
4220.1;0.09
4220.6;0.704
4221.1;0.395
4221.6;0.604
4222.1;0.572
4222.6;0.202
4223.1;0.578
4223.6;0.312
4224.1;0.555
4224.6;0.962
4225.1;0.489
4225.6;0.807
4226.1;0.641
4226.6;0.668
4227.1;0.731
4227.6;0.858
4228.1;0.47
4228.6;0.864
4229.1;0.51
4229.6;0.4
4230.1;0.953
4230.6;0.581
4231.1;0.937
4231.6;0.318
4232.1;0.413
4232.6;0.411
4233.1;0.624
4233.6;0.319
4234.1;1.01
4234.6;0.185
4235.1;0.869
4235.6;0.603
4236.1;1.197
4236.6;0.784
4237.1;0.672
4237.6;0.601
4238.1;0.798
4238.6;0.727
4239.1;0.786
4239.6;1.233
4240.1;0.397
4240.6;1.16
4241.1;0.363
4241.6;1.08
4242.1;0.766
4242.6;0.8
4243.1;1.24
4243.6;0.82
4244.1;0.709
4244.6;0.464
4245.1;0.124
4245.6;0.525
4246.1;0.649
4246.6;0.429
4247.1;0.699
4247.6;0.72
4248.1;0.619
4248.6;0.458
4249.1;1.067
4249.6;0.738
4250.1;0.737
4250.6;0.864
4251.1;0.74
4251.6;1.04
4252.1;0.752
4252.6;1.001
4253.1;1.022
4253.6;1.029
4254.1;0.895
4254.6;0.255
4255.1;0.798
4255.6;0.682
4256.1;0.311
4256.6;1.028
4257.1;0.865
4257.6;1.104
4258.1;1.077
4258.6;1.314
4259.1;0.654
4259.6;1.032
4260.1;0.82
4260.6;0.797
4261.1;1.127
4261.6;0.041
4262.1;0.845
4262.6;0.533
4263.1;0.95
4263.6;0.569
4264.1;0.809
4264.6;0.8
4265.1;0.87
4265.6;0.485
4266.1;0.351
4266.6;0.881
4267.1;0.458
4267.6;0.706
4268.1;0.644
4268.6;0.108
4269.1;0.676
4269.6;0.071
4270.1;0.666
4270.6;0.595
4271.1;1.043
4271.6;0.828
4272.1;0.23
4272.6;0.877
4273.1;0.428
4273.6;0.316
4274.1;0.563
4274.6;0.38
4275.1;0.637
4275.6;0.239
4276.1;0.694
4276.6;0.724
4277.1;0.588
4277.6;0.339
4278.1;0.774
4278.6;0.248
4279.1;0.593
4279.6;0.445
4280.1;0.491
4280.6;1.114
4281.1;0.663
4281.6;1.414
4282.1;0.871
4282.6;1.04
4283.1;0.36
4283.6;1.333
4284.1;1.009
4284.6;1.228
4285.1;1.464
4285.6;1.547
4286.1;0.777
4286.6;1.813
4287.1;0.967
4287.6;0.841
4288.1;1.65
4288.6;1.196
4289.1;2.505
4289.6;2.269
4290.1;0.678
4290.6;2.099
4291.1;0.596
4291.6;2.125
4292.1;0.235
4292.6;1.358
4293.1;0.539
4293.6;0.47
4294.1;0.52
4294.6;0.441
4295.1;0.94
4295.6;0.07
4296.1;1.276
4296.6;0.619
4297.1;0.724
4297.6;1.325
4298.1;1.855
4298.6;2.582
4299.1;2.052
4299.6;1.454
4300.1;1.66
4300.6;1.377
4301.1;2.083
4301.6;1.136
4302.1;1.611
4302.6;1.244
4303.1;1.931
4303.6;0.736
4304.1;1.683
4304.6;0.861
4305.1;1.713
4305.6;1.231
4306.1;0.923
4306.6;1.788
4307.1;0.328
4307.6;1.069
4308.1;0.36
4308.6;1.224
4309.1;0.334
4309.6;0.845
4310.1;0.714
4310.6;0.777
4311.1;1.18
4311.6;0.812
4312.1;1.134
4312.6;1.189
4313.1;1.072
4313.6;1.006
4314.1;0.956
4314.6;0.938
4315.1;0.726
4315.6;0.63
4316.1;0.092
4316.6;0.461
4317.1;0.449
4317.6;0.813
4318.1;0.422
4318.6;0.258
4319.1;0.539
4319.6;0.511
4320.1;1.142
4320.6;1.659
4321.1;0.902
4321.6;0.832
4322.1;0.508
4322.6;1.022
4323.1;1.06
4323.6;1.13
4324.1;0.731
4324.6;0.479
4325.1;0.772
4325.6;0.713
4326.1;1.28
4326.6;1.014
4327.1;0.619
4327.6;1.202
4328.1;1.394
4328.6;0.849
4329.1;0.66
4329.6;0.711
4330.1;0.853
4330.6;0.948
4331.1;0.841
4331.6;1.025
4332.1;0.795
4332.6;0.706
4333.1;0.988
4333.6;0.883
4334.1;0.902
4334.6;0.764
4335.1;0.999
4335.6;1.038
4336.1;0.856
4336.6;0.952
4337.1;1.011
4337.6;1.093
4338.1;1.164
4338.6;0.658
4339.1;1.159
4339.6;1.356
4340.1;0.922
4340.6;1.224
4341.1;0.52
4341.6;0.668
4342.1;0.266
4342.6;1.151
4343.1;0.593
4343.6;0.15
4344.1;0.965
4344.6;0.611
4345.1;0.902
4345.6;1.457
4346.1;1.369
4346.6;0.939
4347.1;1.395
4347.6;1.23
4348.1;1.38
4348.6;0.441
4349.1;0.918
4349.6;1.157
4350.1;1.238
4350.6;0.409
4351.1;0.506
4351.6;0.384
4352.1;0.239
4352.6;1.257
4353.1;1.905
4353.6;1.742
4354.1;1.116
4354.6;1.101
4355.1;2.152
4355.6;1.239
4356.1;1.78
4356.6;1.46
4357.1;1.02
4357.6;1.234
4358.1;0.193
4358.6;0.178
4359.1;1.006
4359.6;0.398
4360.1;0.79
4360.6;1.21
4361.1;0.831
4361.6;0.673
4362.1;0.312
4362.6;1.362
4363.1;0.212
4363.6;0.991
4364.1;1.16
4364.6;0.391
4365.1;0.639
4365.6;1.103
4366.1;0.184
4366.6;0.741
4367.1;0.915
4367.6;0.655
4368.1;0.44
4368.6;0.682
4369.1;0.653
4369.6;0.617
4370.1;0.563
4370.6;0.396
4371.1;0.52
4371.6;0.147
4372.1;0.197
4372.6;0.177
4373.1;0.52
4373.6;0.161
4374.1;0.335
4374.6;0.721
4375.1;0.455
4375.6;0.144
4376.1;0.39
4376.6;0.83
4377.1;0.441
4377.6;0.637
4378.1;0.215
4378.6;0.13
4379.1;0.222
4379.6;0.171
4380.1;0.259
4380.6;0.568
4381.1;0.483
4381.6;0.651
4382.1;0.338
4382.6;0.864
4383.1;0.032
4383.6;0.4
4384.1;0.257
4384.6;0.343
4385.1;0.349
4385.6;0.127
4386.1;0.591
4386.6;0.254
4387.1;0.228
4387.6;0.218
4388.1;0.261
4388.6;0.055
4389.1;0.469
4389.6;0.412
4390.1;0.089
4390.6;0.151
4391.1;0.275
4391.6;0.233
4392.1;0.286
4392.6;0.278
4393.1;0.335
4393.6;0.02
4394.1;0.4
4394.6;0.109
4395.1;0.407
4395.6;0.117
4396.1;0.143
4396.6;0.366
4397.1;0.115
4397.6;0.341
4398.1;0.592
4398.6;0.076
4399.1;0.464
4399.6;0.275
4400.1;0.276
4400.6;0.405
4401.1;0.148
4401.6;0.328
4402.1;0.4
4402.6;0.139
4403.1;0.268
4403.6;0.229
4404.1;0.087
4404.6;0.377
4405.1;0.371
4405.6;0.272
4406.1;0.394
4406.6;0.344
4407.1;0.276
4407.6;0.228
4408.1;0.29
4408.6;0.191
4409.1;0.098
4409.6;0.272
4410.1;0.299
4410.6;0.255
4411.1;0.332
4411.6;0.235
4412.1;0.897
4412.6;0.988
4413.1;1.871
4413.6;2.141
4414.1;2.185
4414.6;2.223
4415.1;1.412
4415.6;0.796
4416.1;0.771
4416.6;0.96
4417.1;0.616
4417.6;0.681
4418.1;0.687
4418.6;0.371
4419.1;0.987
4419.6;0.283
4420.1;0.484
4420.6;0.078
4421.1;0.314
4421.6;0.432
4422.1;0.089
4422.6;0.424
4423.1;0.247
4423.6;0.202
4424.1;0.249
4424.6;0.352
4425.1;0.225
4425.6;0.334
4426.1;0.474
4426.6;0.432
4427.1;0.722
4427.6;0.359
4428.1;0.539
4428.6;0.107
4429.1;0.331
4429.6;0.376
4430.1;0.34
4430.6;0.211
4431.1;0.507
4431.6;0.413
4432.1;0.148
4432.6;0.498
4433.1;0.919
4433.6;0.618
4434.1;2.328
4434.6;3.134
4435.1;1.528
4435.6;1.687
4436.1;0.909
4436.6;1.207
4437.1;1.042
4437.6;1.017
4438.1;0.77
4438.6;1.065
4439.1;0.704
4439.6;1.055
4440.1;0.464
4440.6;0.878
4441.1;0.764
4441.6;0.721
4442.1;0.598
4442.6;0.666
4443.1;0.55
4443.6;0.216
4444.1;0.55
4444.6;0.393
4445.1;0.706
4445.6;0.228
4446.1;0.386
4446.6;0.29
4447.1;0.319
4447.6;0.41
4448.1;0.181
4448.6;0.295
4449.1;0.445
4449.6;0.256
4450.1;0.495
4450.6;0.436
4451.1;0.298
4451.6;0.213
4452.1;0.294
4452.6;0.327
4453.1;0.236
4453.6;0.393
4454.1;0.166
4454.6;0.368
4455.1;0.317
4455.6;0.439
4456.1;0.133
4456.6;0.398
4457.1;0.149
4457.6;0.569
4458.1;0.203
4458.6;0.188
4459.1;0.23
4459.6;0.261
4460.1;0.181
4460.6;0.447
4461.1;0.067
4461.6;0.73
4462.1;0.187
4462.6;0.537
4463.1;0.227
4463.6;0.572
4464.1;0.221
4464.6;0.186
4465.1;0.055
4465.6;0.241
4466.1;0.253
4466.6;0.503
4467.1;0.264
4467.6;0.454
4468.1;0.262
4468.6;0.243
4469.1;0.228
4469.6;0.255
4470.1;0.237
4470.6;0.083
4471.1;0.333
4471.6;0.217
4472.1;0.023
4472.6;0.362
4473.1;0.567
4473.6;0.063
4474.1;0.535
4474.6;0.483
4475.1;0.094
4475.6;0.49
4476.1;0.524
4476.6;0.093
4477.1;0.247
4477.6;0.11
4478.1;0.466
4478.6;0.131
4479.1;0.19
4479.6;0.652
4480.1;0.535
4480.6;0.263
4481.1;0.33
4481.6;0.526
4482.1;0.146
4482.6;0.365
4483.1;0.093
4483.6;0.437
4484.1;0.244
4484.6;0.415
4485.1;0.24
4485.6;0.461
4486.1;0.354
4486.6;0.338
4487.1;0.346
4487.6;0.221
4488.1;0.224
4488.6;0.369
4489.1;0.139
4489.6;0.608
4490.1;0.094
4490.6;0.239
4491.1;0.469
4491.6;0.139
4492.1;0.602
4492.6;0.504
4493.1;0.041
4493.6;0.997
4494.1;0.92
4494.6;0.881
4495.1;0.972
4495.6;0.391
4496.1;0.558
4496.6;1.477
4497.1;0.779
4497.6;1.367
4498.1;1.761
4498.6;0.594
4499.1;0.95
4499.6;1.122
4500.1;0.293
4500.6;1.242
4501.1;1.19
4501.6;0.449
4502.1;1.331
4502.6;0.713
4503.1;1.168
4503.6;0.991
4504.1;0.349
4504.6;1.315
4505.1;0.629
4505.6;0.423
4506.1;0.739
4506.6;0.491
4507.1;1.093
4507.6;0.964
4508.1;0.843
4508.6;0.439
4509.1;0.095
4509.6;0.308
4510.1;1.111
4510.6;0.33
4511.1;0.082
4511.6;1.146
4512.1;0.847
4512.6;0.964
4513.1;0.531
4513.6;0.649
4514.1;0.619
4514.6;0.375
4515.1;0.518
4515.6;0.443
4516.1;0.1
4516.6;0.821
4517.1;0.385
4517.6;0.642
4518.1;0.473
4518.6;0.373
4519.1;0.561
4519.6;0.89
4520.1;0.42
4520.6;0.432
4521.1;0.415
4521.6;0.297
4522.1;0.374
4522.6;0.244
4523.1;0.233
4523.6;0.08
4524.1;0.37
4524.6;0.261
4525.1;0.357
4525.6;0.162
4526.1;0.443
4526.6;0.622
4527.1;0.492
4527.6;0.256
4528.1;0.626
4528.6;0.056
4529.1;0.428
4529.6;0.554
4530.1;0.462
4530.6;0.157
4531.1;0.189
4531.6;0.17
4532.1;0.252
4532.6;0.166
4533.1;0.171
4533.6;0.257
4534.1;0.425
4534.6;0.252
4535.1;0.255
4535.6;0.317
4536.1;0.294
4536.6;0.484
4537.1;0.184
4537.6;0.207
4538.1;0.327
4538.6;0.161
4539.1;0.463
4539.6;0.531
4540.1;0.119
4540.6;0.264
4541.1;0.185
4541.6;0.249
4542.1;0.468
4542.6;0.167
4543.1;0.498
4543.6;0.114
4544.1;0.204
4544.6;0.066
4545.1;0.143
4545.6;0.13
4546.1;0.365
4546.6;0.22
4547.1;0.447
4547.6;0.384
4548.1;0.265
4548.6;0.21
4549.1;0.297
4549.6;0.214
4550.1;0.036
4550.6;0.435
4551.1;0.481
4551.6;0.317
4552.1;0.172
4552.6;0.315
4553.1;0.134
4553.6;0.311
4554.1;0.187
4554.6;0.353
4555.1;0.339
4555.6;0.306
4556.1;0.201
4556.6;0.357
4557.1;0.377
4557.6;0.256
4558.1;0.28
4558.6;0.489
4559.1;0.257
4559.6;0.428
4560.1;0.316
4560.6;0.388
4561.1;0.127
4561.6;0.27
4562.1;0.45
4562.6;0.195
4563.1;0.432
4563.6;0.422
4564.1;0.039
4564.6;0.389
4565.1;0.254
4565.6;0.122
4566.1;0.073
4566.6;0.34
4567.1;0.314
4567.6;0.163
4568.1;0.212
4568.6;0.221
4569.1;0.266
4569.6;0.104
4570.1;0.233
4570.6;0.11
4571.1;0.136
4571.6;0.163
4572.1;0.226
4572.6;0.12
4573.1;0.09
4573.6;0.167
4574.1;0.539
4574.6;0.21
4575.1;0.384
4575.6;0.3
4576.1;0.236
4576.6;0.113
4577.1;0.209
4577.6;0.413
4578.1;0.108
4578.6;0.161
4579.1;0.267
4579.6;0.086
4580.1;0.362
4580.6;0.281
4581.1;0.144
4581.6;0.266
4582.1;0.442
4582.6;0.353
4583.1;0.472
4583.6;0.074
4584.1;0.33
4584.6;0.164
4585.1;0.081
4585.6;0.068
4586.1;0.24
4586.6;0.422
4587.1;0.345
4587.6;0.776
4588.1;0.705
4588.6;0.831
4589.1;0.826
4589.6;0.358
4590.1;0.624
4590.6;0.315
4591.1;0.438
4591.6;0.518
4592.1;0.217
4592.6;0.222
4593.1;0.23
4593.6;0.368
4594.1;0.343
4594.6;0.249
4595.1;0.188
4595.6;0.11
4596.1;0.213
4596.6;0.42
4597.1;0.395
4597.6;0.275
4598.1;0.178
4598.6;0.263
4599.1;0.051
4599.6;0.26
4600.1;0.316
4600.6;0.207
4601.1;0.344
4601.6;0.27
4602.1;0.094
4602.6;0.014
4603.1;0.249
4603.6;0.35
4604.1;0.16
4604.6;0.411
4605.1;0.105
4605.6;0.48
4606.1;0.317
4606.6;0.178
4607.1;0.299
4607.6;0.408
4608.1;0.249
4608.6;0.603
4609.1;0.312
4609.6;0.477
4610.1;0.341
4610.6;0.343
4611.1;0.491
4611.6;0.105
4612.1;0.11
4612.6;0.151
4613.1;0.066
4613.6;0.251
4614.1;0.336
4614.6;0.254
4615.1;0.413
4615.6;0.515
4616.1;0.414
4616.6;0.674
4617.1;0.321
4617.6;0.218
4618.1;0.287
4618.6;0.218
4619.1;0.298
4619.6;0.141
4620.1;0.335
4620.6;0.233
4621.1;0.242
4621.6;0.407
4622.1;0.351
4622.6;0.195
4623.1;0.252
4623.6;0.075
4624.1;0.042
4624.6;0.029
4625.1;0.339
4625.6;0.158
4626.1;0.342
4626.6;0.486
4627.1;0.338
4627.6;0.504
4628.1;0.333
4628.6;0.373
4629.1;0.343
4629.6;0.24
4630.1;0.248
4630.6;0.121
4631.1;0.129
4631.6;0.096
4632.1;0.272
4632.6;0.568
4633.1;0.796
4633.6;0.406
4634.1;0.468
4634.6;0.409
4635.1;0.235
4635.6;0.467
4636.1;0.34
4636.6;0.095
4637.1;0.116
4637.6;0.459
4638.1;0.43
4638.6;0.65
4639.1;0.163
4639.6;0.339
4640.1;0.173
4640.6;0.295
4641.1;0.542
4641.6;0.217
4642.1;0.077
4642.6;0.401
4643.1;0.244
4643.6;0.374
4644.1;0.232
4644.6;0.204
4645.1;0.286
4645.6;0.275
4646.1;0.17
4646.6;0.355
4647.1;0.256
4647.6;0.31
4648.1;0.3
4648.6;0.279
4649.1;0.047
4649.6;0.126
4650.1;0.161
4650.6;0.081
4651.1;0.069
4651.6;0.244
4652.1;0.075
4652.6;0.16
4653.1;0.107
4653.6;0.267
4654.1;0.137
4654.6;0.214
4655.1;0.227
4655.6;0.338
4656.1;0.403
4656.6;0.253
4657.1;0.374
4657.6;0.208
4658.1;0.539
4658.6;0.62
4659.1;0.47
4659.6;0.711
4660.1;0.909
4660.6;0.604
4661.1;0.485
4661.6;0.648
4662.1;0.43
4662.6;0.557
4663.1;0.494
4663.6;0.385
4664.1;0.159
4664.6;0.279
4665.1;0.155
4665.6;0.344
4666.1;0.311
4666.6;0.624
4667.1;0.282
4667.6;1.081
4668.1;1.024
4668.6;0.535
4669.1;0.22
4669.6;0.229
4670.1;0.373
4670.6;0.148
4671.1;0.063
4671.6;0.186
4672.1;0.357
4672.6;0.406
4673.1;0.052
4673.6;0.362
4674.1;0.267
4674.6;0.525
4675.1;0.295
4675.6;0.166
4676.1;0.127
4676.6;0.319
4677.1;0.204
4677.6;0.248
4678.1;0.252
4678.6;0.167
4679.1;0.402
4679.6;0.367
4680.1;0.194
4680.6;0.206
4681.1;0.263
4681.6;0.101
4682.1;0.318
4682.6;0.245
4683.1;0.372
4683.6;0.136
4684.1;0.344
4684.6;0.507
4685.1;0.299
4685.6;0.217
4686.1;0.266
4686.6;0.358
4687.1;0.046
4687.6;0.364
4688.1;0.014
4688.6;0.322
4689.1;0.495
4689.6;0.298
4690.1;0.243
4690.6;0.113
4691.1;0.127
4691.6;0.234
4692.1;0.078
4692.6;0.063
4693.1;0.263
4693.6;0.095
4694.1;0.101
4694.6;0.311
4695.1;0.193
4695.6;0.385
4696.1;0.135
4696.6;0.34
4697.1;0.216
4697.6;0.243
4698.1;0.122
4698.6;0.132
4699.1;0.071
4699.6;0.115
4700.1;0.152
4700.6;0.282
4701.1;0.356
4701.6;0.294
4702.1;0.128
4702.6;0.138
4703.1;0.428
4703.6;0.248
4704.1;0.368
4704.6;0.415
4705.1;0.106
4705.6;0.361
4706.1;0.13
4706.6;0.034
4707.1;0.435
4707.6;0.114
4708.1;0.149
4708.6;0.441
4709.1;0.201
4709.6;0.272
4710.1;0.298
4710.6;0.279
4711.1;0.081
4711.6;0.14
4712.1;0.201
4712.6;0.129
4713.1;0.266
4713.6;0.208
4714.1;0.134
4714.6;0.095
4715.1;0.228
4715.6;0.408
4716.1;0.144
4716.6;0.385
4717.1;0.034
4717.6;0.231
4718.1;0.189
4718.6;0.179
4719.1;0.335
4719.6;0.108
4720.1;0.139
4720.6;0.197
4721.1;0.311
4721.6;0.069
4722.1;0.098
4722.6;0.295
4723.1;0.156
4723.6;0.044
4724.1;0.077
4724.6;0.319
4725.1;0.29
4725.6;0.074
4726.1;0.241
4726.6;0.161
4727.1;0.193
4727.6;0.055
4728.1;0.295
4728.6;0.438
4729.1;0.14
4729.6;0.332
4730.1;0.24
4730.6;0.198
4731.1;0.231
4731.6;0.318
4732.1;0.332
4732.6;0.169
4733.1;0.522
4733.6;0.372
4734.1;0.301
4734.6;0.44
4735.1;0.231
4735.6;0.143
4736.1;0.176
4736.6;0.133
4737.1;0.088
4737.6;0.262
4738.1;0.364
4738.6;0.536
4739.1;0.163
4739.6;0.133
4740.1;0.337
4740.6;0.38
4741.1;0.137
4741.6;0.507
4742.1;0.274
4742.6;0.434
4743.1;0.553
4743.6;0.206
4744.1;0.193
4744.6;0.444
4745.1;0.559
4745.6;0.017
4746.1;0.074
4746.6;0.407
4747.1;0.255
4747.6;0.332
4748.1;0.193
4748.6;0.373
4749.1;0.176
4749.6;0.429
4750.1;0.308
4750.6;0.369
4751.1;0.147
4751.6;0.416
4752.1;0.844
4752.6;1.97
4753.1;1.813
4753.6;0.729
4754.1;2.878
4754.6;2.9
4755.1;1.516
4755.6;1.076
4756.1;1.338
4756.6;0.634
4757.1;0.359
4757.6;0.438
4758.1;0.842
4758.6;0.465
4759.1;0.492
4759.6;0.468
4760.1;0.526
4760.6;0.672
4761.1;0.135
4761.6;0.363
4762.1;0.431
4762.6;0.217
4763.1;0.399
4763.6;0.353
4764.1;0.201
4764.6;0.117
4765.1;0.275
4765.6;0.238
4766.1;0.348
4766.6;0.46
4767.1;0.35
4767.6;0.803
4768.1;0.588
4768.6;0.596
4769.1;0.449
4769.6;0.657
4770.1;0.615
4770.6;0.015
4771.1;0.403
4771.6;0.412
4772.1;0.512
4772.6;0.331
4773.1;0.403
4773.6;0.516
4774.1;0.066
4774.6;0.057
4775.1;0.062
4775.6;0.305
4776.1;0.069
4776.6;0.124
4777.1;0.256
4777.6;0.435
4778.1;0.244
4778.6;0.208
4779.1;0.46
4779.6;0.264
4780.1;0.393
4780.6;0.093
4781.1;0.473
4781.6;0.274
4782.1;0.441
4782.6;0.284
4783.1;0.27
4783.6;0.567
4784.1;0.586
4784.6;0.068
4785.1;0.247
4785.6;0.072
4786.1;0.173
4786.6;0.351
4787.1;0.03
4787.6;0.197
4788.1;0.397
4788.6;0.31
4789.1;0.152
4789.6;0.544
4790.1;0.023
4790.6;0.56
4791.1;0.193
4791.6;0.179
4792.1;0.531
4792.6;0.504
4793.1;0.34
4793.6;0.525
4794.1;0.2
4794.6;0.539
4795.1;0.282
4795.6;0.443
4796.1;0.594
4796.6;0.665
4797.1;1.092
4797.6;0.742
4798.1;0.752
4798.6;0.54
4799.1;0.364
4799.6;0.196
4800.1;0.15
4800.6;0.236
4801.1;0.271
4801.6;0.396
4802.1;0.198
4802.6;0.397
4803.1;0.345
4803.6;0.17
4804.1;0.286
4804.6;0.402
4805.1;0.218
4805.6;0.151
4806.1;0.189
4806.6;0.518
4807.1;0.499
4807.6;0.426
4808.1;0.601
4808.6;0.392
4809.1;0.342
4809.6;0.234
4810.1;0.128
4810.6;0.04
4811.1;0.21
4811.6;0.254
4812.1;0.211
4812.6;0.139
4813.1;0.051
4813.6;0.11
4814.1;0.29
4814.6;0.212
4815.1;0.466
4815.6;0.27
4816.1;0.378
4816.6;0.488
4817.1;0.014
4817.6;0.384
4818.1;0.216
4818.6;0.108
4819.1;0.377
4819.6;0.162
4820.1;0.265
4820.6;0.154
4821.1;0.204
4821.6;0.262
4822.1;0.202
4822.6;0.137
4823.1;0.259
4823.6;0.438
4824.1;0.468
4824.6;0.307
4825.1;0.691
4825.6;0.064
4826.1;0.265
4826.6;0.149
4827.1;0.349
4827.6;0.491
4828.1;0.067
4828.6;0.276
4829.1;0.334
4829.6;0.197
4830.1;0.076
4830.6;0.114
4831.1;0.231
4831.6;0.185
4832.1;0.493
4832.6;0.727
4833.1;0.447
4833.6;0.331
4834.1;0.705
4834.6;0.573
4835.1;0.286
4835.6;0.194
4836.1;0.066
4836.6;0.616
4837.1;0.426
4837.6;0.714
4838.1;0.767
4838.6;0.644
4839.1;0.258
4839.6;0.125
4840.1;0.267
4840.6;0.502
4841.1;0.484
4841.6;0.608
4842.1;0.272
4842.6;0.548
4843.1;0.135
4843.6;0.476
4844.1;0.34
4844.6;0.486
4845.1;0.762
4845.6;0.312
4846.1;0.82
4846.6;1.081
4847.1;1.189
4847.6;1.566
4848.1;1.043
4848.6;1.451
4849.1;1.069
4849.6;0.425
4850.1;0.689
4850.6;0.938
4851.1;1.035
4851.6;0.867
4852.1;0.558
4852.6;0.375
4853.1;0.676
4853.6;0.306
4854.1;0.714
4854.6;0.224
4855.1;0.391
4855.6;0.561
4856.1;0.229
4856.6;0.288
4857.1;0.292
4857.6;0.875
4858.1;1.258
4858.6;1.475
4859.1;1.185
4859.6;0.595
4860.1;1.214
4860.6;2.148
4861.1;2.448
4861.6;3.326
4862.1;3.777
4862.6;5.517
4863.1;7.41
4863.6;8.832
4864.1;8.756
4864.6;6.51
4865.1;2.469
4865.6;6.783
4866.1;8.293
4866.6;5.603
4867.1;3.433
4867.6;3.661
4868.1;3.097
4868.6;2.687
4869.1;1.826
4869.6;1.985
4870.1;1.505
4870.6;1.386
4871.1;1.622
4871.6;1.043
4872.1;0.819
4872.6;0.492
4873.1;0.8
4873.6;0.624
4874.1;0.804
4874.6;0.607
4875.1;0.81
4875.6;0.929
4876.1;1.202
4876.6;1.516
4877.1;1.533
4877.6;1.2
4878.1;1.274
4878.6;1.389
4879.1;1.408
4879.6;1.255
4880.1;0.957
4880.6;0.657
4881.1;0.719
4881.6;0.747
4882.1;0.394
4882.6;0.684
4883.1;0.553
4883.6;0.98
4884.1;1.118
4884.6;0.705
4885.1;1.086
4885.6;1.05
4886.1;0.575
4886.6;0.871
4887.1;0.743
4887.6;0.521
4888.1;0.792
4888.6;0.406
4889.1;0.051
4889.6;0.136
4890.1;0.502
4890.6;0.483
4891.1;0.119
4891.6;0.588
4892.1;0.289
4892.6;0.393
4893.1;0.288
4893.6;0.47
4894.1;0.388
4894.6;0.175
4895.1;0.457
4895.6;0.267
4896.1;0.315
4896.6;0.763
4897.1;0.283
4897.6;0.628
4898.1;0.403
4898.6;0.69
4899.1;0.61
4899.6;0.441
4900.1;0.651
4900.6;0.329
4901.1;0.383
4901.6;0.17
4902.1;0.485
4902.6;0.308
4903.1;0.34
4903.6;0.301
4904.1;0.204
4904.6;0.154
4905.1;0.296
4905.6;0.407
4906.1;0.421
4906.6;0.328
4907.1;0.47
4907.6;0.197
4908.1;0.031
4908.6;0.203
4909.1;0.21
4909.6;0.046
4910.1;0.196
4910.6;0.252
4911.1;0.322
4911.6;0.426
4912.1;0.487
4912.6;0.555
4913.1;0.701
4913.6;0.382
4914.1;0.275
4914.6;0.354
4915.1;0.437
4915.6;0.297
4916.1;0.222
4916.6;0.479
4917.1;0.265
4917.6;0.163
4918.1;0.538
4918.6;0.405
4919.1;0.335
4919.6;0.42
4920.1;0.487
4920.6;0.362
4921.1;0.308
4921.6;0.221
4922.1;0.691
4922.6;0.714
4923.1;1.31
4923.6;1.082
4924.1;0.98
4924.6;1.019
4925.1;1.298
4925.6;1.761
4926.1;1.65
4926.6;0.897
4927.1;0.847
4927.6;0.189
4928.1;0.604
4928.6;0.826
4929.1;0.659
4929.6;0.402
4930.1;0.919
4930.6;0.74
4931.1;0.554
4931.6;0.821
4932.1;0.541
4932.6;0.728
4933.1;1.656
4933.6;0.897
4934.1;0.96
4934.6;0.583
4935.1;0.769
4935.6;0.665
4936.1;0.892
4936.6;0.347
4937.1;0.783
4937.6;0.84
4938.1;0.186
4938.6;1.21
4939.1;0.703
4939.6;0.284
4940.1;0.886
4940.6;0.496
4941.1;0.428
4941.6;0.724
4942.1;0.433
4942.6;0.893
4943.1;0.462
4943.6;0.251
4944.1;0.107
4944.6;0.694
4945.1;0.443
4945.6;0.281
4946.1;0.889
4946.6;1.106
4947.1;2.073
4947.6;1.668
4948.1;1.339
4948.6;1.156
4949.1;0.876
4949.6;0.787
4950.1;0.32
4950.6;0.761
4951.1;0.214
4951.6;0.922
4952.1;0.256
4952.6;0.352
4953.1;0.219
4953.6;0.356
4954.1;0.433
4954.6;0.198
4955.1;0.268
4955.6;0.203
4956.1;0.603
4956.6;0.985
4957.1;1.284
4957.6;1.409
4958.1;1.599
4958.6;1.385
4959.1;0.198
4959.6;0.418
4960.1;1.005
4960.6;0.695
4961.1;0.717
4961.6;0.791
4962.1;0.461
4962.6;0.197
4963.1;0.697
4963.6;0.411
4964.1;1.094
4964.6;1.66
4965.1;0.948
4965.6;1.74
4966.1;0.561
4966.6;1.291
4967.1;0.495
4967.6;0.675
4968.1;0.53
4968.6;0.206
4969.1;0.516
4969.6;0.706
4970.1;0.362
4970.6;0.202
4971.1;0.674
4971.6;0.455
4972.1;0.3
4972.6;0.571
4973.1;0.395
4973.6;0.227
4974.1;0.319
4974.6;0.187
4975.1;0.224
4975.6;0.138
4976.1;0.36
4976.6;0.259
4977.1;0.669
4977.6;0.347
4978.1;0.502
4978.6;0.342
4979.1;1.543
4979.6;1.081
4980.1;0.761
4980.6;1.434
4981.1;1.203
4981.6;0.848
4982.1;1.313
4982.6;0.627
4983.1;0.27
4983.6;0.737
4984.1;0.203
4984.6;0.434
4985.1;0.201
4985.6;0.514
4986.1;0.195
4986.6;0.794
4987.1;0.566
4987.6;0.178
4988.1;0.589
4988.6;0.128
4989.1;0.57
4989.6;0.222
4990.1;0.547
4990.6;0.237
4991.1;0.809
4991.6;0.117
4992.1;0.558
4992.6;0.341
4993.1;0.192
4993.6;0.331
4994.1;0.615
4994.6;0.215
4995.1;0.399
4995.6;0.408
4996.1;0.369
4996.6;0.435
4997.1;0.364
4997.6;0.224
4998.1;0.162
4998.6;0.23
4999.1;0.168
4999.6;0.282
5000.1;0.163
5000.6;0.202
5001.1;0.236
5001.6;0.248
5002.1;0.061
5002.6;0.243
5003.1;0.438
5003.6;0.483
5004.1;0.553
5004.6;0.256
5005.1;0.459
5005.6;0.454
5006.1;0.55
5006.6;0.133
5007.1;0.197
5007.6;0.286
5008.1;0.424
5008.6;0.22
5009.1;0.535
5009.6;0.527
5010.1;0.213
5010.6;0.714
5011.1;0.175
5011.6;0.427
5012.1;0.408
5012.6;0.351
5013.1;0.402
5013.6;0.155
5014.1;0.252
5014.6;0.134
5015.1;0.156
5015.6;0.196
5016.1;0.264
5016.6;0.203
5017.1;0.198
5017.6;0.251
5018.1;0.157
5018.6;0.209
5019.1;0.147
5019.6;0.315
5020.1;0.255
5020.6;0.218
5021.1;0.233
5021.6;0.242
5022.1;0.161
5022.6;0.417
5023.1;0.165
5023.6;0.23
5024.1;0.084
5024.6;0.218
5025.1;0.235
5025.6;0.14
5026.1;0.136
5026.6;0.279
5027.1;0.074
5027.6;0.372
5028.1;0.105
5028.6;0.155
5029.1;0.201
5029.6;0.074
5030.1;0.043
5030.6;0.23
5031.1;0.168
5031.6;0.07
5032.1;0.354
5032.6;0.247
5033.1;0.248
5033.6;0.523
5034.1;0.217
5034.6;0.229
5035.1;0.053
5035.6;0.089
5036.1;0.17
5036.6;0.164
5037.1;0.265
5037.6;0.388
5038.1;0.113
5038.6;0.372
5039.1;0.182
5039.6;0.335
5040.1;0.257
5040.6;0.148
5041.1;0.173
5041.6;0.204
5042.1;0.084
5042.6;0.177
5043.1;0.172
5043.6;0.12
5044.1;0.162
5044.6;0.212
5045.1;0.214
5045.6;0.143
5046.1;0.126
5046.6;0.094
5047.1;0.075
5047.6;0.262
5048.1;0.244
5048.6;0.12
5049.1;0.168
5049.6;0.388
5050.1;0.119
5050.6;0.323
5051.1;0.465
5051.6;0.275
5052.1;0.324
5052.6;0.259
5053.1;0.351
5053.6;0.35
5054.1;0.08
5054.6;0.493
5055.1;0.307
5055.6;0.344
5056.1;0.147
5056.6;0.616
5057.1;0.159
5057.6;0.507
5058.1;0.341
5058.6;0.312
5059.1;0.31
5059.6;0.389
5060.1;0.209
5060.6;0.215
5061.1;0.459
5061.6;0.481
5062.1;0.122
5062.6;0.3
5063.1;0.423
5063.6;0.084
5064.1;0.41
5064.6;0.432
5065.1;0.264
5065.6;0.52
5066.1;0.319
5066.6;0.346
5067.1;0.071
5067.6;0.332
5068.1;0.146
5068.6;0.11
5069.1;0.075
5069.6;0.327
5070.1;0.241
5070.6;0.29
5071.1;0.311
5071.6;0.253
5072.1;0.227
5072.6;0.124
5073.1;0.358
5073.6;0.386
5074.1;0.098
5074.6;0.245
5075.1;0.052
5075.6;0.262
5076.1;0.15
5076.6;0.227
5077.1;0.154
5077.6;0.363
5078.1;0.237
5078.6;0.125
5079.1;0.204
5079.6;0.33
5080.1;0.33
5080.6;0.188
5081.1;0.334
5081.6;0.249
5082.1;0.316
5082.6;0.135
5083.1;0.177
5083.6;0.141
5084.1;0.433
5084.6;0.155
5085.1;0.223
5085.6;0.228
5086.1;0.061
5086.6;0.185
5087.1;0.139
5087.6;0.171
5088.1;0.303
5088.6;0.017
5089.1;0.395
5089.6;0.196
5090.1;0.315
5090.6;0.341
5091.1;0.313
5091.6;0.334
5092.1;0.355
5092.6;0.241
5093.1;0.346
5093.6;0.1
5094.1;0.23
5094.6;0.063
5095.1;0.24
5095.6;0.186
5096.1;0.012
5096.6;0.219
5097.1;0.111
5097.6;0.189
5098.1;0.291
5098.6;0.137
5099.1;0.193
5099.6;0.348
5100.1;0.195
5100.6;0.222
5101.1;0.138
5101.6;0.123
5102.1;0.155
5102.6;0.15
5103.1;0.302
5103.6;0.168
5104.1;0.085
5104.6;0.153
5105.1;0.093
5105.6;0.252
5106.1;0.334
5106.6;0.212
5107.1;0.05
5107.6;0.172
5108.1;0.153
5108.6;0.083
5109.1;0.057
5109.6;0.271
5110.1;0.233
5110.6;0.53
5111.1;0.163
5111.6;0.395
5112.1;0.235
5112.6;0.24
5113.1;0.332
5113.6;0.477
5114.1;0.106
5114.6;0.506
5115.1;0.11
5115.6;0.363
5116.1;0.182
5116.6;0.281
5117.1;0.037
5117.6;0.205
5118.1;0.058
5118.6;0.113
5119.1;0.272
5119.6;0.132
5120.1;0.305
5120.6;0.01
5121.1;0.136
5121.6;0.072
5122.1;0.188
5122.6;0.13
5123.1;0.12
5123.6;0.195
5124.1;0.206
5124.6;0.017
5125.1;0.148
5125.6;0.18
5126.1;0.422
5126.6;0.179
5127.1;0.313
5127.6;0.073
5128.1;0.163
5128.6;0.429
5129.1;0.255
5129.6;0.173
5130.1;0.376
5130.6;0.406
5131.1;0.241
5131.6;0.116
5132.1;0.239
5132.6;0.169
5133.1;0.175
5133.6;0.156
5134.1;0.15
5134.6;0.185
5135.1;0.189
5135.6;0.162
5136.1;0.175
5136.6;0.222
5137.1;0.209
5137.6;0.153
5138.1;0.393
5138.6;0.225
5139.1;0.21
5139.6;0.14
5140.1;0.111
5140.6;0.051
5141.1;0.112
5141.6;0.087
5142.1;0.366
5142.6;0.288
5143.1;0.163
5143.6;0.646
5144.1;0.303
5144.6;0.313
5145.1;0.248
5145.6;0.293
5146.1;0.189
5146.6;0.253
5147.1;0.122
5147.6;0.406
5148.1;0.237
5148.6;0.297
5149.1;0.339
5149.6;0.089
5150.1;0.114
5150.6;0.323
5151.1;0.126
5151.6;0.161
5152.1;0.313
5152.6;0.503
5153.1;0.256
5153.6;0.744
5154.1;0.574
5154.6;0.435
5155.1;0.684
5155.6;0.687
5156.1;0.14
5156.6;0.766
5157.1;0.629
5157.6;0.104
5158.1;0.358
5158.6;0.63
5159.1;0.443
5159.6;0.147
5160.1;0.202
5160.6;0.385
5161.1;0.228
5161.6;0.214
5162.1;0.167
5162.6;0.396
5163.1;0.454
5163.6;0.23
5164.1;0.437
5164.6;0.273
5165.1;0.384
5165.6;0.389
5166.1;0.217
5166.6;0.305
5167.1;0.329
5167.6;0.07
5168.1;0.275
5168.6;0.329
5169.1;0.165
5169.6;0.287
5170.1;0.182
5170.6;0.207
5171.1;0.018
5171.6;0.129
5172.1;0.184
5172.6;0.403
5173.1;0.074
5173.6;0.641
5174.1;0.657
5174.6;0.749
5175.1;0.449
5175.6;0.241
5176.1;0.513
5176.6;0.225
5177.1;0.701
5177.6;0.108
5178.1;0.861
5178.6;0.442
5179.1;0.579
5179.6;0.15
5180.1;1.117
5180.6;0.754
5181.1;0.7
5181.6;0.705
5182.1;0.563
5182.6;0.612
5183.1;0.996
5183.6;1.44
5184.1;0.778
5184.6;1.095
5185.1;0.319
5185.6;1.118
5186.1;0.517
5186.6;0.658
5187.1;0.546
5187.6;1.232
5188.1;1.164
5188.6;1.569
5189.1;2.227
5189.6;0.109
5190.1;1.459
5190.6;0.574
5191.1;2.077
5191.6;0.339
5192.1;0.436
5192.6;0.336
5193.1;0.895
5193.6;0.718
5194.1;0.649
5194.6;0.674
5195.1;0.145
5195.6;0.68
5196.1;1.009
5196.6;0.502
5197.1;0.882
5197.6;0.548
5198.1;0.652
5198.6;0.556
5199.1;0.252
5199.6;0.467
5200.1;0.085
5200.6;0.475
5201.1;0.534
5201.6;0.424
5202.1;0.233
5202.6;0.587
5203.1;0.136
5203.6;0.85
5204.1;0.014
5204.6;0.68
5205.1;0.464
5205.6;0.604
5206.1;0.631
5206.6;1.285
5207.1;1.173
5207.6;0.735
5208.1;0.675
5208.6;0.531
5209.1;0.736
5209.6;0.559
5210.1;0.67
5210.6;0.497
5211.1;0.211
5211.6;0.194
5212.1;0.493
5212.6;0.172
5213.1;0.606
5213.6;0.543
5214.1;1.075
5214.6;0.651
5215.1;0.582
5215.6;0.537
5216.1;0.586
5216.6;0.83
5217.1;0.469
5217.6;0.533
5218.1;0.513
5218.6;0.05
5219.1;0.276
5219.6;0.302
5220.1;0.186
5220.6;0.273
5221.1;0.176
5221.6;0.488
5222.1;0.292
5222.6;0.561
5223.1;0.196
5223.6;0.473
5224.1;0.445
5224.6;0.309
5225.1;0.559
5225.6;0.313
5226.1;0.338
5226.6;0.205
5227.1;0.092
5227.6;0.099
5228.1;0.196
5228.6;0.208
5229.1;0.3
5229.6;0.204
5230.1;0.258
5230.6;0.384
5231.1;0.164
5231.6;0.277
5232.1;0.129
5232.6;0.1
5233.1;0.255
5233.6;0.27
5234.1;0.279
5234.6;0.295
5235.1;0.257
5235.6;0.083
5236.1;0.288
5236.6;0.107
5237.1;0.207
5237.6;0.292
5238.1;0.11
5238.6;0.318
5239.1;0.274
5239.6;0.343
5240.1;0.318
5240.6;0.138
5241.1;0.214
5241.6;0.328
5242.1;0.092
5242.6;0.33
5243.1;0.079
5243.6;0.384
5244.1;0.053
5244.6;0.281
5245.1;0.189
5245.6;0.134
5246.1;0.091
5246.6;0.155
5247.1;0.148
5247.6;0.165
5248.1;0.051
5248.6;0.075
5249.1;0.166
5249.6;0.088
5250.1;0.465
5250.6;0.34
5251.1;0.226
5251.6;0.342
5252.1;0.237
5252.6;0.252
5253.1;0.267
5253.6;0.303
5254.1;0.198
5254.6;0.51
5255.1;0.145
5255.6;0.51
5256.1;0.357
5256.6;0.25
5257.1;0.188
5257.6;0.132
5258.1;0.116
5258.6;0.405
5259.1;0.237
5259.6;0.404
5260.1;0.287
5260.6;0.072
5261.1;0.361
5261.6;0.458
5262.1;0.192
5262.6;0.334
5263.1;0.216
5263.6;0.117
5264.1;0.15
5264.6;0.037
5265.1;0.15
5265.6;0.373
5266.1;0.098
5266.6;0.383
5267.1;0.273
5267.6;0.201
5268.1;0.191
5268.6;0.209
5269.1;0.179
5269.6;0.126
5270.1;0.164
5270.6;0.183
5271.1;0.16
5271.6;0.365
5272.1;0.261
5272.6;0.424
5273.1;0.37
5273.6;0.18
5274.1;0.253
5274.6;0.194
5275.1;0.33
5275.6;0.177
5276.1;0.487
5276.6;0.233
5277.1;0.573
5277.6;0.385
5278.1;0.096
5278.6;0.321
5279.1;0.371
5279.6;0.181
5280.1;0.268
5280.6;0.246
5281.1;0.084
5281.6;0.257
5282.1;0.116
5282.6;0.11
5283.1;0.191
5283.6;0.136
5284.1;0.24
5284.6;0.291
5285.1;0.252
5285.6;0.206
5286.1;0.238
5286.6;0.084
5287.1;0.25
5287.6;0.114
5288.1;0.245
5288.6;0.289
5289.1;0.167
5289.6;0.281
5290.1;0.323
5290.6;0.071
5291.1;0.32
5291.6;0.219
5292.1;0.111
5292.6;0.037
5293.1;0.091
5293.6;0.318
5294.1;0.217
5294.6;0.132
5295.1;0.261
5295.6;0.247
5296.1;0.262
5296.6;0.046
5297.1;0.27
5297.6;0.294
5298.1;0.084
5298.6;0.188
5299.1;0.214
5299.6;0.235
5300.1;0.086
5300.6;0.426
5301.1;0.39
5301.6;0.152
5302.1;0.323
5302.6;0.125
5303.1;0.097
5303.6;0.193
5304.1;0.114
5304.6;0.088
5305.1;0.259
5305.6;0.098
5306.1;0.144
5306.6;0.281
5307.1;0.062
5307.6;0.116
5308.1;0.129
5308.6;0.059
5309.1;0.233
5309.6;0.163
5310.1;0.053
5310.6;0.206
5311.1;0.119
5311.6;0.255
5312.1;0.184
5312.6;0.267
5313.1;0.216
5313.6;0.157
5314.1;0.055
5314.6;0.103
5315.1;0.233
5315.6;0.32
5316.1;0.331
5316.6;0.286
5317.1;0.159
5317.6;0.315
5318.1;0.09
5318.6;0.183
5319.1;0.452
5319.6;0.16
5320.1;0.515
5320.6;0.521
5321.1;0.334
5321.6;0.43
5322.1;0.305
5322.6;0.457
5323.1;0.386
5323.6;0.386
5324.1;0.304
5324.6;0.362
5325.1;0.403
5325.6;0.417
5326.1;0.486
5326.6;0.093
5327.1;0.12
5327.6;0.118
5328.1;0.265
5328.6;0.179
5329.1;0.311
5329.6;0.314
5330.1;0.236
5330.6;0.376
5331.1;0.046
5331.6;0.436
5332.1;0.312
5332.6;0.219
5333.1;0.547
5333.6;0.308
5334.1;0.118
5334.6;0.489
5335.1;0.173
5335.6;0.213
5336.1;0.206
5336.6;0.268
5337.1;0.191
5337.6;0.22
5338.1;0.139
5338.6;0.214
5339.1;0.149
5339.6;0.169
5340.1;0.153
5340.6;0.072
5341.1;0.2
5341.6;0.107
5342.1;0.143
5342.6;0.165
5343.1;0.191
5343.6;0.131
5344.1;0.208
5344.6;0.274
5345.1;0.094
5345.6;0.227
5346.1;0.388
5346.6;0.107
5347.1;0.234
5347.6;0.27
5348.1;0.241
5348.6;0.272
5349.1;0.129
5349.6;0.277
5350.1;0.269
5350.6;0.325
5351.1;0.222
5351.6;0.397
5352.1;0.301
5352.6;0.284
5353.1;0.223
5353.6;0.158
5354.1;0.165
5354.6;0.155
5355.1;0.193
5355.6;0.286
5356.1;0.057
5356.6;0.086
5357.1;0.179
5357.6;0.102
5358.1;0.245
5358.6;0.322
5359.1;0.029
5359.6;0.451
5360.1;0.134
5360.6;0.383
5361.1;0.238
5361.6;0.173
5362.1;0.143
5362.6;0.244
5363.1;0.135
5363.6;0.198
5364.1;0.148
5364.6;0.189
5365.1;0.355
5365.6;0.159
5366.1;0.27
5366.6;0.177
5367.1;0.101
5367.6;0.182
5368.1;0.069
5368.6;0.332
5369.1;0.288
5369.6;0.103
5370.1;0.217
5370.6;0.274
5371.1;0.168
5371.6;0.28
5372.1;0.213
5372.6;0.342
5373.1;0.574
5373.6;0.473
5374.1;0.366
5374.6;0.158
5375.1;0.247
5375.6;0.488
5376.1;0.723
5376.6;0.296
5377.1;0.295
5377.6;0.468
5378.1;0.494
5378.6;0.082
5379.1;0.466
5379.6;0.308
5380.1;0.18
5380.6;0.338
5381.1;0.081
5381.6;0.282
5382.1;0.372
5382.6;0.336
5383.1;0.292
5383.6;0.306
5384.1;0.13
5384.6;0.169
5385.1;0.209
5385.6;0.237
5386.1;0.084
5386.6;0.196
5387.1;0.246
5387.6;0.171
5388.1;0.496
5388.6;0.471
5389.1;0.182
5389.6;0.668
5390.1;0.325
5390.6;0.567
5391.1;0.585
5391.6;0.478
5392.1;0.218
5392.6;0.362
5393.1;0.405
5393.6;0.143
5394.1;0.303
5394.6;0.198
5395.1;0.22
5395.6;0.028
5396.1;0.194
5396.6;0.158
5397.1;0.191
5397.6;0.082
5398.1;0.218
5398.6;0.338
5399.1;0.101
5399.6;0.597
5400.1;0.236
5400.6;0.279
5401.1;0.383
5401.6;0.147
5402.1;0.238
5402.6;0.299
5403.1;0.19
5403.6;0.263
5404.1;0.247
5404.6;0.047
5405.1;0.235
5405.6;0.312
5406.1;0.061
5406.6;0.369
5407.1;0.31
5407.6;0.124
5408.1;0.381
5408.6;0.076
5409.1;0.296
5409.6;0.305
5410.1;0.112
5410.6;0.303
5411.1;0.382
5411.6;0.172
5412.1;0.537
5412.6;0.111
5413.1;0.576
5413.6;0.647
5414.1;0.353
5414.6;0.523
5415.1;0.137
5415.6;0.401
5416.1;0.238
5416.6;0.111
5417.1;0.139
5417.6;0.111
5418.1;0.184
5418.6;0.11
5419.1;0.507
5419.6;0.163
5420.1;0.428
5420.6;0.465
5421.1;0.151
5421.6;0.389
5422.1;0.429
5422.6;0.594
5423.1;0.44
5423.6;0.692
5424.1;0.442
5424.6;0.389
5425.1;0.252
5425.6;0.311
5426.1;0.394
5426.6;0.326
5427.1;0.41
5427.6;0.505
5428.1;0.472
5428.6;0.396
5429.1;0.646
5429.6;0.718
5430.1;0.589
5430.6;0.579
5431.1;0.692
5431.6;0.476
5432.1;0.724
5432.6;0.722
5433.1;0.333
5433.6;0.92
5434.1;0.872
5434.6;1.278
5435.1;1.509
5435.6;1.274
5436.1;1.442
5436.6;1.644
5437.1;1.649
5437.6;1.925
5438.1;2.119
5438.6;2.032
5439.1;2.046
5439.6;1.847
5440.1;1.862
5440.6;2.396
5441.1;3.165
5441.6;3.316
5442.1;3.245
5442.6;2.48
5443.1;2.35
5443.6;3.245
5444.1;3.873
5444.6;4.093
5445.1;4.109
5445.6;3.874
5446.1;3.217
5446.6;3.165
5447.1;3.509
5447.6;3.323
5448.1;3.442
5448.6;3.145
5449.1;2.709
5449.6;2.918
5450.1;2.849
5450.6;2.806
5451.1;2.83
5451.6;2.487
5452.1;2.141
5452.6;2.181
5453.1;1.916
5453.6;1.632
5454.1;1.63
5454.6;1.629
5455.1;1.634
5455.6;1.276
5456.1;1.639
5456.6;1.448
5457.1;1.249
5457.6;1.102
5458.1;1.382
5458.6;1.137
5459.1;0.583
5459.6;1.087
5460.1;0.735
5460.6;0.727
5461.1;0.604
5461.6;0.895
5462.1;0.712
5462.6;0.718
5463.1;0.955
5463.6;0.593
5464.1;0.806
5464.6;0.669
5465.1;0.679
5465.6;0.394
5466.1;0.76
5466.6;0.56
5467.1;0.738
5467.6;0.906
5468.1;0.728
5468.6;0.786
5469.1;0.695
5469.6;0.846
5470.1;0.548
5470.6;0.636
5471.1;0.498
5471.6;0.627
5472.1;0.143
5472.6;0.374
5473.1;0.324
5473.6;0.235
5474.1;0.165
5474.6;0.303
5475.1;0.408
5475.6;0.141
5476.1;0.439
5476.6;0.505
5477.1;0.447
5477.6;0.325
5478.1;0.44
5478.6;0.382
5479.1;0.434
5479.6;0.465
5480.1;0.661
5480.6;0.458
5481.1;0.497
5481.6;0.582
5482.1;0.476
5482.6;0.587
5483.1;0.557
5483.6;0.37
5484.1;0.622
5484.6;0.58
5485.1;0.243
5485.6;0.577
5486.1;0.46
5486.6;0.355
5487.1;0.582
5487.6;0.498
5488.1;0.325
5488.6;0.541
5489.1;0.42
5489.6;0.497
5490.1;0.57
5490.6;0.133
5491.1;0.461
5491.6;0.385
5492.1;0.125
5492.6;0.26
5493.1;0.574
5493.6;0.421
5494.1;0.409
5494.6;0.577
5495.1;0.451
5495.6;0.499
5496.1;0.421
5496.6;0.439
5497.1;0.486
5497.6;0.497
5498.1;0.504
5498.6;0.48
5499.1;0.381
5499.6;0.511
5500.1;0.46
5500.6;0.564
5501.1;0.471
5501.6;0.385
5502.1;0.447
5502.6;0.415
5503.1;0.087
5503.6;0.342
5504.1;0.346
5504.6;0.109
5505.1;0.363
5505.6;0.35
5506.1;0.1
5506.6;0.285
5507.1;0.456
5507.6;0.291
5508.1;0.519
5508.6;0.348
5509.1;0.358
5509.6;0.482
5510.1;0.134
5510.6;0.343
5511.1;0.335
5511.6;0.164
5512.1;0.139
5512.6;0.368
5513.1;0.207
5513.6;0.126
5514.1;0.253
5514.6;0.015
5515.1;0.006
5515.6;0.129
5516.1;0.191
5516.6;0.1
5517.1;0.233
5517.6;0.194
5518.1;0.107
5518.6;0.137
5519.1;0.142
5519.6;0.159
5520.1;0.096
5520.6;0.126
5521.1;0.235
5521.6;0.084
5522.1;0.248
5522.6;0.241
5523.1;0.088
5523.6;0.162
5524.1;0.229
5524.6;0.125
5525.1;0.108
5525.6;0.177
5526.1;0.412
5526.6;0.159
5527.1;0.302
5527.6;0.197
5528.1;0.155
5528.6;0.298
5529.1;0.307
5529.6;0.08
5530.1;0.435
5530.6;0.11
5531.1;0.516
5531.6;0.659
5532.1;0.226
5532.6;0.703
5533.1;0.641
5533.6;0.41
5534.1;0.459
5534.6;0.727
5535.1;0.796
5535.6;0.974
5536.1;0.71
5536.6;0.672
5537.1;0.696
5537.6;0.903
5538.1;0.861
5538.6;0.295
5539.1;0.854
5539.6;0.526
5540.1;0.139
5540.6;0.55
5541.1;0.33
5541.6;0.175
5542.1;0.393
5542.6;0.432
5543.1;0.712
5543.6;0.338
5544.1;0.296
5544.6;0.522
5545.1;0.488
5545.6;0.619
5546.1;0.559
5546.6;0.356
5547.1;0.338
5547.6;0.22
5548.1;0.203
5548.6;0.321
5549.1;0.198
5549.6;0.261
5550.1;0.187
5550.6;0.099
5551.1;0.378
5551.6;0.166
5552.1;0.152
5552.6;0.424
5553.1;0.243
5553.6;0.318
5554.1;0.398
5554.6;0.189
5555.1;0.128
5555.6;0.425
5556.1;0.13
5556.6;0.312
5557.1;0.177
5557.6;0.174
5558.1;0.294
5558.6;0.09
5559.1;0.349
5559.6;0.396
5560.1;0.229
5560.6;0.334
5561.1;0.545
5561.6;0.05
5562.1;0.327
5562.6;0.514
5563.1;0.277
5563.6;0.49
5564.1;0.294
5564.6;0.2
5565.1;0.381
5565.6;0.247
5566.1;0.202
5566.6;0.407
5567.1;0.173
5567.6;0.193
5568.1;0.148
5568.6;0.094
5569.1;0.1
5569.6;0.191
5570.1;0.159
5570.6;0.165
5571.1;0.326
5571.6;0.111
5572.1;0.289
5572.6;0.287
5573.1;0.15
5573.6;0.312
5574.1;0.148
5574.6;0.118
5575.1;0.098
5575.6;0.085
5576.1;0.264
5576.6;0.29
5577.1;0.162
5577.6;0.306
5578.1;0.122
5578.6;0.205
5579.1;0.323
5579.6;0.142
5580.1;0.378
5580.6;0.122
5581.1;0.248
5581.6;0.34
5582.1;0.139
5582.6;0.379
5583.1;0.44
5583.6;0.189
5584.1;0.23
5584.6;0.053
5585.1;0.111
5585.6;0.114
5586.1;0.086
5586.6;0.109
5587.1;0.168
5587.6;0.423
5588.1;0.259
5588.6;0.374
5589.1;0.323
5589.6;0.219
5590.1;0.258
5590.6;0.088
5591.1;0.174
5591.6;0.248
5592.1;0.188
5592.6;0.202
5593.1;0.344
5593.6;0.235
5594.1;0.18
5594.6;0.453
5595.1;0.395
5595.6;0.302
5596.1;0.279
5596.6;0.251
5597.1;0.395
5597.6;0.045
5598.1;0.466
5598.6;0.319
5599.1;0.111
5599.6;0.28
5600.1;0.302
5600.6;0.258
5601.1;0.27
5601.6;0.21
5602.1;0.283
5602.6;0.309
5603.1;0.23
5603.6;0.286
5604.1;0.181
5604.6;0.177
5605.1;0.214
5605.6;0.182
5606.1;0.053
5606.6;0.113
5607.1;0.217
5607.6;0.055
5608.1;0.242
5608.6;0.352
5609.1;0.295
5609.6;0.361
5610.1;0.243
5610.6;0.382
5611.1;0.189
5611.6;0.289
5612.1;0.127
5612.6;0.3
5613.1;0.375
5613.6;0.39
5614.1;0.434
5614.6;0.265
5615.1;0.401
5615.6;0.152
5616.1;0.758
5616.6;0.659
5617.1;0.114
5617.6;0.341
5618.1;0.102
5618.6;0.602
5619.1;0.37
5619.6;0.382
5620.1;0.414
5620.6;0.179
5621.1;0.297
5621.6;0.411
5622.1;0.348
5622.6;0.167
5623.1;0.309
5623.6;0.223
5624.1;0.129
5624.6;0.202
5625.1;0.237
5625.6;0.17
5626.1;0.033
5626.6;0.19
5627.1;0.232
5627.6;0.226
5628.1;0.304
5628.6;0.165
5629.1;0.32
5629.6;0.236
5630.1;0.081
5630.6;0.162
5631.1;0.147
5631.6;0.104
5632.1;0.079
5632.6;0.178
5633.1;0.203
5633.6;0.037
5634.1;0.194
5634.6;0.185
5635.1;0.066
5635.6;0.265
5636.1;0.181
5636.6;0.027
5637.1;0.231
5637.6;0.176
5638.1;0.145
5638.6;0.363
5639.1;0.054
5639.6;0.212
5640.1;0.133
5640.6;0.175
5641.1;0.214
5641.6;0.159
5642.1;0.196
5642.6;0.162
5643.1;0.134
5643.6;0.242
5644.1;0.233
5644.6;0.208
5645.1;0.393
5645.6;0.237
5646.1;0.191
5646.6;0.259
5647.1;0.026
5647.6;0.234
5648.1;0.265
5648.6;0.176
5649.1;0.412
5649.6;0.085
5650.1;0.314
5650.6;0.216
5651.1;0.107
5651.6;0.315
5652.1;0.382
5652.6;0.105
5653.1;0.457
5653.6;0.202
5654.1;0.223
5654.6;0.31
5655.1;0.112
5655.6;0.191
5656.1;0.241
5656.6;0.17
5657.1;0.19
5657.6;0.12
5658.1;0.207
5658.6;0.127
5659.1;0.23
5659.6;0.133
5660.1;0.281
5660.6;0.129
5661.1;0.147
5661.6;0.31
5662.1;0.31
5662.6;0.344
5663.1;0.479
5663.6;0.383
5664.1;0.318
5664.6;0.427
5665.1;0.385
5665.6;0.259
5666.1;0.417
5666.6;0.292
5667.1;0.61
5667.6;0.373
5668.1;0.352
5668.6;0.323
5669.1;0.275
5669.6;0.157
5670.1;0.418
5670.6;0.476
5671.1;0.232
5671.6;0.322
5672.1;0.422
5672.6;0.314
5673.1;0.697
5673.6;0.48
5674.1;0.354
5674.6;0.412
5675.1;0.303
5675.6;0.39
5676.1;0.431
5676.6;0.18
5677.1;0.258
5677.6;0.048
5678.1;0.148
5678.6;0.042
5679.1;0.064
5679.6;0.095
5680.1;0.112
5680.6;0.256
5681.1;0.116
5681.6;0.406
5682.1;0.329
5682.6;0.188
5683.1;0.447
5683.6;0.248
5684.1;0.467
5684.6;0.599
5685.1;0.096
5685.6;0.381
5686.1;0.304
5686.6;0.184
5687.1;0.473
5687.6;0.453
5688.1;0.198
5688.6;0.468
5689.1;0.279
5689.6;0.189
5690.1;0.4
5690.6;0.06
5691.1;0.253
5691.6;0.233
5692.1;0.039
5692.6;0.196
5693.1;0.265
5693.6;0.096
5694.1;0.274
5694.6;0.247
5695.1;0.104
5695.6;0.19
5696.1;0.088
5696.6;0.254
5697.1;0.231
5697.6;0.334
5698.1;0.199
5698.6;0.531
5699.1;0.451
5699.6;0.264
5700.1;0.537
5700.6;0.256
5701.1;0.195
5701.6;0.285
5702.1;0.159
5702.6;0.411
5703.1;0.103
5703.6;0.461
5704.1;0.584
5704.6;0.2
5705.1;0.38
5705.6;0.345
5706.1;0.166
5706.6;0.565
5707.1;0.422
5707.6;0.423
5708.1;0.618
5708.6;0.44
5709.1;0.259
5709.6;0.428
5710.1;0.424
5710.6;0.38
5711.1;0.611
5711.6;0.486
5712.1;0.452
5712.6;0.602
5713.1;0.166
5713.6;0.397
5714.1;0.31
5714.6;0.279
5715.1;0.257
5715.6;0.454
5716.1;0.285
5716.6;0.23
5717.1;0.393
5717.6;0.337
5718.1;0.485
5718.6;0.264
5719.1;0.377
5719.6;0.542
5720.1;0.549
5720.6;0.726
5721.1;0.865
5721.6;0.938
5722.1;0.988
5722.6;1.283
5723.1;0.892
5723.6;0.961
5724.1;0.854
5724.6;0.418
5725.1;0.899
5725.6;0.619
5726.1;1.105
5726.6;1.195
5727.1;1.263
5727.6;1.323
5728.1;1.111
5728.6;0.956
5729.1;0.927
5729.6;0.899
5730.1;0.768
5730.6;1.118
5731.1;1.235
5731.6;1.344
5732.1;1.297
5732.6;1.261
5733.1;0.912
5733.6;0.776
5734.1;0.512
5734.6;0.552
5735.1;1.241
5735.6;1.645
5736.1;1.973
5736.6;2.361
5737.1;2.367
5737.6;2.941
5738.1;3.893
5738.6;4.74
5739.1;5.534
5739.6;5.909
5740.1;5.693
5740.6;5.012
5741.1;4.171
5741.6;3.245
5742.1;2.364
5742.6;1.875
5743.1;1.605
5743.6;1.492
5744.1;2.052
5744.6;2.526
5745.1;2.362
5745.6;1.928
5746.1;1.302
5746.6;0.748
5747.1;0.702
5747.6;2.063
5748.1;2.864
5748.6;2.646
5749.1;2.596
5749.6;2.424
5750.1;2.112
5750.6;1.986
5751.1;1.986
5751.6;1.41
5752.1;1.312
5752.6;1.468
5753.1;1.629
5753.6;1.616
5754.1;1.656
5754.6;1.312
5755.1;1.321
5755.6;1.195
5756.1;0.976
5756.6;0.98
5757.1;0.775
5757.6;0.501
5758.1;0.506
5758.6;0.465
5759.1;0.624
5759.6;0.497
5760.1;0.443
5760.6;0.397
5761.1;0.642
5761.6;0.451
5762.1;0.591
5762.6;0.596
5763.1;0.613
5763.6;0.611
5764.1;0.608
5764.6;0.48
5765.1;0.49
5765.6;0.304
5766.1;0.242
5766.6;0.098
5767.1;0.253
5767.6;0.403
5768.1;0.567
5768.6;0.607
5769.1;0.695
5769.6;0.679
5770.1;0.629
5770.6;0.587
5771.1;0.491
5771.6;0.283
5772.1;0.435
5772.6;0.345
5773.1;0.362
5773.6;0.324
5774.1;0.364
5774.6;0.289
5775.1;0.289
5775.6;0.213
5776.1;0.245
5776.6;0.21
5777.1;0.253
5777.6;0.338
5778.1;0.383
5778.6;0.274
5779.1;0.323
5779.6;0.268
5780.1;0.124
5780.6;0.239
5781.1;0.225
5781.6;0.268
5782.1;0.211
5782.6;0.249
5783.1;0.307
5783.6;0.261
5784.1;0.421
5784.6;0.282
5785.1;0.403
5785.6;0.385
5786.1;0.27
5786.6;0.585
5787.1;0.414
5787.6;0.164
5788.1;0.396
5788.6;0.211
5789.1;0.495
5789.6;0.238
5790.1;0.215
5790.6;0.361
5791.1;0.038
5791.6;0.207
5792.1;0.126
5792.6;0.233
5793.1;0.355
5793.6;0.357
5794.1;0.392
5794.6;0.32
5795.1;0.348
5795.6;0.378
5796.1;0.219
5796.6;0.334
5797.1;0.237
5797.6;0.179
5798.1;0.287
5798.6;0.032
5799.1;0.156
5799.6;0.156
5800.1;0.131
5800.6;0.05
5801.1;0.153
5801.6;0.104
5802.1;0.077
5802.6;0.101
5803.1;0.291
5803.6;0.092
5804.1;0.245
5804.6;0.077
5805.1;0.127
5805.6;0.141
5806.1;0.045
5806.6;0.148
5807.1;0.166
5807.6;0.267
5808.1;0.162
5808.6;0.337
5809.1;0.269
5809.6;0.082
5810.1;0.341
5810.6;0.159
5811.1;0.22
5811.6;0.427
5812.1;0.158
5812.6;0.223
5813.1;0.215
5813.6;0.051
5814.1;0.204
5814.6;0.152
5815.1;0.123
5815.6;0.289
5816.1;0.228
5816.6;0.255
5817.1;0.325
5817.6;0.24
5818.1;0.111
5818.6;0.048
5819.1;0.044
5819.6;0.142
5820.1;0.188
5820.6;0.09
5821.1;0.289
5821.6;0.275
5822.1;0.009
5822.6;0.21
5823.1;0.057
5823.6;0.27
5824.1;0.291
5824.6;0.256
5825.1;0.366
5825.6;0.359
5826.1;0.177
5826.6;0.319
5827.1;0.046
5827.6;0.118
5828.1;0.195
5828.6;0.187
5829.1;0.114
5829.6;0.193
5830.1;0.286
5830.6;0.207
5831.1;0.333
5831.6;0.257
5832.1;0.123
5832.6;0.091
5833.1;0.273
5833.6;0.118
5834.1;0.186
5834.6;0.058
5835.1;0.208
5835.6;0.049
5836.1;0.189
5836.6;0.27
5837.1;0.222
5837.6;0.394
5838.1;0.25
5838.6;0.121
5839.1;0.171
5839.6;0.224
5840.1;0.134
5840.6;0.211
5841.1;0.076
5841.6;0.023
5842.1;0.181
5842.6;0.096
5843.1;0.077
5843.6;0.234
5844.1;0.2
5844.6;0.079
5845.1;0.25
5845.6;0.164
5846.1;0.275
5846.6;0.52
5847.1;0.144
5847.6;0.404
5848.1;0.322
5848.6;0.333
5849.1;0.277
5849.6;0.125
5850.1;0.097
5850.6;0.217
5851.1;0.229
5851.6;0.392
5852.1;0.332
5852.6;0.252
5853.1;0.012
5853.6;0.196
5854.1;0.172
5854.6;0.073
5855.1;0.249
5855.6;0.207
5856.1;0.161
5856.6;0.167
5857.1;0.201
5857.6;0.454
5858.1;0.325
5858.6;0.161
5859.1;0.198
5859.6;0.389
5860.1;0.597
5860.6;0.463
5861.1;0.253
5861.6;0.348
5862.1;0.245
5862.6;0.435
5863.1;0.367
5863.6;0.269
5864.1;0.351
5864.6;0.14
5865.1;0.258
5865.6;0.181
5866.1;0.207
5866.6;0.241
5867.1;0.191
5867.6;0.259
5868.1;0.359
5868.6;0.366
5869.1;0.397
5869.6;0.402
5870.1;0.396
5870.6;0.309
5871.1;0.238
5871.6;0.149
5872.1;0.204
5872.6;0.098
5873.1;0.18
5873.6;0.296
5874.1;0.129
5874.6;0.128
5875.1;0.334
5875.6;0.24
5876.1;0.235
5876.6;0.284
5877.1;0.155
5877.6;0.184
5878.1;0.108
5878.6;0.155
5879.1;0.152
5879.6;0.132
5880.1;0.184
5880.6;0.261
5881.1;0.057
5881.6;0.083
5882.1;0.202
5882.6;0.091
5883.1;0.154
5883.6;0.288
5884.1;0.039
5884.6;0.178
5885.1;0.15
5885.6;0.183
5886.1;0.26
5886.6;0.145
5887.1;0.262
5887.6;0.187
5888.1;0.056
5888.6;0.157
5889.1;0.257
5889.6;0.086
5890.1;0.246
5890.6;0.181
5891.1;0.123
5891.6;0.125
5892.1;0.094
5892.6;0.253
5893.1;0.244
5893.6;0.078
5894.1;0.196
5894.6;0.114
5895.1;0.304
5895.6;0.25
5896.1;0.176
5896.6;0.154
5897.1;0.089
5897.6;0.208
5898.1;0.186
5898.6;0.332
5899.1;0.076
5899.6;0.178
5900.1;0.123
5900.6;0.185
5901.1;0.108
5901.6;0.12
5902.1;0.19
5902.6;0.144
5903.1;0.05
5903.6;0.158
5904.1;0.101
5904.6;0.22
5905.1;0.064
5905.6;0.196
5906.1;0.247
5906.6;0.183
5907.1;0.166
5907.6;0.104
5908.1;0.182
5908.6;0.252
5909.1;0.442
5909.6;0.323
5910.1;0.464
5910.6;0.341
5911.1;0.329
5911.6;0.192
5912.1;0.08
5912.6;0.36
5913.1;0.101
5913.6;0.392
5914.1;0.288
5914.6;0.286
5915.1;0.53
5915.6;0.248
5916.1;0.259
5916.6;0.08
5917.1;0.272
5917.6;0.044
5918.1;0.297
5918.6;0.288
5919.1;0.137
5919.6;0.279
5920.1;0.074
5920.6;0.22
5921.1;0.242
5921.6;0.159
5922.1;0.221
5922.6;0.453
5923.1;0.165
5923.6;0.447
5924.1;0.283
5924.6;0.374
5925.1;0.136
5925.6;0.197
5926.1;0.144
5926.6;0.189
5927.1;0.237
5927.6;0.206
5928.1;0.134
5928.6;0.214
5929.1;0.067
5929.6;0.169
5930.1;0.162
5930.6;0.196
5931.1;0.168
5931.6;0.122
5932.1;0.143
5932.6;0.209
5933.1;0.08
5933.6;0.349
5934.1;0.165
5934.6;0.073
5935.1;0.171
5935.6;0.217
5936.1;0.211
5936.6;0.211
5937.1;0.193
5937.6;0.111
5938.1;0.145
5938.6;0.091
5939.1;0.207
5939.6;0.269
5940.1;0.101
5940.6;0.177
5941.1;0.083
5941.6;0.106
5942.1;0.076
5942.6;0.112
5943.1;0.204
5943.6;0.178
5944.1;0.143
5944.6;0.186
5945.1;0.038
5945.6;0.171
5946.1;0.05
5946.6;0.18
5947.1;0.125
5947.6;0.067
5948.1;0.095
5948.6;0.219
5949.1;0.136
5949.6;0.154
5950.1;0.124
5950.6;0.05
5951.1;0.103
5951.6;0.138
5952.1;0.151
5952.6;0.038
5953.1;0.095
5953.6;0.093
5954.1;0.136
5954.6;0.079
5955.1;0.21
5955.6;0.191
5956.1;0.053
5956.6;0.257
5957.1;0.327
5957.6;0.185
5958.1;0.27
5958.6;0.207
5959.1;0.052
5959.6;0.042
5960.1;0.161
5960.6;0.154
5961.1;0.075
5961.6;0.184
5962.1;0.204
5962.6;0.179
5963.1;0.182
5963.6;0.093
5964.1;0.132
5964.6;0.09
5965.1;0.119
5965.6;0.206
5966.1;0.102
5966.6;0.153
5967.1;0.107
5967.6;0.242
5968.1;0.125
5968.6;0.117
5969.1;0.183
5969.6;0.136
5970.1;0.134
5970.6;0.235
5971.1;0.051
5971.6;0.11
5972.1;0.084
5972.6;0.082
5973.1;0.069
5973.6;0.054
5974.1;0.039
5974.6;0.059
5975.1;0.157
5975.6;0.013
5976.1;0.077
5976.6;0.084
5977.1;0.09
5977.6;0.015
5978.1;0.065
5978.6;0.032
5979.1;0.104
5979.6;0.07
5980.1;0.096
5980.6;0.094
5981.1;0.119
5981.6;0.127
5982.1;0.077
5982.6;0.034
5983.1;0.037
5983.6;0.104
5984.1;0.055
5984.6;0.1
5985.1;0.073
5985.6;0.055
5986.1;0.061
5986.6;0.062
5987.1;0.027
5987.6;0.006
5988.1;0.106
5988.6;0.083
5989.1;0.15
5989.6;0.122
5990.1;0.053
5990.6;0.023
5991.1;0.039
5991.6;0.069
5992.1;0.042
5992.6;0.074
5993.1;0.045
5993.6;0.029
5994.1;0.059
5994.6;0.094
5995.1;0.088
5995.6;0.039
5996.1;0.058
5996.6;0.049
5997.1;0.009
5997.6;0.114
5998.1;0.143
5998.6;0.075
5999.1;0.03
5999.6;0.014
6000.1;0.121
6000.6;0.042
6001.1;0.088
6001.6;0.052
6002.1;0.067
6002.6;0.066
6003.1;0.113
6003.6;0.108
6004.1;0.07
6004.6;0.087
6005.1;0.073
6005.6;0.043
6006.1;0.088
6006.6;0.069
6007.1;0.02
6007.6;0.139
6008.1;0.062
6008.6;0.024
6009.1;0.043
6009.6;0.168
6010.1;0.108
6010.6;0.056
6011.1;0.021
6011.6;0.114
6012.1;0.079
6012.6;0.069
6013.1;0.169
6013.6;0.156
6014.1;0.029
6014.6;0.076
6015.1;0.214
6015.6;0.126
6016.1;0.074
6016.6;0.031
6017.1;0.075
6017.6;0.148
6018.1;0.084
6018.6;0.157
6019.1;0.048
6019.6;0.106
6020.1;0.055
6020.6;0.08
6021.1;0.078
6021.6;0.041
6022.1;0.08
6022.6;0.092
6023.1;0.062
6023.6;0.02
6024.1;0.092
6024.6;0.085
6025.1;0.205
6025.6;0.096
6026.1;0.059
6026.6;0.197
6027.1;0.144
6027.6;0.09
6028.1;0.099
6028.6;0.04
6029.1;0.045
6029.6;0.091
6030.1;0.109
6030.6;0.147
6031.1;0.13
6031.6;0.1
6032.1;0.237
6032.6;0.193
6033.1;0.087
6033.6;0.065
6034.1;0.051
6034.6;0.084
6035.1;0.013
6035.6;0.062
6036.1;0.032
6036.6;0.165
6037.1;0.082
6037.6;0.123
6038.1;0.172
6038.6;0.037
6039.1;0.049
6039.6;0.094
6040.1;0.097
6040.6;0.05
6041.1;0.142
6041.6;0.138
6042.1;0.195
6042.6;0.144
6043.1;0.063
6043.6;0.139
6044.1;0.17
6044.6;0.023
6045.1;0.086
6045.6;0.1
6046.1;0.114
6046.6;0.079
6047.1;0.194
6047.6;0.183
6048.1;0.117
6048.6;0.131
6049.1;0.115
6049.6;0.177
6050.1;0.071
6050.6;0.147
6051.1;0.114
6051.6;0.092
6052.1;0.119
6052.6;0.059
6053.1;0.011
6053.6;0.078
6054.1;0.043
6054.6;0.101
6055.1;0.201
6055.6;0.068
6056.1;0.177
6056.6;0.096
6057.1;0.059
6057.6;0.173
6058.1;0.108
6058.6;0.104
6059.1;0.159
6059.6;0.059
6060.1;0.185
6060.6;0.122
6061.1;0.129
6061.6;0.182
6062.1;0.071
6062.6;0.037
6063.1;0.127
6063.6;0.074
6064.1;0.144
6064.6;0.084
6065.1;0.165
6065.6;0.151
6066.1;0.142
6066.6;0.226
6067.1;0.028
6067.6;0.349
6068.1;0.209
6068.6;0.083
6069.1;0.202
6069.6;0.139
6070.1;0.225
6070.6;0.13
6071.1;0.344
6071.6;0.146
6072.1;0.068
6072.6;0.339
6073.1;0.285
6073.6;0.241
6074.1;0.16
6074.6;0.07
6075.1;0.072
6075.6;0.088
6076.1;0.068
6076.6;0.12
6077.1;0.065
6077.6;0.033
6078.1;0.072
6078.6;0.189
6079.1;0.047
6079.6;0.166
6080.1;0.147
6080.6;0.051
6081.1;0.213
6081.6;0.221
6082.1;0.114
6082.6;0.101
6083.1;0.185
6083.6;0.114
6084.1;0.042
6084.6;0.126
6085.1;0.138
6085.6;0.078
6086.1;0.04
6086.6;0.166
6087.1;0.069
6087.6;0.116
6088.1;0.139
6088.6;0.116
6089.1;0.046
6089.6;0.089
6090.1;0.117
6090.6;0.051
6091.1;0.216
6091.6;0.153
6092.1;0.044
6092.6;0.059
6093.1;0.122
6093.6;0.116
6094.1;0.07
6094.6;0.042
6095.1;0.084
6095.6;0.206
6096.1;0.133
6096.6;0.256
6097.1;0.206
6097.6;0.039
6098.1;0.138
6098.6;0.14
6099.1;0.009
6099.6;0.112
6100.1;0.08
6100.6;0.09
6101.1;0.146
6101.6;0.064
6102.1;0.207
6102.6;0.078
6103.1;0.034
6103.6;0.078
6104.1;0.089
6104.6;0.11
6105.1;0.142
6105.6;0.046
6106.1;0.072
6106.6;0.062
6107.1;0.099
6107.6;0.12
6108.1;0.086
6108.6;0.022
6109.1;0.083
6109.6;0.109
6110.1;0.066
6110.6;0.147
6111.1;0.08
6111.6;0.166
6112.1;0.027
6112.6;0.06
6113.1;0.059
6113.6;0.035
6114.1;0.092
6114.6;0.046
6115.1;0.142
6115.6;0.053
6116.1;0.121
6116.6;0.151
6117.1;0.172
6117.6;0.09
6118.1;0.125
6118.6;0.17
6119.1;0.009
6119.6;0.122
6120.1;0.091
6120.6;0.025
6121.1;0.104
6121.6;0.026
6122.1;0.093
6122.6;0.047
6123.1;0.073
6123.6;0.022
6124.1;0.091
6124.6;0.012
6125.1;0.105
6125.6;0.07
6126.1;0.038
6126.6;0.035
6127.1;0.064
6127.6;0.104
6128.1;0.095
6128.6;0.095
6129.1;0.011
6129.6;0.024
6130.1;0.063
6130.6;0.077
6131.1;0.065
6131.6;0.114
6132.1;0.019
6132.6;0.147
6133.1;0.055
6133.6;0.176
6134.1;0.101
6134.6;0.114
6135.1;0.024
6135.6;0.106
6136.1;0.137
6136.6;0.098
6137.1;0.157
6137.6;0.081
6138.1;0.162
6138.6;0.081
6139.1;0.126
6139.6;0.044
6140.1;0.012
6140.6;0.033
6141.1;0.056
6141.6;0.101
6142.1;0.063
6142.6;0.155
6143.1;0.016
6143.6;0.147
6144.1;0.037
6144.6;0.074
6145.1;0.087
6145.6;0.031
6146.1;0.146
6146.6;0.024
6147.1;0.126
6147.6;0.062
6148.1;0.072
6148.6;0.056
6149.1;0.076
6149.6;0.051
6150.1;0.037
6150.6;0.115
6151.1;0.152
6151.6;0.174
6152.1;0.223
6152.6;0.148
6153.1;0.172
6153.6;0.07
6154.1;0.086
6154.6;0.14
6155.1;0.142
6155.6;0.161
6156.1;0.232
6156.6;0.139
6157.1;0.205
6157.6;0.146
6158.1;0.096
6158.6;0.092
6159.1;0.09
6159.6;0.089
6160.1;0.044
6160.6;0.051
6161.1;0.087
6161.6;0.108
6162.1;0.093
6162.6;0.198
6163.1;0.045
6163.6;0.115
6164.1;0.067
6164.6;0.023
6165.1;0.036
6165.6;0.122
6166.1;0.069
6166.6;0.097
6167.1;0.083
6167.6;0.087
6168.1;0.051
6168.6;0.079
6169.1;0.069
6169.6;0.12
6170.1;0.021
6170.6;0.185
6171.1;0.153
6171.6;0.162
6172.1;0.128
6172.6;0.088
6173.1;0.049
6173.6;0.124
6174.1;0.133
6174.6;0.083
6175.1;0.2
6175.6;0.074
6176.1;0.118
6176.6;0.098
6177.1;0.012
6177.6;0.063
6178.1;0.051
6178.6;0.038
6179.1;0.02
6179.6;0.066
6180.1;0.093
6180.6;0.041
6181.1;0.065
6181.6;0.076
6182.1;0.095
6182.6;0.071
6183.1;0.084
6183.6;0.139
6184.1;0.078
6184.6;0.096
6185.1;0.119
6185.6;0.051
6186.1;0.131
6186.6;0.131
6187.1;0.072
6187.6;0.112
6188.1;0.049
6188.6;0.079
6189.1;0.076
6189.6;0.128
6190.1;0.038
6190.6;0.083
6191.1;0.11
6191.6;0.029
6192.1;0.121
6192.6;0.101
6193.1;0.089
6193.6;0.031
6194.1;0.044
6194.6;0.006
6195.1;0.079
6195.6;0.026
6196.1;0.09
6196.6;0.09
6197.1;0.069
6197.6;0.091
6198.1;0.135
6198.6;0.156
6199.1;0.077
6199.6;0.143
6200.1;0.015
6200.6;0.157
6201.1;0.101
6201.6;0.146
6202.1;0.119
6202.6;0.044
6203.1;0.051
6203.6;0.156
6204.1;0.133
6204.6;0.101
6205.1;0.092
6205.6;0.045
6206.1;0.09
6206.6;0.139
6207.1;0.063
6207.6;0.066
6208.1;0.11
6208.6;0.136
6209.1;0.071
6209.6;0.159
6210.1;0.107
6210.6;0.209
6211.1;0.163
6211.6;0.101
6212.1;0.191
6212.6;0.2
6213.1;0.137
6213.6;0.151
6214.1;0.054
6214.6;0.113
6215.1;0.105
6215.6;0.033
6216.1;0.074
6216.6;0.15
6217.1;0.155
6217.6;0.076
6218.1;0.166
6218.6;0.045
6219.1;0.145
6219.6;0.068
6220.1;0.056
6220.6;0.049
6221.1;0.091
6221.6;0.024
6222.1;0.115
6222.6;0.077
6223.1;0.045
6223.6;0.1
6224.1;0.075
6224.6;0.019
6225.1;0.171
6225.6;0.052
6226.1;0.108
6226.6;0.088
6227.1;0.12
6227.6;0.187
6228.1;0.042
6228.6;0.073
6229.1;0.071
6229.6;0.084
6230.1;0.051
6230.6;0.089
6231.1;0.137
6231.6;0.035
6232.1;0.122
6232.6;0.1
6233.1;0.165
6233.6;0.123
6234.1;0.029
6234.6;0.138
6235.1;0.116
6235.6;0.042
6236.1;0.126
6236.6;0.048
6237.1;0.019
6237.6;0.038
6238.1;0.086
6238.6;0.038
6239.1;0.093
6239.6;0.096
6240.1;0.109
6240.6;0.134
6241.1;0.024
6241.6;0.07
6242.1;0.109
6242.6;0.037
6243.1;0.09
6243.6;0.076
6244.1;0.044
6244.6;0.039
6245.1;0.074
6245.6;0.037
6246.1;0.095
6246.6;0.014
6247.1;0.065
6247.6;0.152
6248.1;0.078
6248.6;0.07
6249.1;0.041
6249.6;0.076
6250.1;0.045
6250.6;0.078
6251.1;0.083
6251.6;0.095
6252.1;0.08
6252.6;0.035
6253.1;0.152
6253.6;0.114
6254.1;0.102
6254.6;0.146
6255.1;0.109
6255.6;0.018
6256.1;0.064
6256.6;0.024
6257.1;0.025
6257.6;0.045
6258.1;0.079
6258.6;0.173
6259.1;0.147
6259.6;0.118
6260.1;0.169
6260.6;0.057
6261.1;0.09
6261.6;0.113
6262.1;0.076
6262.6;0.114
6263.1;0.031
6263.6;0.031
6264.1;0.094
6264.6;0.171
6265.1;0.113
6265.6;0.171
6266.1;0.121
6266.6;0.044
6267.1;0.085
6267.6;0.105
6268.1;0.201
6268.6;0.131
6269.1;0.071
6269.6;0.063
6270.1;0.15
6270.6;0.129
6271.1;0.029
6271.6;0.093
6272.1;0.136
6272.6;0.012
6273.1;0.17
6273.6;0.161
6274.1;0.08
6274.6;0.145
6275.1;0.128
6275.6;0.033
6276.1;0.072
6276.6;0.062
6277.1;0.076
6277.6;0.129
6278.1;0.114
6278.6;0.059
6279.1;0.1
6279.6;0.103
6280.1;0.067
6280.6;0.2
6281.1;0.118
6281.6;0.22
6282.1;0.238
6282.6;0.047
6283.1;0.149
6283.6;0.132
6284.1;0.046
6284.6;0.138
6285.1;0.071
6285.6;0.085
6286.1;0.103
6286.6;0.09
6287.1;0.17
6287.6;0.182
6288.1;0.066
6288.6;0.084
6289.1;0.145
6289.6;0.04
6290.1;0.115
6290.6;0.071
6291.1;0.044
6291.6;0.135
6292.1;0.106
6292.6;0.108
6293.1;0.156
6293.6;0.046
6294.1;0.153
6294.6;0.192
6295.1;0.082
6295.6;0.189
6296.1;0.156
6296.6;0.117
6297.1;0.155
6297.6;0.108
6298.1;0.027
6298.6;0.079
6299.1;0.108
6299.6;0.135
6300.1;0.052
6300.6;0.105
6301.1;0.146
6301.6;0.092
6302.1;0.123
6302.6;0.073
6303.1;0.109
6303.6;0.119
6304.1;0.124
6304.6;0.197
6305.1;0.051
6305.6;0.11
6306.1;0.106
6306.6;0.107
6307.1;0.143
6307.6;0.099
6308.1;0.068
6308.6;0.18
6309.1;0.062
6309.6;0.186
6310.1;0.218
6310.6;0.035
6311.1;0.111
6311.6;0.199
6312.1;0.074
6312.6;0.111
6313.1;0.103
6313.6;0.063
6314.1;0.07
6314.6;0.052
6315.1;0.204
6315.6;0.231
6316.1;0.006
6316.6;0.14
6317.1;0.218
6317.6;0.107
6318.1;0.154
6318.6;0.165
6319.1;0.103
6319.6;0.113
6320.1;0.055
6320.6;0.088
6321.1;0.101
6321.6;0.084
6322.1;0.058
6322.6;0.151
6323.1;0.142
6323.6;0.183
6324.1;0.189
6324.6;0.069
6325.1;0.096
6325.6;0.138
6326.1;0.027
6326.6;0.23
6327.1;0.141
6327.6;0.156
6328.1;0.161
6328.6;0.053
6329.1;0.198
6329.6;0.118
6330.1;0.043
6330.6;0.189
6331.1;0.193
6331.6;0.054
6332.1;0.166
6332.6;0.067
6333.1;0.13
6333.6;0.147
6334.1;0.004
6334.6;0.2
6335.1;0.142
6335.6;0.041
6336.1;0.169
6336.6;0.063
6337.1;0.2
6337.6;0.206
6338.1;0.047
6338.6;0.216
6339.1;0.158
6339.6;0.038
6340.1;0.207
6340.6;0.167
6341.1;0.132
6341.6;0.125
6342.1;0.111
6342.6;0.116
6343.1;0.102
6343.6;0.071
6344.1;0.13
6344.6;0.092
6345.1;0.123
6345.6;0.125
6346.1;0.073
6346.6;0.058
6347.1;0.071
6347.6;0.189
6348.1;0.095
6348.6;0.048
6349.1;0.174
6349.6;0.162
6350.1;0.056
6350.6;0.168
6351.1;0.117
6351.6;0.051
6352.1;0.15
6352.6;0.025
6353.1;0.071
6353.6;0.141
6354.1;0.142
6354.6;0.152
6355.1;0.197
6355.6;0.18
6356.1;0.123
6356.6;0.183
6357.1;0.093
6357.6;0.073
6358.1;0.111
6358.6;0.053
6359.1;0.162
6359.6;0.209
6360.1;0.097
6360.6;0.181
6361.1;0.068
6361.6;0.04
6362.1;0.152
6362.6;0.095
6363.1;0.093
6363.6;0.113
6364.1;0.052
6364.6;0.111
6365.1;0.068
6365.6;0.054
6366.1;0.097
6366.6;0.011
6367.1;0.042
6367.6;0.088
6368.1;0.058
6368.6;0.105
6369.1;0.052
6369.6;0.043
6370.1;0.073
6370.6;0.043
6371.1;0.129
6371.6;0.06
6372.1;0.043
6372.6;0.151
6373.1;0.072
6373.6;0.131
6374.1;0.158
6374.6;0.107
6375.1;0.15
6375.6;0.103
6376.1;0.028
6376.6;0.052
6377.1;0.058
6377.6;0.129
6378.1;0.207
6378.6;0.147
6379.1;0.098
6379.6;0.13
6380.1;0.096
6380.6;0.108
6381.1;0.106
6381.6;0.019
6382.1;0.227
6382.6;0.1
6383.1;0.158
6383.6;0.267
6384.1;0.103
6384.6;0.202
6385.1;0.193
6385.6;0.148
6386.1;0.245
6386.6;0.133
6387.1;0.2
6387.6;0.301
6388.1;0.077
6388.6;0.149
6389.1;0.125
6389.6;0.084
6390.1;0.156
6390.6;0.064
6391.1;0.078
6391.6;0.091
6392.1;0.06
6392.6;0.241
6393.1;0.13
6393.6;0.113
6394.1;0.153
6394.6;0.213
6395.1;0.178
6395.6;0.098
6396.1;0.067
6396.6;0.312
6397.1;0.164
6397.6;0.094
6398.1;0.199
6398.6;0.206
6399.1;0.132
6399.6;0.251
6400.1;0.219
6400.6;0.218
6401.1;0.247
6401.6;0.281
6402.1;0.289
6402.6;0.165
6403.1;0.228
6403.6;0.244
6404.1;0.205
6404.6;0.314
6405.1;0.215
6405.6;0.229
6406.1;0.509
6406.6;0.175
6407.1;0.311
6407.6;0.278
6408.1;0.099
6408.6;0.371
6409.1;0.288
6409.6;0.123
6410.1;0.3
6410.6;0.115
6411.1;0.306
6411.6;0.201
6412.1;0.112
6412.6;0.111
6413.1;0.174
6413.6;0.203
6414.1;0.083
6414.6;0.197
6415.1;0.129
6415.6;0.026
6416.1;0.163
6416.6;0.239
6417.1;0.132
6417.6;0.081
6418.1;0.086
6418.6;0.115
6419.1;0.117
6419.6;0.151
6420.1;0.025
6420.6;0.093
6421.1;0.126
6421.6;0.038
6422.1;0.083
6422.6;0.057
6423.1;0.103
6423.6;0.088
6424.1;0.103
6424.6;0.08
6425.1;0.06
6425.6;0.051
6426.1;0.101
6426.6;0.098
6427.1;0.088
6427.6;0.092
6428.1;0.077
6428.6;0.053
6429.1;0.097
6429.6;0.106
6430.1;0.104
6430.6;0.161
6431.1;0.195
6431.6;0.166
6432.1;0.16
6432.6;0.121
6433.1;0.138
6433.6;0.117
6434.1;0.179
6434.6;0.126
6435.1;0.07
6435.6;0.132
6436.1;0.086
6436.6;0.108
6437.1;0.059
6437.6;0.08
6438.1;0.179
6438.6;0.189
6439.1;0.239
6439.6;0.204
6440.1;0.036
6440.6;0.143
6441.1;0.051
6441.6;0.266
6442.1;0.13
6442.6;0.1
6443.1;0.033
6443.6;0.251
6444.1;0.296
6444.6;0.276
6445.1;0.359
6445.6;0.327
6446.1;0.314
6446.6;0.402
6447.1;0.315
6447.6;0.119
6448.1;0.023
6448.6;0.279
6449.1;0.23
6449.6;0.042
6450.1;0.067
6450.6;0.251
6451.1;0.071
6451.6;0.128
6452.1;0.117
6452.6;0.155
6453.1;0.132
6453.6;0.088
6454.1;0.275
6454.6;0.075
6455.1;0.199
6455.6;0.1
6456.1;0.285
6456.6;0.197
6457.1;0.094
6457.6;0.102
6458.1;0.069
6458.6;0.165
6459.1;0.206
6459.6;0.063
6460.1;0.072
6460.6;0.023
6461.1;0.261
6461.6;0.19
6462.1;0.268
6462.6;0.181
6463.1;0.112
6463.6;0.263
6464.1;0.11
6464.6;0.201
6465.1;0.114
6465.6;0.134
6466.1;0.071
6466.6;0.058
6467.1;0.085
6467.6;0.035
6468.1;0.087
6468.6;0.123
6469.1;0.11
6469.6;0.022
6470.1;0.068
6470.6;0.098
6471.1;0.042
6471.6;0.127
6472.1;0.171
6472.6;0.03
6473.1;0.086
6473.6;0.192
6474.1;0.055
6474.6;0.161
6475.1;0.06
6475.6;0.085
6476.1;0.136
6476.6;0.125
6477.1;0.06
6477.6;0.08
6478.1;0.026
6478.6;0.075
6479.1;0.201
6479.6;0.148
6480.1;0.106
6480.6;0.073
6481.1;0.056
6481.6;0.058
6482.1;0.131
6482.6;0.016
6483.1;0.108
6483.6;0.084
6484.1;0.065
6484.6;0.198
6485.1;0.129
6485.6;0.172
6486.1;0.122
6486.6;0.107
6487.1;0.045
6487.6;0.037
6488.1;0.146
6488.6;0.171
6489.1;0.17
6489.6;0.157
6490.1;0.114
6490.6;0.088
6491.1;0.029
6491.6;0.105
6492.1;0.13
6492.6;0.067
6493.1;0.088
6493.6;0.093
6494.1;0.179
6494.6;0.087
6495.1;0.032
6495.6;0.1
6496.1;0.107
6496.6;0.115
6497.1;0.177
6497.6;0.14
6498.1;0.118
6498.6;0.279
6499.1;0.11
6499.6;0.14
6500.1;0.21
6500.6;0.098
6501.1;0.032
6501.6;0.143
6502.1;0.064
6502.6;0.117
6503.1;0.055
6503.6;0.034
6504.1;0.134
6504.6;0.109
6505.1;0.127
6505.6;0.204
6506.1;0.074
6506.6;0.131
6507.1;0.055
6507.6;0.069
6508.1;0.122
6508.6;0.091
6509.1;0.154
6509.6;0.057
6510.1;0.108
6510.6;0.12
6511.1;0.216
6511.6;0.137
6512.1;0.057
6512.6;0.133
6513.1;0.193
6513.6;0.179
6514.1;0.257
6514.6;0.249
6515.1;0.127
6515.6;0.101
6516.1;0.042
6516.6;0.116
6517.1;0.152
6517.6;0.069
6518.1;0.189
6518.6;0.08
6519.1;0.072
6519.6;0.043
6520.1;0.036
6520.6;0.017
6521.1;0.094
6521.6;0.05
6522.1;0.033
6522.6;0.181
6523.1;0.212
6523.6;0.053
6524.1;0.102
6524.6;0.047
6525.1;0.1
6525.6;0.047
6526.1;0.148
6526.6;0.048
6527.1;0.039
6527.6;0.13
6528.1;0.226
6528.6;0.081
6529.1;0.163
6529.6;0.144
6530.1;0.029
6530.6;0.095
6531.1;0.192
6531.6;0.089
6532.1;0.144
6532.6;0.081
6533.1;0.138
6533.6;0.072
6534.1;0.078
6534.6;0.064
6535.1;0.1
6535.6;0.082
6536.1;0.182
6536.6;0.119
6537.1;0.221
6537.6;0.11
6538.1;0.19
6538.6;0.122
6539.1;0.06
6539.6;0.181
6540.1;0.161
6540.6;0.188
6541.1;0.26
6541.6;0.053
6542.1;0.088
6542.6;0.012
6543.1;0.084
6543.6;0.079
6544.1;0.141
6544.6;0.121
6545.1;0.117
6545.6;0.2
6546.1;0.125
6546.6;0.308
6547.1;0.068
6547.6;0.196
6548.1;0.237
6548.6;0.092
6549.1;0.222
6549.6;0.363
6550.1;0.141
6550.6;0.326
6551.1;0.169
6551.6;0.38
6552.1;0.395
6552.6;0.129
6553.1;0.294
6553.6;0.415
6554.1;0.253
6554.6;0.177
6555.1;0.268
6555.6;0.232
6556.1;0.251
6556.6;0.139
6557.1;0.363
6557.6;0.303
6558.1;0.158
6558.6;0.11
6559.1;0.309
6559.6;0.157
6560.1;0.288
6560.6;0.152
6561.1;0.235
6561.6;0.351
6562.1;0.227
6562.6;0.081
6563.1;0.394
6563.6;0.274
6564.1;0.174
6564.6;0.397
6565.1;0.204
6565.6;0.235
6566.1;0.225
6566.6;0.169
6567.1;0.331
6567.6;0.384
6568.1;0.206
6568.6;0.335
6569.1;0.391
6569.6;0.068
6570.1;0.322
6570.6;0.312
6571.1;0.102
6571.6;0.352
6572.1;0.29
6572.6;0.197
6573.1;0.679
6573.6;0.449
6574.1;0.29
6574.6;0.642
6575.1;0.179
6575.6;0.39
6576.1;0.487
6576.6;0.113
6577.1;0.383
6577.6;0.458
6578.1;0.054
6578.6;0.488
6579.1;0.412
6579.6;0.209
6580.1;0.595
6580.6;0.286
6581.1;0.426
6581.6;0.591
6582.1;0.124
6582.6;0.522
6583.1;0.618
6583.6;0.054
6584.1;0.419
6584.6;0.439
6585.1;0.156
6585.6;0.284
6586.1;0.15
6586.6;0.186
6587.1;0.419
6587.6;0.343
6588.1;0.359
6588.6;0.689
6589.1;0.239
6589.6;0.386
6590.1;0.554
6590.6;0.145
6591.1;0.485
6591.6;0.676
6592.1;0.132
6592.6;0.626
6593.1;0.513
6593.6;0.248
6594.1;0.695
6594.6;0.47
6595.1;0.437
6595.6;0.84
6596.1;0.201
6596.6;0.435
6597.1;0.587
6597.6;0.119
6598.1;0.398
6598.6;0.337
6599.1;0.278
6599.6;0.37
6600.1;0.267
6600.6;0.256
6601.1;0.563
6601.6;0.404
6602.1;0.372
6602.6;0.757
6603.1;0.352
6603.6;0.791
6604.1;0.896
6604.6;0.333
6605.1;0.877
6605.6;0.815
6606.1;0.365
6606.6;1.383
6607.1;1.036
6607.6;0.683
6608.1;1.66
6608.6;1.234
6609.1;1.268
6609.6;2.197
6610.1;1.538
6610.6;1.723
6611.1;1.292
6611.6;1.194
6612.1;1.186
6612.6;0.066
6613.1;0.836
6613.6;1.063
6614.1;0.909
6614.6;0.415
6615.2;1.766
6615.7;0.984
6616.2;1.384
6616.7;0.753
6617.2;1.074
6617.7;1.975
6618.2;1.738
6618.7;1.199
6619.2;2.289
6619.7;1.72
6620.2;0.74
6620.7;1.935
6621.2;1.48
6621.7;0.827
6622.2;1.541
6622.7;1.081
6623.2;1.53
6623.7;2.146
6624.2;1.389
6624.7;1.029
6625.2;1.552
6625.7;1.148
6626.2;1.541
6626.7;1.467
6627.2;1.187
6627.7;2.528
6628.2;2.107
6628.7;0.739
6629.2;1.618
6629.7;1.37
6630.2;0.268
6630.7;1.305
6631.2;1.469
6631.7;1.08
6632.2;0.286
6632.7;0.976
6633.2;1.779
6633.7;1.039
6634.2;1.164
6634.7;2.2
6635.2;1.312
6635.7;0.898
6636.2;1.648
6636.7;0.992
6637.2;0.786
6637.7;1.356
6638.2;0.639
6638.7;0.907
6639.2;1.305
6639.7;0.58
6640.2;0.722
6640.7;0.949
6641.2;0.254
6641.7;0.357
6642.2;0.42
6642.7;0.315
6643.2;0.291
6643.7;0.159
6644.2;0.513
6644.7;0.503
6645.2;0.276
6645.7;0.619
6646.2;0.58
6646.7;0.36
6647.2;0.818
6647.7;0.771
6648.2;0.48
6648.7;0.674
6649.2;0.614
6649.7;0.263
6650.2;0.437
6650.7;0.149
6651.2;0.41
6651.7;0.57
6652.2;0.437
6652.7;0.456
6653.2;0.595
6653.7;0.478
6654.2;0.246
6654.7;0.458
6655.2;0.291
6655.7;0.224
6656.2;0.371
6656.7;0.109
6657.2;0.343
6657.7;0.351
6658.2;0.077
6658.7;0.268
6659.2;0.318
6659.7;0.085
6660.2;0.49
6660.7;0.305
6661.2;0.265
6661.7;0.55
6662.2;0.294
6662.7;0.297
6663.2;0.496
6663.7;0.219
6664.2;0.402
6664.7;0.578
6665.2;0.096
6665.7;0.621
6666.2;0.612
6666.7;0.144
6667.2;0.726
6667.7;0.606
6668.2;0.282
6668.7;0.819
6669.2;0.559
6669.7;0.24
6670.2;0.581
6670.7;0.285
6671.2;0.373
6671.7;0.462
6672.2;0.007
6672.7;0.49
6673.2;0.339
6673.7;0.127
6674.2;0.364
6674.7;0.232
6675.2;0.151
6675.7;0.332
6676.2;0.308
6676.7;0.075
6677.2;0.291
6677.7;0.149
6678.2;0.241
6678.7;0.328
6679.2;0.065
6679.7;0.472
6680.2;0.397
6680.7;0.147
6681.2;0.386
6681.7;0.456
6682.2;0.1
6682.7;0.351
6683.2;0.315
6683.7;0.148
6684.2;0.361
6684.7;0.236
6685.2;0.209
6685.7;0.354
6686.2;0.149
6686.7;0.194
6687.2;0.247
6687.7;0.079
6688.2;0.146
6688.7;0.096
6689.2;0.037
6689.7;0.171
6690.2;0.226
6690.7;0.073
6691.2;0.255
6691.7;0.161
6692.2;0.139
6692.7;0.399
6693.2;0.227
6693.7;0.184
6694.2;0.363
6694.7;0.159
6695.2;0.14
6695.7;0.382
6696.2;0.15
6696.7;0.102
6697.2;0.206
6697.7;0.154
6698.2;0.139
6698.7;0.176
6699.2;0.123
6699.7;0.15
6700.2;0.218
6700.7;0.256
6701.2;0.173
6701.7;0.047
6702.2;0.128
6702.7;0.052
6703.2;0.126
6703.7;0.058
6704.2;0.058
6704.7;0.112
6705.2;0.261
6705.7;0.113
6706.2;0.291
6706.7;0.325
6707.2;0.037
6707.7;0.141
6708.2;0.16
6708.7;0.104
6709.2;0.124
6709.7;0.132
6710.2;0.091
6710.7;0.137
6711.2;0.166
6711.7;0.056
6712.2;0.093
6712.7;0.117
6713.2;0.096
6713.7;0.114
6714.2;0.086
6714.7;0.039
6715.2;0.116
6715.7;0.124
6716.2;0.16
6716.7;0.113
6717.2;0.03
6717.7;0.053
6718.2;0.059
6718.7;0.072
6719.2;0.147
6719.7;0.171
6720.2;0.173
6720.7;0.04
6721.2;0.197
6721.7;0.114
6722.2;0.146
6722.7;0.145
6723.2;0.088
6723.7;0.07
6724.2;0.214
6724.7;0.035
6725.2;0.17
6725.7;0.203
6726.2;0.114
6726.7;0.15
6727.2;0.29
6727.7;0.064
6728.2;0.181
6728.7;0.181
6729.2;0.183
6729.7;0.175
6730.2;0.163
6730.7;0.224
6731.2;0.324
6731.7;0.155
6732.2;0.277
6732.7;0.248
6733.2;0.212
6733.7;0.259
6734.2;0.16
6734.7;0.187
6735.2;0.26
6735.7;0.108
6736.2;0.201
6736.7;0.24
6737.2;0.087
6737.7;0.174
6738.2;0.037
6738.7;0.102
6739.2;0.134
6739.7;0.199
6740.2;0.04
6740.7;0.181
6741.2;0.172
6741.7;0.207
6742.2;0.276
6742.7;0.273
6743.2;0.331
6743.7;0.225
6744.2;0.308
6744.7;0.371
6745.2;0.042
6745.7;0.19
6746.2;0.214
6746.7;0.12
6747.2;0.134
6747.7;0.149
6748.2;0.061
6748.7;0.145
6749.2;0.145
6749.7;0.18
6750.2;0.233
6750.7;0.056
6751.2;0.072
6751.7;0.117
6752.2;0.11
6752.7;0.196
6753.2;0.248
6753.7;0.037
6754.2;0.276
6754.7;0.177
6755.2;0.133
6755.7;0.258
6756.2;0.212
6756.7;0.125
6757.2;0.225
6757.7;0.199
6758.2;0.28
6758.7;0.139
6759.2;0.153
6759.7;0.192
6760.2;0.089
6760.7;0.169
6761.2;0.189
6761.7;0.035
6762.2;0.029
6762.7;0.136
6763.2;0.178
6763.7;0.163
6764.2;0.191
6764.7;0.156
6765.2;0.165
6765.7;0.197
6766.2;0.104
6766.7;0.17
6767.2;0.204
6767.7;0.115
6768.2;0.209
6768.7;0.346
6769.2;0.063
6769.7;0.184
6770.2;0.084
6770.7;0.118
6771.2;0.124
6771.7;0.197
6772.2;0.108
6772.7;0.205
6773.2;0.253
6773.7;0.041
6774.2;0.275
6774.7;0.188
6775.2;0.018
6775.7;0.146
6776.2;0.154
6776.7;0.043
6777.2;0.182
6777.7;0.197
6778.2;0.163
6778.7;0.12
6779.2;0.216
6779.7;0.192
6780.2;0.065
6780.7;0.121
6781.2;0.288
6781.7;0.134
6782.2;0.067
6782.7;0.194
6783.2;0.13
6783.7;0.086
6784.2;0.182
6784.7;0.146
6785.2;0.056
6785.7;0.135
6786.2;0.145
6786.7;0.164
6787.2;0.05
6787.7;0.153
6788.2;0.282
6788.7;0.099
6789.2;0.122
6789.7;0.213
6790.2;0.114
6790.7;0.112
6791.2;0.185
6791.7;0.124
6792.2;0.143
6792.7;0.074
6793.2;0.218
6793.7;0.215
6794.2;0.1
6794.7;0.222
6795.2;0.281
6795.7;0.087
6796.2;0.207
6796.7;0.185
6797.2;0.088
6797.7;0.366
6798.2;0.274
6798.7;0.171
6799.2;0.308
6799.7;0.206
6800.2;0.099
6800.7;0.209
6801.2;0.129
6801.7;0.169
6802.2;0.2
6802.7;0.095
6803.2;0.089
6803.7;0.25
6804.2;0.255
6804.7;0.132
6805.2;0.263
6805.7;0.182
6806.2;0.023
6806.7;0.181
6807.2;0.101
6807.7;0.04
6808.2;0.23
6808.7;0.106
6809.2;0.085
6809.7;0.175
6810.2;0.089
6810.7;0.094
6811.2;0.175
6811.7;0.06
6812.2;0.143
6812.7;0.219
6813.2;0.12
6813.7;0.057
6814.2;0.06
6814.7;0.17
6815.2;0.064
6815.7;0.121
6816.2;0.16
6816.7;0.142
6817.2;0.115
6817.7;0.289
6818.2;0.142
6818.7;0.191
6819.2;0.258
6819.7;0.153
6820.2;0.191
6820.7;0.248
6821.2;0.19
6821.7;0.124
6822.2;0.176
6822.7;0.127
6823.2;0.097
6823.7;0.145
6824.2;0.114
6824.7;0.025
6825.2;0.123
6825.7;0.067
6826.2;0.117
6826.7;0.087
6827.2;0.125
6827.7;0.098
6828.2;0.076
6828.7;0.148
6829.2;0.079
6829.7;0.041
6830.2;0.115
6830.7;0.034
6831.2;0.038
6831.7;0.146
6832.2;0.096
6832.7;0.024
6833.2;0.17
6833.7;0.106
6834.2;0.091
6834.7;0.123
6835.2;0.072
6835.7;0.159
6836.2;0.239
6836.7;0.124
6837.2;0.069
6837.7;0.054
6838.2;0.019
6838.7;0.034
6839.2;0.067
6839.7;0.041
6840.2;0.046
6840.7;0.036
6841.2;0.082
6841.7;0.095
6842.2;0.066
6842.7;0.091
6843.2;0.037
6843.7;0.154
6844.2;0.08
6844.7;0.121
6845.2;0.052
6845.7;0.086
6846.2;0.076
6846.7;0.146
6847.2;0.079
6847.7;0.044
6848.2;0.086
6848.7;0.026
6849.2;0.088
6849.7;0.081
6850.2;0.069
6850.7;0.121
6851.2;0.115
6851.7;0.045
6852.2;0.025
6852.7;0.055
6853.2;0.04
6853.7;0.104
6854.2;0.066
6854.7;0.015
6855.2;0.025
6855.7;0.027
6856.2;0.036
6856.7;0.062
6857.2;0.114
6857.7;0.032
6858.2;0.069
6858.7;0.078
6859.2;0.088
6859.7;0.039
6860.2;0.104
6860.7;0.082
6861.2;0.049
6861.7;0.134
6862.2;0.055
6862.7;0.083
6863.2;0.134
6863.7;0.059
6864.2;0.127
6864.7;0.119
6865.2;0.066
6865.7;0.13
6866.2;0.074
6866.7;0.07
6867.2;0.104
6867.7;0.093
6868.2;0.032
6868.7;0.098
6869.2;0.019
6869.7;0.071
6870.2;0.022
6870.7;0.094
6871.2;0.081
6871.7;0.017
6872.2;0.087
6872.7;0.071
6873.2;0.077
6873.7;0.042
6874.2;0.176
6874.7;0.048
6875.2;0.11
6875.7;0.088
6876.2;0.052
6876.7;0.07
6877.2;0.124
6877.7;0.031
6878.2;0.194
6878.7;0.128
6879.2;0.018
6879.7;0.086
6880.2;0.12
6880.7;0.027
6881.2;0.182
6881.7;0.157
6882.2;0.017
6882.7;0.127
6883.2;0.061
6883.7;0.111
6884.2;0.087
6884.7;0.085
6885.2;0.069
6885.7;0.135
6886.2;0.039
6886.7;0.129
6887.2;0.152
6887.7;0.04
6888.2;0.115
6888.7;0.044
6889.2;0.168
6889.7;0.138
6890.2;0.089
6890.7;0.119
6891.2;0.108
6891.7;0.01
6892.2;0.122
6892.7;0.115
6893.2;0.065
6893.7;0.025
6894.2;0.071
6894.7;0.031
6895.2;0.164
6895.7;0.089
6896.2;0.044
6896.7;0.125
6897.2;0.046
6897.7;0.182
6898.2;0.1
6898.7;0.084
6899.2;0.082
6899.7;0.065
6900.2;0.011
6900.7;0.088
6901.2;0.066
6901.7;0.181
6902.2;0.149
6902.7;0.008
6903.2;0.088
6903.7;0.034
6904.2;0.175
6904.7;0.036
6905.2;0.114
6905.7;0.117
6906.2;0.04
6906.7;0.12
6907.2;0.066
6907.7;0.043
6908.2;0.116
6908.7;0.039
6909.2;0.085
6909.7;0.055
6910.2;0.054
6910.7;0.151
6911.2;0.04
6911.7;0.101
6912.2;0.084
6912.7;0.034
6913.2;0.082
6913.7;0.082
6914.2;0.033
6914.7;0.11
6915.2;0.067
6915.7;0.057
6916.2;0.073
6916.7;0.09
6917.2;0.084
6917.7;0.035
6918.2;0.133
6918.7;0.014
6919.2;0.094
6919.7;0.063
6920.2;0.095
6920.7;0.077
6921.2;0.101
6921.7;0.074
6922.2;0.09
6922.7;0.098
6923.2;0.081
6923.7;0.136
6924.2;0.051
6924.7;0.1
6925.2;0.035
6925.7;0.115
6926.2;0.107
6926.7;0.06
6927.2;0.107
6927.7;0.088
6928.2;0.043
6928.7;0.14
6929.2;0.062
6929.7;0.076
6930.2;0.065
6930.7;0.058
6931.2;0.045
6931.7;0.043
6932.2;0.058
6932.7;0.022
6933.2;0.064
6933.7;0.022
6934.2;0.039
6934.7;0.044
6935.2;0.038
6935.7;0.073
6936.2;0.016
6936.7;0.077
6937.2;0.011
6937.7;0.084
6938.2;0.044
6938.7;0.023
6939.2;0.029
6939.7;0.043
6940.2;0.021
6940.7;0.025
6941.2;0.012
6941.7;0.042
6942.2;0.026
6942.7;0.029
6943.2;0.074
6943.7;0.056
6944.2;0.06
6944.7;0.038
6945.2;0.011
6945.7;0.026
6946.2;0.068
6946.7;0.045
6947.2;0.055
6947.7;0.059
6948.2;0.031
6948.7;0.014
6949.2;0.044
6949.7;0.12
6950.2;0.024
6950.7;0.155
6951.2;0.091
6951.7;0.093
6952.2;0.088
6952.7;0.091
6953.2;0.055
6953.7;0.129
6954.2;0.047
6954.7;0.073
6955.2;0.092
6955.7;0.076
6956.2;0.116
6956.7;0.138
6957.2;0.114
6957.7;0.091
6958.2;0.09
6958.7;0.101
6959.2;0.127
6959.7;0.075
6960.2;0.089
6960.7;0.06
6961.2;0.049
6961.7;0.05
6962.2;0.066
6962.7;0.088
6963.2;0.077
6963.7;0.028
6964.2;0.084
6964.7;0.066
6965.2;0.015
6965.7;0.1
6966.2;0.043
6966.7;0.039
6967.2;0.094
6967.7;0.13
6968.2;0.066
6968.7;0.183
6969.2;0.083
6969.7;0.116
6970.2;0.12
6970.7;0.114
6971.2;0.147
6971.7;0.184
6972.2;0.083
6972.7;0.11
6973.2;0.085
6973.7;0.1
6974.2;0.188
6974.7;0.146
6975.2;0.159
6975.7;0.188
6976.2;0.154
6976.7;0.114
6977.2;0.183
6977.7;0.098
6978.2;0.155
6978.7;0.089
6979.2;0.095
6979.7;0.125
6980.2;0.16
6980.7;0.146
6981.2;0.239
6981.7;0.184
6982.2;0.202
6982.7;0.182
6983.2;0.19
6983.7;0.211
6984.2;0.103
6984.7;0.081
6985.2;0.049
6985.7;0.059
6986.2;0.046
6986.7;0.167
6987.2;0.108
6987.7;0.157
6988.2;0.104
6988.7;0.077
6989.2;0.075
6989.7;0.121
6990.2;0.092
6990.7;0.176
6991.2;0.143
6991.7;0.103
6992.2;0.26
6992.7;0.17
6993.2;0.295
6993.7;0.392
6994.2;0.247
6994.7;0.283
6995.2;0.341
6995.7;0.266
6996.2;0.477
6996.7;0.439
6997.2;0.605
6997.7;0.627
6998.2;0.6
6998.7;0.72
6999.2;0.835
6999.7;0.924
7000.2;1.271
7000.7;1.004
7001.2;0.82
7001.7;0.763
7002.2;0.575
7002.7;0.427
7003.2;0.567
7003.7;0.461
7004.2;0.275
7004.7;0.62
7005.2;0.52
7005.7;0.475
7006.2;0.463
7006.7;0.386
7007.2;0.334
7007.7;0.318
7008.2;0.464
7008.7;0.369
7009.2;0.4
7009.7;0.324
7010.2;0.347
7010.7;0.254
7011.2;0.16
7011.7;0.356
7012.2;0.232
7012.7;0.183
7013.2;0.292
7013.7;0.202
7014.2;0.24
7014.7;0.212
7015.2;0.133
7015.7;0.151
7016.2;0.152
7016.7;0.074
7017.2;0.104
7017.7;0.02
7018.2;0.087
7018.7;0.069
7019.2;0.098
7019.7;0.101
7020.2;0.047
7020.7;0.107
7021.2;0.053
7021.7;0.134
7022.2;0.161
7022.7;0.097
7023.2;0.137
7023.7;0.056
7024.2;0.083
7024.7;0.121
7025.2;0.053
7025.7;0.104
7026.2;0.133
7026.7;0.041
7027.2;0.08
7027.7;0.054
7028.2;0.116
7028.7;0.043
7029.2;0.051
7029.7;0.079
7030.2;0.054
7030.7;0.056
7031.2;0.139
7031.7;0.01
7032.2;0.072
7032.7;0.103
7033.2;0.058
7033.7;0.04
7034.2;0.051
7034.7;0.026
7035.2;0.031
7035.7;0.095
7036.2;0.018
7036.7;0.053
7037.2;0.092
7037.7;0.102
7038.2;0.063
7038.7;0.11
7039.2;0.054
7039.7;0.091
7040.2;0.056
7040.7;0.09
7041.2;0.086
7041.7;0.081
7042.2;0.13
7042.7;0.107
7043.2;0.007
7043.7;0.065
7044.2;0.002
7044.7;0.033
7045.2;0.079
7045.7;0.038
7046.2;0.026
7046.7;0.106
7047.2;0.084
7047.7;0.035
7048.2;0.062
7048.7;0.017
7049.2;0.031
7049.7;0.087
7050.2;0.071
7050.7;0.045
7051.2;0.032
7051.7;0.088
7052.2;0.02
7052.7;0.02
7053.2;0.053
7053.7;0.004
7054.2;0.014
7054.7;0.083
7055.2;0.038
7055.7;0.071
7056.2;0.045
7056.7;0.096
7057.2;0.004
7057.7;0.058
7058.2;0.039
7058.7;0.025
7059.2;0.111
7059.7;0.034
7060.2;0.099
7060.7;0.059
7061.2;0.022
7061.7;0.09
7062.2;0.061
7062.7;0.011
7063.2;0.103
7063.7;0.063
7064.2;0.072
7064.7;0.076
7065.2;0.022
7065.7;0.061
7066.2;0.059
7066.7;0.044
7067.2;0.003
7067.7;0.081
7068.2;0.047
7068.7;0.044
7069.2;0.07
7069.7;0.015
7070.2;0.06
7070.7;0.019
7071.2;0.053
7071.7;0.016
7072.2;0.055
7072.7;0.023
7073.2;0.1
7073.7;0.04
7074.2;0.068
7074.7;0.089
7075.2;0.009
7075.7;0.073
7076.2;0.063
7076.7;0.039
7077.2;0.051
7077.7;0.115
7078.2;0.025
7078.7;0.097
7079.2;0.086
7079.7;0.045
7080.2;0.069
7080.7;0.084
7081.2;0.022
7081.7;0.107
7082.2;0.072
7082.7;0.056
7083.2;0.101
7083.7;0.031
7084.2;0.05
7084.7;0.069
7085.2;0.055
7085.7;0.027
7086.2;0.113
7086.7;0.029
7087.2;0.11
7087.7;0.06
7088.2;0.08
7088.7;0.065
7089.2;0.053
7089.7;0.062
7090.2;0.067
7090.7;0.041
7091.2;0.058
7091.7;0.113
7092.2;0.031
7092.7;0.124
7093.2;0.072
7093.7;0.044
7094.2;0.068
7094.7;0.051
7095.2;0.001
7095.7;0.089
7096.2;0.08
7096.7;0.067
7097.2;0.086
7097.7;0.04
7098.2;0.045
7098.7;0.046
7099.2;0.043
7099.7;0.029
7100.2;0.071
7100.7;0.057
7101.2;0.039
7101.7;0.07
7102.2;0.044
7102.7;0.05
7103.2;0.058
7103.7;0.028
7104.2;0.055
7104.7;0.07
7105.2;0.012
7105.7;0.036
7106.2;0.033
7106.7;0.021
7107.2;0.018
7107.7;0.075
7108.2;0.025
7108.7;0.06
7109.2;0.03
7109.7;0.012
7110.2;0.015
7110.7;0.047
7111.2;0.055
7111.7;0.051
7112.2;0.081
7112.7;0.068
7113.2;0.076
7113.7;0.085
7114.2;0.065
7114.7;0.036
7115.2;0.003
7115.7;0.059
7116.2;0.05
7116.7;0.109
7117.2;0.083
7117.7;0.105
7118.2;0.074
7118.7;0.074
7119.2;0.053
7119.7;0.032
7120.2;0.041
7120.7;0.042
7121.2;0.044
7121.7;0.027
7122.2;0.05
7122.7;0.039
7123.2;0.076
7123.7;0.044
7124.2;0.09
7124.7;0.033
7125.2;0.1
7125.7;0.092
7126.2;0.08
7126.7;0.064
7127.2;0.034
7127.7;0.066
7128.2;0.026
7128.7;0.066
7129.2;0.036
7129.7;0.099
7130.2;0.056
7130.7;0.086
7131.2;0.141
7131.7;0.078
7132.2;0.171
7132.7;0.081
7133.2;0.152
7133.7;0.144
7134.2;0.112
7134.7;0.166
7135.2;0.083
7135.7;0.177
7136.2;0.099
7136.7;0.228
7137.2;0.163
7137.7;0.184
7138.2;0.207
7138.7;0.105
7139.2;0.161
7139.7;0.05
7140.2;0.124
7140.7;0.023
7141.2;0.122
7141.7;0.055
7142.2;0.108
7142.7;0.077
7143.2;0.044
7143.7;0.065
7144.2;0.038
7144.7;0.046
7145.2;0.017
7145.7;0.061
7146.2;0.027
7146.7;0.047
7147.2;0.022
7147.7;0.076
7148.2;0.052
7148.7;0.077
7149.2;0.071
7149.7;0.037
7150.2;0.059
7150.7;0.019
7151.2;0.012
7151.7;0.018
7152.2;0.035
7152.7;0.029
7153.2;0.009
7153.7;0.023
7154.2;0.041
7154.7;0.057
7155.2;0.107
7155.7;0.108
7156.2;0.095
7156.7;0.126
7157.2;0.043
7157.7;0.075
7158.2;0.035
7158.7;0.072
7159.2;0.019
7159.7;0.113
7160.2;0.09
7160.7;0.062
7161.2;0.085
7161.7;0.025
7162.2;0.041
7162.7;0.102
7163.2;0.077
7163.7;0.052
7164.2;0.091
7164.7;0.06
7165.2;0.121
7165.7;0.039
7166.2;0.126
7166.7;0.095
7167.2;0.135
7167.7;0.128
7168.2;0.036
7168.7;0.12
7169.2;0.099
7169.7;0.087
7170.2;0.112
7170.7;0.137
7171.2;0.057
7171.7;0.15
7172.2;0.128
7172.7;0.082
7173.2;0.125
7173.7;0.146
7174.2;0.034
7174.7;0.184
7175.2;0.161
7175.7;0.09
7176.2;0.157
7176.7;0.063
7177.2;0.12
7177.7;0.143
7178.2;0.138
7178.7;0.086
7179.2;0.13
7179.7;0.068
7180.2;0.15
7180.7;0.113
7181.2;0.101
7181.7;0.129
7182.2;0.113
7182.7;0.045
7183.2;0.174
7183.7;0.065
7184.2;0.117
7184.7;0.093
7185.2;0.082
7185.7;0.092
7186.2;0.051
7186.7;0.132
7187.2;0.104
7187.7;0.052
7188.2;0.047
7188.7;0.137
7189.2;0.059
7189.7;0.133
7190.2;0.083
7190.7;0.042
7191.2;0.087
7191.7;0.08
7192.2;0.019
7192.7;0.142
7193.2;0.103
7193.7;0.071
7194.2;0.135
7194.7;0.03
7195.2;0.044
7195.7;0.07
7196.2;0.053
7196.7;0.056
7197.2;0.105
7197.7;0.016
7198.2;0.022
7198.7;0.072
7199.2;0.012
7199.7;0.053
7200.2;0.04
7200.7;0.057
7201.2;0.075
7201.7;0.085
7202.2;0.062
7202.7;0.003
7203.2;0.064
7203.7;0.044
7204.2;0.033
7204.7;0.075
7205.2;0.128
7205.7;0.026
7206.2;0.09
7206.7;0.047
7207.2;0.04
7207.7;0.076
7208.2;0.119
7208.7;0.073
7209.2;0.089
7209.7;0.059
7210.2;0.038
7210.7;0.088
7211.2;0.061
7211.7;0.066
7212.2;0.028
7212.7;0.053
7213.2;0.089
7213.7;0.12
7214.2;0.048
7214.7;0.165
7215.2;0.129
7215.7;0.13
7216.2;0.178
7216.7;0.162
7217.2;0.127
7217.7;0.238
7218.2;0.244
7218.7;0.245
7219.2;0.298
7219.7;0.177
7220.2;0.167
7220.7;0.287
7221.2;0.282
7221.7;0.259
7222.2;0.302
7222.7;0.205
7223.2;0.222
7223.7;0.257
7224.2;0.191
7224.7;0.196
7225.2;0.232
7225.7;0.157
7226.2;0.173
7226.7;0.179
7227.2;0.101
7227.7;0.105
7228.2;0.079
7228.7;0.044
7229.2;0.068
7229.7;0.092
7230.2;0.062
7230.7;0.057
7231.2;0.075
7231.7;0.087
7232.2;0.083
7232.7;0.066
7233.2;0.069
7233.7;0.073
7234.2;0.129
7234.7;0.134
7235.2;0.141
7235.7;0.152
7236.2;0.093
7236.7;0.108
7237.2;0.138
7237.7;0.114
7238.2;0.095
7238.7;0.172
7239.2;0.089
7239.7;0.139
7240.2;0.114
7240.7;0.035
7241.2;0.068
7241.7;0.084
7242.2;0.01
7242.7;0.111
7243.2;0.051
7243.7;0.057
7244.2;0.123
7244.7;0.033
7245.2;0.102
7245.7;0.055
7246.2;0.047
7246.7;0.096
7247.2;0.099
7247.7;0.068
7248.2;0.161
7248.7;0.082
7249.2;0.109
7249.7;0.162
7250.2;0.074
7250.7;0.091
7251.2;0.14
7251.7;0.085
7252.2;0.144
7252.7;0.132
7253.2;0.104
7253.7;0.154
7254.2;0.119
7254.7;0.057
7255.2;0.097
7255.7;0.087
7256.2;0.111
7256.7;0.151
7257.2;0.061
7257.7;0.071
7258.2;0.088
7258.7;0.017
7259.2;0.028
7259.7;0.063
7260.2;0.032
7260.7;0.083
7261.2;0.069
7261.7;0.022
7262.2;0.042
7262.7;0.011
7263.2;0.045
7263.7;0.03
7264.2;0.034
7264.7;0.023
7265.2;0.024
7265.7;0.007
7266.2;0.052
7266.7;0.075
7267.2;0.029
7267.7;0.03
7268.2;0.026
7268.7;0.014
7269.2;0.007
7269.7;0.016
7270.2;0.048
7270.7;0.054
7271.2;0.014
7271.7;0.059
7272.2;0.066
7272.7;0.041
7273.2;0.055
7273.7;0.079
7274.2;0.102
7274.7;0.059
7275.2;0.019
7275.7;0.054
7276.2;0.05
7276.7;0.03
7277.2;0.032
7277.7;0.038
7278.2;0.035
7278.7;0.012
7279.2;0.052
7279.7;0.065
7280.2;0.033
7280.7;0.033
7281.2;0.024
7281.7;0.048
7282.2;0.04
7282.7;0.035
7283.2;0.058
7283.7;0.044
7284.2;0.029
7284.7;0.011
7285.2;0.032
7285.7;0.022
7286.2;0.014
7286.7;0.026
7287.2;0.069
7287.7;0.031
7288.2;0.048
7288.7;0.012
7289.2;0.037
7289.7;0.026
7290.2;0.043
7290.7;0.029
7291.2;0.027
7291.7;0.034
7292.2;0.037
7292.7;0.008
7293.2;0.009
7293.7;0.037
7294.2;0.029
7294.7;0.059
7295.2;0.053
7295.7;0.046
7296.2;0.031
7296.7;0.037
7297.2;0.027
7297.7;0.044
7298.2;0.083
7298.7;0.053
7299.2;0.065
7299.7;0.031
7300.2;0.05
7300.7;0.027
7301.2;0.02
7301.7;0.017
7302.2;0.086
7302.7;0.042
7303.2;0.092
7303.7;0.062
7304.2;0.041
7304.7;0.072
7305.2;0.03
7305.7;0.033
7306.2;0.08
7306.7;0.031
7307.2;0.081
7307.7;0.112
7308.2;0.073
7308.7;0.099
7309.2;0.083
7309.7;0.04
7310.2;0.07
7310.7;0.074
7311.2;0.077
7311.7;0.119
7312.2;0.108
7312.7;0.109
7313.2;0.102
7313.7;0.046
7314.2;0.078
7314.7;0.061
7315.2;0.058
7315.7;0.091
7316.2;0.085
7316.7;0.083
7317.2;0.11
7317.7;0.058
7318.2;0.057
7318.7;0.045
7319.2;0.024
7319.7;0.056
7320.2;0.074
7320.7;0.058
7321.2;0.102
7321.7;0.074
7322.2;0.095
7322.7;0.095
7323.2;0.046
7323.7;0.066
7324.2;0.07
7324.7;0.068
7325.2;0.109
7325.7;0.108
7326.2;0.099
7326.7;0.124
7327.2;0.084
7327.7;0.071
7328.2;0.078
7328.7;0.07
7329.2;0.082
7329.7;0.124
7330.2;0.103
7330.7;0.108
7331.2;0.104
7331.7;0.05
7332.2;0.058
7332.7;0.071
7333.2;0.03
7333.7;0.082
7334.2;0.099
7334.7;0.049
7335.2;0.087
7335.7;0.049
7336.2;0.057
7336.7;0.062
7337.2;0.005
7337.7;0.03
7338.2;0.068
7338.7;0.015
7339.2;0.076
7339.7;0.081
7340.2;0.068
7340.7;0.1
7341.2;0.037
7341.7;0.061
7342.2;0.076
7342.7;0.032
7343.2;0.062
7343.7;0.137
7344.2;0.051
7344.7;0.113
7345.2;0.097
7345.7;0.03
7346.2;0.088
7346.7;0.072
7347.2;0.012
7347.7;0.115
7348.2;0.083
7348.7;0.05
7349.2;0.116
7349.7;0.029
7350.2;0.065
7350.7;0.071
7351.2;0.038
7351.7;0.058
7352.2;0.074
7352.7;0.029
7353.2;0.093
7353.7;0.056
7354.2;0.056
7354.7;0.096
7355.2;0.016
7355.7;0.078
7356.2;0.056
7356.7;0.039
7357.2;0.078
7357.7;0.096
7358.2;0.019
7358.7;0.141
7359.2;0.071
7359.7;0.062
7360.2;0.094
7360.7;0.048
7361.2;0.049
7361.7;0.105
7362.2;0.068
7362.7;0.088
7363.2;0.12
7363.7;0.007
7364.2;0.094
7364.7;0.069
7365.2;0.046
7365.7;0.064
7366.2;0.104
7366.7;0.026
7367.2;0.092
7367.7;0.062
7368.2;0.077
7368.7;0.077
7369.2;0.064
7369.7;0.065
7370.2;0.084
7370.7;0.072
7371.2;0.056
7371.7;0.087
7372.2;0.032
7372.7;0.092
7373.2;0.038
7373.7;0.085
7374.2;0.078
7374.7;0.073
7375.2;0.046
7375.7;0.1
7376.2;0.065
7376.7;0.054
7377.2;0.092
7377.7;0.031
7378.2;0.073
7378.7;0.063
7379.2;0.082
7379.7;0.036
7380.2;0.12
7380.7;0.053
7381.2;0.088
7381.7;0.078
7382.2;0.057
7382.7;0.026
7383.2;0.098
7383.7;0.07
7384.2;0.069
7384.7;0.115
7385.2;0.028
7385.7;0.104
7386.2;0.05
7386.7;0.075
7387.2;0.053
7387.7;0.105
7388.2;0.007
7388.7;0.127
7389.2;0.057
7389.7;0.056
7390.2;0.086
7390.7;0.078
7391.2;0.05
7391.7;0.098
7392.2;0.105
7392.7;0.076
7393.2;0.12
7393.7;0.02
7394.2;0.057
7394.7;0.106
7395.2;0.087
7395.7;0.057
7396.2;0.146
7396.7;0.072
7397.2;0.088
7397.7;0.108
7398.2;0.034
7398.7;0.083
7399.2;0.113
7399.7;0.089
7400.2;0.134
7400.7;0.174
7401.2;0.077
7401.7;0.1
7402.2;0.121
7402.7;0.059
7403.2;0.11
7403.7;0.162
7404.2;0.075
7404.7;0.157
7405.2;0.136
7405.7;0.006
7406.2;0.131
7406.7;0.129
7407.2;0.071
7407.7;0.148
7408.2;0.088
7408.7;0.088
7409.2;0.107
7409.7;0.094
7410.2;0.04
7410.7;0.108
7411.2;0.079
7411.7;0.04
7412.2;0.05
7412.7;0.112
7413.2;0.016
7413.7;0.106
7414.2;0.03
7414.7;0.029
7415.2;0.057
7415.7;0.037
7416.2;0.009
7416.7;0.108
7417.2;0.044
7417.7;0.1
7418.2;0.048
7418.7;0.025
7419.2;0.025
7419.7;0.028
7420.2;0.036
7420.7;0.087
7421.2;0.062
7421.7;0.055
7422.2;0.058
7422.7;0.097
7423.2;0.047
7423.7;0.063
7424.2;0.095
7424.7;0.043
7425.2;0.111
7425.7;0.095
7426.2;0.085
7426.7;0.153
7427.2;0.061
7427.7;0.077
7428.2;0.14
7428.7;0.033
7429.2;0.129
7429.7;0.115
7430.2;0.076
7430.7;0.191
7431.2;0.073
7431.7;0.094
7432.2;0.113
7432.7;0.023
7433.2;0.108
7433.7;0.146
7434.2;0.065
7434.7;0.141
7435.2;0.09
7435.7;0.08
7436.2;0.066
7436.7;0.098
7437.2;0.034
7437.7;0.086
7438.2;0.11
7438.7;0.083
7439.2;0.088
7439.7;0.078
7440.2;0.056
7440.7;0.126
7441.2;0.027
7441.7;0.094
7442.2;0.116
7442.7;0.068
7443.2;0.126
7443.7;0.114
7444.2;0.084
7444.7;0.182
7445.2;0.042
7445.7;0.159
7446.2;0.116
7446.7;0.034
7447.2;0.154
7447.7;0.069
7448.2;0.08
7448.7;0.23
7449.2;0.037
7449.7;0.061
7450.2;0.154
7450.7;0.075
7451.2;0.019
7451.7;0.106
7452.2;0.076
7452.7;0.098
7453.2;0.117
7453.7;0.088
7454.2;0.084
7454.7;0.061
7455.2;0.021
7455.7;0.091
7456.2;0.114
7456.7;0.096
7457.2;0.165
7457.7;0.042
7458.2;0.102
7458.7;0.09
7459.2;0.052
7459.7;0.104
7460.2;0.118
7460.7;0.062
7461.2;0.133
7461.7;0.04
7462.2;0.099
7462.7;0.109
7463.2;0.019
7463.7;0.066
7464.2;0.057
7464.7;0.045
7465.2;0.036
7465.7;0.076
7466.2;0.056
7466.7;0.104
7467.2;0.081
7467.7;0.074
7468.2;0.093
7468.7;0.043
7469.2;0.036
7469.7;0.122
7470.2;0.076
7470.7;0.065
7471.2;0.124
7471.7;0.033
7472.2;0.056
7472.7;0.052
7473.2;0.092
7473.7;0.075
7474.2;0.071
7474.7;0.039
7475.2;0.091
7475.7;0.061
7476.2;0.096
7476.7;0.114
7477.2;0.02
7477.7;0.066
7478.2;0.083
7478.7;0.021
7479.2;0.051
7479.7;0.138
7480.2;0.067
7480.7;0.128
7481.2;0.083
7481.7;0.04
7482.2;0.083
7482.7;0.081
7483.2;0.036
7483.7;0.121
7484.2;0.097
7484.7;0.102
7485.2;0.153
7485.7;0.014
7486.2;0.142
7486.7;0.106
7487.2;0.019
7487.7;0.151
7488.2;0.141
7488.7;0.03
7489.2;0.188
7489.7;0.112
7490.2;0.071
7490.7;0.147
7491.2;0.061
7491.7;0.076
7492.2;0.126
7492.7;0.079
7493.2;0.082
7493.7;0.128
7494.2;0.041
7494.7;0.151
7495.2;0.069
7495.7;0.083
7496.2;0.141
7496.7;0.055
7497.2;0.106
7497.7;0.161
7498.2;0.1
7498.7;0.188
7499.2;0.19
7499.7;0.032
7500.2;0.091
7500.7;0.085
7501.2;0.037
7501.7;0.097
7502.2;0.12
7502.7;0.024
7503.2;0.053
7503.7;0.052
7504.2;0.214
7504.7;0.151
7505.2;0.089
7505.7;0.211
7506.2;0.131
7506.7;0.111
7507.2;0.161
7507.7;0.14
7508.2;0.14
7508.7;0.179
7509.2;0.147
7509.7;0.141
7510.2;0.116
7510.7;0.08
7511.2;0.11
7511.7;0.128
7512.2;0.171
7512.7;0.166
7513.2;0.145
7513.7;0.163
7514.2;0.159
7514.7;0.166
7515.2;0.184
7515.7;0.188
7516.2;0.237
7516.7;0.304
7517.2;0.303
7517.7;0.238
7518.2;0.233
7518.7;0.169
7519.2;0.114
7519.7;0.099
7520.2;0.053
7520.7;0.082
7521.2;0.075
7521.7;0.055
7522.2;0.057
7522.7;0.061
7523.2;0.081
7523.7;0.027
7524.2;0.042
7524.7;0.024
7525.2;0.072
7525.7;0.112
7526.2;0.131
7526.7;0.161
7527.2;0.269
7527.7;0.246
7528.2;0.298
7528.7;0.354
7529.2;0.287
7529.7;0.326
7530.2;0.38
7530.7;0.322
7531.2;0.313
7531.7;0.347
7532.2;0.226
7532.7;0.215
7533.2;0.241
7533.7;0.183
7534.2;0.367
7534.7;0.544
7535.2;0.704
7535.7;0.834
7536.2;0.751
7536.7;0.423
7537.2;0.233
7537.7;0.097
7538.2;0.401
7538.7;0.559
7539.2;0.699
7539.7;0.955
7540.2;1.01
7540.7;0.831
7541.2;0.959
7541.7;0.976
7542.2;0.816
7542.7;1.01
7543.2;1.107
7543.7;0.985
7544.2;0.996
7544.7;0.852
7545.2;0.383
7545.7;0.091
7546.2;0.1
7546.7;0.15
7547.2;0.311
7547.7;0.293
7548.2;0.424
7548.7;0.456
7549.2;0.296
7549.7;0.422
7550.2;0.451
7550.7;0.486
7551.2;0.676
7551.7;0.668
7552.2;0.642
7552.7;0.752
7553.2;0.678
7553.7;0.6
7554.2;0.682
7554.7;0.562
7555.2;0.473
7555.7;0.581
7556.2;0.48
7556.7;0.331
7557.2;0.343
7557.7;0.157
7558.2;0.194
7558.7;0.22
7559.2;0.089
7559.7;0.207
7560.2;0.198
7560.7;0.125
7561.2;0.248
7561.7;0.186
7562.2;0.174
7562.7;0.293
7563.2;0.17
7563.7;0.221
7564.2;0.274
7564.7;0.174
7565.2;0.237
7565.7;0.3
7566.2;0.266
7566.7;0.341
7567.2;0.324
7567.7;0.21
7568.2;0.234
7568.7;0.187
7569.2;0.109
7569.7;0.21
7570.2;0.182
7570.7;0.103
7571.2;0.11
7571.7;0.039
7572.2;0.154
7572.7;0.147
7573.2;0.076
7573.7;0.053
7574.2;0.072
7574.7;0.05
7575.2;0.092
7575.7;0.058
7576.2;0.137
7576.7;0.178
7577.2;0.101
7577.7;0.156
7578.2;0.13
7578.7;0.077
7579.2;0.133
7579.7;0.118
7580.2;0.089
7580.7;0.133
7581.2;0.129
7581.7;0.137
7582.2;0.143
7582.7;0.104
7583.2;0.096
7583.7;0.112
7584.2;0.098
7584.7;0.104
7585.2;0.053
7585.7;0.102
7586.2;0.097
7586.7;0.075
7587.2;0.102
7587.7;0.076
7588.2;0.118
7588.7;0.096
7589.2;0.093
7589.7;0.152
7590.2;0.172
7590.7;0.138
7591.2;0.191
7591.7;0.168
7592.2;0.102
7592.7;0.201
7593.2;0.13
7593.7;0.171
7594.2;0.253
7594.7;0.195
7595.2;0.209
7595.7;0.155
7596.2;0.092
7596.7;0.122
7597.2;0.148
7597.7;0.091
7598.2;0.16
7598.7;0.159
7599.2;0.078
7599.7;0.142
7600.2;0.049
7600.7;0.074
7601.2;0.06
7601.7;0.026
7602.2;0.086
7602.7;0.059
7603.2;0.034
7603.7;0.112
7604.2;0.127
7604.7;0.102
7605.2;0.138
7605.7;0.024
7606.2;0.109
7606.7;0.111
7607.2;0.034
7607.7;0.176
7608.2;0.125
7608.7;0.116
7609.2;0.09
7609.7;0.085
7610.2;0.069
7610.7;0.105
7611.2;0.125
7611.7;0.056
7612.2;0.095
7612.7;0.034
7613.2;0.108
7613.7;0.047
7614.2;0.039
7614.7;0.015
7615.2;0.026
7615.7;0.041
7616.2;0.032
7616.7;0.031
7617.2;0.032
7617.7;0.055
7618.2;0.073
7618.7;0.094
7619.2;0.024
7619.7;0.048
7620.2;0.01
7620.7;0.082
7621.2;0.132
7621.7;0.057
7622.2;0.112
7622.7;0.079
7623.2;0.024
7623.7;0.061
7624.2;0.007
7624.7;0.035
7625.2;0.058
7625.7;0.079
7626.2;0.039
7626.7;0.107
7627.2;0.015
7627.7;0.136
7628.2;0.065
7628.7;0.018
7629.2;0.053
7629.7;0.024
7630.2;0.015
7630.7;0.109
7631.2;0.086
7631.7;0.079
7632.2;0.094
7632.7;0.042
7633.2;0.102
7633.7;0.035
7634.2;0.018
7634.7;0.078
7635.2;0.081
7635.7;0.003
7636.2;0.096
7636.7;0.05
7637.2;0.107
7637.7;0.114
7638.2;0.057
7638.7;0.069
7639.2;0.052
7639.7;0.041
7640.2;0.06
7640.7;0.095
7641.2;0.05
7641.7;0.076
7642.2;0.081
7642.7;0.063
7643.2;0.083
7643.7;0.066
7644.2;0.044
7644.7;0.114
7645.2;0.044
7645.7;0.06
7646.2;0.104
7646.7;0.017
7647.2;0.076
7647.7;0.061
7648.2;0.095
7648.7;0.021
7649.2;0.089
7649.7;0.017
7650.2;0.103
7650.7;0.059
7651.2;0.019
7651.7;0.046
7652.2;0.069
7652.7;0.093
7653.2;0.093
7653.7;0.086
7654.2;0.123
7654.7;0.106
7655.2;0.036
7655.7;0.135
7656.2;0.07
7656.7;0.052
7657.2;0.088
7657.7;0.154
7658.2;0.026
7658.7;0.144
7659.2;0.089
7659.7;0.121
7660.2;0.119
7660.7;0.077
7661.2;0.066
7661.7;0.118
7662.2;0.137
7662.7;0.073
7663.2;0.177
7663.7;0.055
7664.2;0.103
7664.7;0.097
7665.2;0.086
7665.7;0.102
7666.2;0.083
7666.7;0.093
7667.2;0.125
7667.7;0.055
7668.2;0.086
7668.7;0.085
7669.2;0.086
7669.7;0.137
7670.2;0.105
7670.7;0.092
7671.2;0.092
7671.7;0.088
7672.2;0.043
7672.7;0.115
7673.2;0.033
7673.7;0.115
7674.2;0.073
7674.7;0.071
7675.2;0.078
7675.7;0.092
7676.2;0.075
7676.7;0.097
7677.2;0.105
7677.7;0.065
7678.2;0.084
7678.7;0.086
7679.2;0.079
7679.7;0.066
7680.2;0.091
7680.7;0.048
7681.2;0.083
7681.7;0.062
7682.2;0.059
7682.7;0.043
7683.2;0.099
7683.7;0.048
7684.2;0.108
7684.7;0.087
7685.2;0.061
7685.7;0.095
7686.2;0.064
7686.7;0.056
7687.2;0.072
7687.7;0.069
7688.2;0.058
7688.7;0.096
7689.2;0.011
7689.7;0.08
7690.2;0.043
7690.7;0.017
7691.2;0.047
7691.7;0.073
7692.2;0.027
7692.7;0.089
7693.2;0.054
7693.7;0.063
7694.2;0.063
7694.7;0.008
7695.2;0.015
7695.7;0.058
7696.2;0.058
7696.7;0.049
7697.2;0.067
7697.7;0.039
7698.2;0.088
7698.7;0.059
7699.2;0.013
7699.7;0.032
7700.2;0.043
7700.7;0.026
7701.2;0.084
7701.7;0.038
7702.2;0.089
7702.7;0.039
7703.2;0.061
7703.7;0.015
7704.2;0.034
7704.7;0.046
7705.2;0.02
7705.7;0.081
7706.2;0.048
7706.7;0.053
7707.2;0.075
7707.7;0.03
7708.2;0.043
7708.7;0.045
7709.2;0.003
7709.7;0.049
7710.2;0.071
7710.7;0.061
7711.2;0.077
7711.7;0.041
7712.2;0.036
7712.7;0.043
7713.2;0.012
7713.7;0.011
7714.2;0.087
7714.7;0.042
7715.2;0.082
7715.7;0.058
7716.2;0.056
7716.7;0.077
7717.2;0.009
7717.7;0.014
7718.2;0.041
7718.7;0.015
7719.2;0.046
7719.7;0.07
7720.2;0.039
7720.7;0.062
7721.2;0.044
7721.7;0.019
7722.2;0.035
7722.7;0.059
7723.2;0.033
7723.7;0.085
7724.2;0.074
7724.7;0.069
7725.2;0.088
7725.7;0.026
7726.2;0.069
7726.7;0.035
7727.2;0.014
7727.7;0.033
7728.2;0.041
7728.7;0.044
7729.2;0.079
7729.7;0.047
7730.2;0.042
7730.7;0.054
7731.2;0.033
7731.7;0.024
7732.2;0.08
7732.7;0.05
7733.2;0.081
7733.7;0.107
7734.2;0.023
7734.7;0.113
7735.2;0.025
7735.7;0.067
7736.2;0.04
7736.7;0.013
7737.2;0.043
7737.7;0.045
7738.2;0.076
7738.7;0.033
7739.2;0.144
7739.7;0.059
7740.2;0.101
7740.7;0.115
7741.2;0.092
7741.7;0.151
7742.2;0.145
7742.7;0.093
7743.2;0.18
7743.7;0.018
7744.2;0.122
7744.7;0.028
7745.2;0.053
7745.7;0.041
7746.2;0.113
7746.7;0.137
7747.2;0.078
7747.7;0.195
7748.2;0.063
7748.7;0.221
7749.2;0.148
7749.7;0.106
7750.2;0.168
7750.7;0.085
7751.2;0.146
7751.7;0.136
7752.2;0.07
7752.7;0.109
7753.2;0.081
7753.7;0.073
7754.2;0.063
7754.7;0.142
7755.2;0.056
7755.7;0.156
7756.2;0.186
7756.7;0.077
7757.2;0.217
7757.7;0.039
7758.2;0.155
7758.7;0.124
7759.2;0.004
7759.7;0.113
7760.2;0.076
7760.7;0.072
7761.2;0.122
7761.7;0.119
7762.2;0.054
7762.7;0.117
7763.2;0.019
7763.7;0.042
7764.2;0.098
7764.7;0.052
7765.2;0.085
7765.7;0.104
7766.2;0.069
7766.7;0.073
7767.2;0.099
7767.7;0.012
7768.2;0.082
7768.7;0.097
7769.2;0.018
7769.7;0.103
7770.2;0.081
7770.7;0.076
7771.2;0.101
7771.7;0.053
7772.2;0.04
7772.7;0.082
7773.2;0.04
7773.7;0.053
7774.2;0.128
7774.7;0.027
7775.2;0.108
7775.7;0.051
7776.2;0.055
7776.7;0.081
7777.2;0.019
7777.7;0.071
7778.2;0.088
7778.7;0.032
7779.2;0.068
7779.7;0.024
7780.2;0.077
7780.7;0.036
7781.2;0.069
7781.7;0.082
7782.2;0.063
7782.7;0.102
7783.2;0.091
7783.7;0.089
7784.2;0.127
7784.7;0.016
7785.2;0.09
7785.7;0.094
7786.2;0.086
7786.7;0.141
7787.2;0.158
7787.7;0.049
7788.2;0.186
7788.7;0.145
7789.2;0.159
7789.7;0.2
7790.2;0.08
7790.7;0.124
7791.2;0.163
7791.7;0.08
7792.2;0.136
7792.7;0.151
7793.2;0.144
7793.7;0.232
7794.2;0.213
7794.7;0.172
7795.2;0.212
7795.7;0.158
7796.2;0.133
7796.7;0.175
7797.2;0.061
7797.7;0.14
7798.2;0.122
7798.7;0.156
7799.2;0.166
7799.7;0.187
7800.2;0.144
7800.7;0.175
7801.2;0.211
7801.7;0.128
7802.2;0.224
7802.7;0.111
7803.2;0.208
7803.7;0.18
7804.2;0.153
7804.7;0.114
7805.2;0.176
7805.7;0.084
7806.2;0.187
7806.7;0.086
7807.2;0.046
7807.7;0.089
7808.2;0.053
7808.7;0.083
7809.2;0.114
7809.7;0.233
7810.2;0.098
7810.7;0.214
7811.2;0.177
7811.7;0.179
7812.2;0.235
7812.7;0.196
7813.2;0.228
7813.7;0.268
7814.2;0.328
7814.7;0.217
7815.2;0.424
7815.7;0.25
7816.2;0.472
7816.7;0.384
7817.2;0.417
7817.7;0.351
7818.2;0.361
7818.7;0.406
7819.2;0.357
7819.7;0.498
7820.2;0.316
7820.7;0.517
7821.2;0.393
7821.7;0.522
7822.2;0.485
7822.7;0.442
7823.2;0.569
7823.7;0.451
7824.2;0.578
7824.7;0.572
7825.2;0.536
7825.7;0.585
7826.2;0.528
7826.7;0.563
7827.2;0.549
7827.7;0.52
7828.2;0.356
7828.7;0.349
7829.2;0.37
7829.7;0.366
7830.2;0.629
7830.7;0.734
7831.2;0.919
7831.7;1.068
7832.2;1.191
7832.7;1.261
7833.2;1.382
7833.7;1.376
7834.2;1.416
7834.7;1.289
7835.2;1.122
7835.7;0.95
7836.2;0.784
7836.7;0.983
7837.2;1.292
7837.7;1.594
7838.2;1.777
7838.7;1.976
7839.2;1.919
7839.7;1.849
7840.2;1.572
7840.7;1.578
7841.2;1.525
7841.7;1.411
7842.2;1.221
7842.7;0.771
7843.2;0.33
7843.7;0.533
7844.2;0.797
7844.7;0.904
7845.2;1.165
7845.7;1.165
7846.2;1.194
7846.7;1.165
7847.2;1.079
7847.7;1.01
7848.2;1.065
7848.7;0.905
7849.2;0.944
7849.7;0.896
7850.2;0.779
7850.7;0.805
7851.2;0.801
7851.7;0.801
7852.2;0.867
7852.7;0.841
7853.2;0.828
7853.7;0.864
7854.2;0.805
7854.7;0.852
7855.2;0.812
7855.7;0.843
7856.2;0.897
7856.7;0.939
7857.2;0.855
7857.7;0.907
7858.2;0.788
7858.7;0.787
7859.2;0.773
7859.7;0.673
7860.2;0.696
7860.7;0.641
7861.2;0.6
7861.7;0.65
7862.2;0.689
7862.7;0.554
7863.2;0.708
7863.7;0.607
7864.2;0.575
7864.7;0.605
7865.2;0.49
7865.7;0.42
7866.2;0.492
7866.7;0.403
7867.2;0.418
7867.7;0.48
7868.2;0.347
7868.7;0.423
7869.2;0.392
7869.7;0.326
7870.2;0.36
7870.7;0.366
7871.2;0.263
7871.7;0.361
7872.2;0.357
7872.7;0.336
7873.2;0.388
7873.7;0.357
7874.2;0.37
7874.7;0.405
7875.2;0.385
7875.7;0.386
7876.2;0.464
7876.7;0.375
7877.2;0.438
7877.7;0.346
7878.2;0.36
7878.7;0.397
7879.2;0.351
7879.7;0.306
7880.2;0.329
7880.7;0.215
7881.2;0.255
7881.7;0.286
7882.2;0.169
7882.7;0.277
7883.2;0.292
7883.7;0.235
7884.2;0.319
7884.7;0.36
7885.2;0.225
7885.7;0.352
7886.2;0.231
7886.7;0.223
7887.2;0.265
7887.7;0.195
7888.2;0.194
7888.7;0.241
7889.2;0.211
7889.7;0.175
7890.2;0.284
7890.7;0.179
7891.2;0.258
7891.7;0.241
7892.2;0.193
7892.7;0.209
7893.2;0.225
7893.7;0.184
7894.2;0.223
7894.7;0.237
7895.2;0.193
7895.7;0.252
7896.2;0.198
7896.7;0.232
7897.2;0.25
7897.7;0.227
7898.2;0.211
7898.7;0.293
7899.2;0.218
7899.7;0.314
7900.2;0.312
7900.7;0.279
7901.2;0.323
7901.7;0.291
7902.2;0.266
7902.7;0.279
7903.2;0.28
7903.7;0.217
7904.2;0.279
7904.7;0.213
7905.2;0.248
7905.7;0.275
7906.2;0.244
7906.7;0.262
7907.2;0.31
7907.7;0.191
7908.2;0.277
7908.7;0.215
7909.2;0.177
7909.7;0.208
7910.2;0.155
7910.7;0.14
7911.2;0.155
7911.7;0.1
7912.2;0.084
7912.7;0.113
7913.2;0.03
7913.7;0.057
7914.2;0.036
7914.7;0.015
7915.2;0.018
7915.7;0.071
7916.2;0.059
7916.7;0.045
7917.2;0.106
7917.7;0.038
7918.2;0.089
7918.7;0.083
7919.2;0.05
7919.7;0.081
7920.2;0.092
7920.7;0.08
7921.2;0.112
7921.7;0.114
7922.2;0.084
7922.7;0.118
7923.2;0.061
7923.7;0.08
7924.2;0.068
7924.7;0.093
7925.2;0.038
7925.7;0.129
7926.2;0.05
7926.7;0.093
7927.2;0.086
7927.7;0.03
7928.2;0.056
7928.7;0.081
7929.2;0.027
7929.7;0.098
7930.2;0.088
7930.7;0.034
7931.2;0.084
7931.7;0.052
7932.2;0.021
7932.7;0.024
7933.2;0.05
7933.7;0.008
7934.2;0.04
7934.7;0.105
7935.2;0.062
7935.7;0.107
7936.2;0.044
7936.7;0.053
7937.2;0.053
7937.7;0.031
7938.2;0.039
7938.7;0.091
7939.2;0.067
7939.7;0.076
7940.2;0.118
7940.7;0.051
7941.2;0.071
7941.7;0.065
7942.2;0.056
7942.7;0.069
7943.2;0.093
7943.7;0.035
7944.2;0.148
7944.7;0.019
7945.2;0.091
7945.7;0.073
7946.2;0.059
7946.7;0.076
7947.2;0.082
7947.7;0.075
7948.2;0.053
7948.7;0.073
7949.2;0.014
7949.7;0.031
7950.2;0.021
7950.7;0.027
7951.2;0.022
7951.7;0.085
7952.2;0.048
7952.7;0.084
7953.2;0.067
7953.7;0.029
7954.2;0.085
7954.7;0.028
7955.2;0.027
7955.7;0.081
7956.2;0.058
7956.7;0.058
7957.2;0.085
7957.7;0.044
7958.2;0.072
7958.7;0.043
7959.2;0.006
7959.7;0.04
7960.2;0.069
7960.7;0.018
7961.2;0.108
7961.7;0.058
7962.2;0.047
7962.7;0.038
7963.2;0.073
7963.7;0.046
7964.2;0.047
7964.7;0.083
7965.2;0.029
7965.7;0.076
7966.2;0.07
7966.7;0.085
7967.2;0.067
7967.7;0.017
7968.2;0.042
7968.7;0.03
7969.2;0.056
7969.7;0.026
7970.2;0.108
7970.7;0.044
7971.2;0.061
7971.7;0.092
7972.2;0.05
7972.7;0.109
7973.2;0.064
7973.7;0.049
7974.2;0.085
7974.7;0.074
7975.2;0.02
7975.7;0.064
7976.2;0.058
7976.7;0.042
7977.2;0.118
7977.7;0.116
7978.2;0.085
7978.7;0.121
7979.2;0.093
7979.7;0.093
7980.2;0.1
7980.7;0.029
7981.2;0.082
7981.7;0.045
7982.2;0.072
7982.7;0.073
7983.2;0.105
7983.7;0.058
7984.2;0.11
7984.7;0.091
7985.2;0.104
7985.7;0.126
7986.2;0.054
7986.7;0.105
7987.2;0.072
7987.7;0.055
7988.2;0.066
7988.7;0.106
7989.2;0.062
7989.7;0.101
7990.2;0.091
7990.7;0.087
7991.2;0.111
7991.7;0.106
7992.2;0.105
7992.7;0.093
7993.2;0.067
7993.7;0.076
7994.2;0.094
7994.7;0.04
7995.2;0.072
7995.7;0.077
7996.2;0.097
7996.7;0.113
7997.2;0.155
7997.7;0.076
7998.2;0.098
7998.7;0.07
7999.2;0.096
7999.7;0.11
8000.2;0.086
8000.7;0.088
8001.2;0.071
8001.7;0.109
8002.2;0.064
8002.7;0.134
8003.2;0.081
8003.7;0.133
8004.2;0.082
8004.7;0.072
8005.2;0.054
8005.7;0.069
8006.2;0.089
8006.7;0.084
8007.2;0.118
8007.7;0.067
8008.2;0.111
8008.7;0.072
8009.2;0.118
8009.7;0.051
8010.2;0.061
8010.7;0.05
8011.2;0.091
8011.7;0.09
8012.2;0.105
8012.7;0.052
8013.2;0.06
8013.7;0.085
8014.2;0.097
8014.7;0.118
8015.2;0.061
8015.7;0.027
8016.2;0.052
8016.7;0.077
8017.2;0.07
8017.7;0.115
8018.2;0.054
8018.7;0.079
8019.2;0.074
8019.7;0.043
8020.2;0.074
8020.7;0.05
8021.2;0.019
8021.7;0.072
8022.2;0.11
8022.7;0.04
8023.2;0.095
8023.7;0.045
8024.2;0.066
8024.7;0.077
8025.2;0.071
8025.7;0.033
8026.2;0.044
8026.7;0.027
8027.2;0.06
8027.7;0.101
8028.2;0.058
8028.7;0.064
8029.2;0.033
8029.7;0.06
8030.2;0.04
8030.7;0.083
8031.2;0.021
8031.7;0.024
8032.2;0.048
8032.7;0.06
8033.2;0.065
8033.7;0.052
8034.2;0.053
8034.7;0.034
8035.2;0.045
8035.7;0.047
8036.2;0.074
8036.7;0.046
8037.2;0.031
8037.7;0.032
8038.2;0.026
8038.7;0.075
8039.2;0.072
8039.7;0.026
8040.2;0.071
8040.7;0.075
8041.2;0.033
8041.7;0.068
8042.2;0.029
8042.7;0.019
8043.2;0.061
8043.7;0.097
8044.2;0.031
8044.7;0.091
8045.2;0.051
8045.7;0.05
8046.2;0.096
8046.7;0.039
8047.2;0.027
8047.7;0.049
8048.2;0.097
8048.7;0.046
8049.2;0.144
8049.7;0.083
8050.2;0.06
8050.7;0.098
8051.2;0.062
8051.7;0.049
8052.2;0.074
8052.7;0.091
8053.2;0.053
8053.7;0.14
8054.2;0.079
8054.7;0.055
8055.2;0.136
8055.7;0.065
8056.2;0.085
8056.7;0.145
8057.2;0.06
8057.7;0.076
8058.2;0.066
8058.7;0.064
8059.2;0.027
8059.7;0.111
8060.2;0.087
8060.7;0.102
8061.2;0.138
8061.7;0.004
8062.2;0.145
8062.7;0.027
8063.2;0.015
8063.7;0.039
8064.2;0.059
8064.7;0.059
8065.2;0.041
8065.7;0.096
8066.2;0.038
8066.7;0.089
8067.2;0.083
8067.7;0.086
8068.2;0.083
8068.7;0.065
8069.2;0.06
8069.7;0.053
8070.2;0.009
8070.7;0.034
8071.2;0.036
8071.7;0.033
8072.2;0.02
8072.7;0.07
8073.2;0.083
8073.7;0.08
8074.2;0.096
8074.7;0.063
8075.2;0.072
8075.7;0.054
8076.2;0.044
8076.7;0.026
8077.2;0.021
8077.7;0.027
8078.2;0.049
8078.7;0.02
8079.2;0.07
8079.7;0.061
8080.2;0.077
8080.7;0.075
8081.2;0.052
8081.7;0.044
8082.2;0.059
8082.7;0.03
8083.2;0.014
8083.7;0.03
8084.2;0.037
8084.7;0.064
8085.2;0.019
8085.7;0.061
8086.2;0.066
8086.7;0.026
8087.2;0.038
8087.7;0.039
8088.2;0.022
8088.7;0.015
8089.2;0.054
8089.7;0.04
8090.2;0.038
8090.7;0.007
8091.2;0.075
8091.7;0.045
8092.2;0.016
8092.7;0.055
8093.2;0.023
8093.7;0.075
8094.2;0.11
8094.7;0.071
8095.2;0.049
8095.7;0.022
8096.2;0.009
8096.7;0.049
8097.2;0.044
8097.7;0.038
8098.2;0.024
8098.7;0.058
8099.2;0.041
8099.7;0.066
8100.2;0.03
8100.7;0.035
8101.2;0.015
8101.7;0.048
8102.2;0.054
8102.7;0.052
8103.2;0.036
8103.7;0.046
8104.2;0.072
8104.7;0.024
8105.2;0.043
8105.7;0.037
8106.2;0.012
8106.7;0.042
8107.2;0.058
8107.7;0.029
8108.2;0.073
8108.7;0.057
8109.2;0.031
8109.7;0.08
8110.2;0.022
8110.7;0.022
8111.2;0.042
8111.7;0.035
8112.2;0.029
8112.7;0.079
8113.2;0.02
8113.7;0.051
8114.2;0.039
8114.7;0.028
8115.2;0.01
8115.7;0.06
8116.2;0.014
8116.7;0.059
8117.2;0.05
8117.7;0.058
8118.2;0.028
8118.7;0.019
8119.2;0.033
8119.7;0.023
8120.2;0.057
8120.7;0.034
8121.2;0.073
8121.7;0.026
8122.2;0.037
8122.7;0.046
8123.2;0.02
8123.7;0.046
8124.2;0.036
8124.7;0.014
8125.2;0.056
8125.7;0.041
8126.2;0.004
8126.7;0.059
8127.2;0.037
8127.7;0.057
8128.2;0.025
8128.7;0.016
8129.2;0.006
8129.7;0.03
8130.2;0.036
8130.7;0.057
8131.2;0.053
8131.7;0.023
8132.2;0.04
8132.7;0.007
8133.2;0.01
8133.7;0.027
8134.2;0.056
8134.7;0.025
8135.2;0.09
8135.7;0.04
8136.2;0.063
8136.7;0.013
8137.2;0.035
8137.7;0.063
8138.2;0.039
8138.7;0.059
8139.2;0.054
8139.7;0.025
8140.2;0.014
8140.7;0.062
8141.2;0.022
8141.7;0.07
8142.2;0.04
8142.7;0.05
8143.2;0.016
8143.7;0.073
8144.2;0.033
8144.7;0.035
8145.2;0.087
8145.7;0.033
8146.2;0.051
8146.7;0.019
8147.2;0.046
8147.7;0.054
8148.2;0.036
8148.7;0.028
8149.2;0.114
8149.7;0.037
8150.2;0.089
8150.7;0.073
8151.2;0.019
8151.7;0.103
8152.2;0.054
8152.7;0.056
8153.2;0.075
8153.7;0.034
8154.2;0.041
8154.7;0.082
8155.2;0.045
8155.7;0.033
8156.2;0.025
8156.7;0.061
8157.2;0.023
8157.7;0.06
8158.2;0.038
8158.7;0.067
8159.2;0.024
8159.7;0.072
8160.2;0.023
8160.7;0.054
8161.2;0.071
8161.7;0.053
8162.2;0.035
8162.7;0.072
8163.2;0.027
8163.7;0.064
8164.2;0.086
8164.7;0.028
8165.2;0.083
8165.7;0.043
8166.2;0.05
8166.7;0.062
8167.2;0.072
8167.7;0.021
8168.2;0.106
8168.7;0.032
8169.2;0.07
8169.7;0.064
8170.2;0.033
8170.7;0.068
8171.2;0.061
8171.7;0.027
8172.2;0.068
8172.7;0.068
8173.2;0.053
8173.7;0.109
8174.2;0.04
8174.7;0.068
8175.2;0.041
8175.7;0.033
8176.2;0.085
8176.7;0.054
8177.2;0.019
8177.7;0.112
8178.2;0.07
8178.7;0.047
8179.2;0.083
8179.7;0.041
8180.2;0.042
8180.7;0.099
8181.2;0.059
8181.7;0.078
8182.2;0.083
8182.7;0.012
8183.2;0.075
8183.7;0.054
8184.2;0.044
8184.7;0.051
8185.2;0.073
8185.7;0.035
8186.2;0.095
8186.7;0.052
8187.2;0.057
8187.7;0.082
8188.2;0.021
8188.7;0.034
8189.2;0.063
8189.7;0.02
8190.2;0.03
8190.7;0.1
8191.2;0.075
8191.7;0.061
8192.2;0.011
8192.7;0.038
8193.2;0.065
8193.7;0.05
8194.2;0.04
8194.7;0.075
8195.2;0.053
8195.7;0.054
8196.2;0.063
8196.7;0.042
8197.2;0.046
8197.7;0.063
8198.2;0.018
8198.7;0.017
8199.2;0.053
8199.7;0.027
8200.2;0.05
8200.7;0.054
8201.2;0.032
8201.7;0.058
8202.2;0.032
8202.7;0.026
8203.2;0.013
8203.7;0.015
8204.2;0.038
8204.7;0.053
8205.2;0.029
8205.7;0.042
8206.2;0.03
8206.7;0.008
8207.2;0.012
8207.7;0.01
8208.2;0.021
8208.7;0.022
8209.2;0.032
8209.7;0.039
8210.2;0.057
8210.7;0.047
8211.2;0.007
8211.7;0.058
8212.2;0.007
8212.7;0.011
8213.2;0.03
8213.7;0.057
8214.2;0.024
8214.7;0.059
8215.2;0.011
8215.7;0.052
8216.2;0.054
8216.7;0.025
8217.2;0.009
8217.7;0.037
8218.2;0.027
8218.7;0.04
8219.2;0.047
8219.7;0.059
8220.2;0.057
8220.7;0.04
8221.2;0.083
8221.7;0.034
8222.2;0.017
8222.7;0.025
8223.2;0.059
8223.7;0.011
8224.2;0.052
8224.7;0.042
8225.2;0.05
8225.7;0.059
8226.2;0.016
8226.7;0.014
8227.2;0.034
8227.7;0.012
8228.2;0.075
8228.7;0.096
8229.2;0.022
8229.7;0.086
8230.2;0.033
8230.7;0.048
8231.2;0.072
8231.7;0.047
8232.2;0.034
8232.7;0.073
8233.2;0.029
8233.7;0.08
8234.2;0.079
8234.7;0.005
8235.2;0.038
8235.7;0.042
8236.2;0.049
8236.7;0.04
8237.2;0.049
8237.7;0.019
8238.2;0.074
8238.7;0.033
8239.2;0.067
8239.7;0.017
8240.2;0.017
8240.7;0.028
8241.2;0.032
8241.7;0.03
8242.2;0.004
8242.7;0.035
8243.2;0.071
8243.7;0.045
8244.2;0.061
8244.7;0.053
8245.2;0.053
8245.7;0.031
8246.2;0.051
8246.7;0.024
8247.2;0.042
8247.7;0.056
8248.2;0.058
8248.7;0.053
8249.2;0.014
8249.7;0.091
8250.2;0.069
8250.7;0.008
8251.2;0.043
8251.7;0.038
8252.2;0.036
8252.7;0.116
8253.2;0.033
8253.7;0.026
8254.2;0.068
8254.7;0.041
8255.2;0.065
8255.7;0.077
8256.2;0.019
8256.7;0.072
8257.2;0.042
8257.7;0.023
8258.2;0.071
8258.7;0.024
8259.2;0.027
8259.7;0.079
8260.2;0.063
8260.7;0.066
8261.2;0.071
8261.7;0.029
8262.2;0.072
8262.7;0.043
8263.2;0.038
8263.7;0.057
8264.2;0.027
8264.7;0.016
8265.2;0.148
8265.7;0.019
8266.2;0.098
8266.7;0.03
8267.2;0.03
8267.7;0.027
8268.2;0.114
8268.7;0.054
8269.2;0.1
8269.7;0.038
8270.2;0.05
8270.7;0.057
8271.2;0.043
8271.7;0.086
8272.2;0.08
8272.7;0.052
8273.2;0.027
8273.7;0.046
8274.2;0.017
8274.7;0.088
8275.2;0.082
8275.7;0.093
8276.2;0.021
8276.7;0.081
8277.2;0.012
8277.7;0.053
8278.2;0.046
8278.7;0.045
8279.2;0.028
8279.7;0.084
8280.2;0.019
8280.7;0.077
8281.2;0.056
8281.7;0.048
8282.2;0.085
8282.7;0.061
8283.2;0.035
8283.7;0.04
8284.2;0.031
8284.7;0.037
8285.2;0.075
8285.7;0.034
8286.2;0.038
8286.7;0.029
8287.2;0.043
8287.7;0.021
8288.2;0.032
8288.7;0.021
8289.2;0.03
8289.7;0.016
8290.2;0.058
8290.7;0.027
8291.2;0.048
8291.7;0.019
8292.2;0.008
8292.7;0.011
8293.2;0.04
8293.7;0.03
8294.2;0.074
8294.7;0.041
8295.2;0.094
8295.7;0.049
8296.2;0.051
8296.7;0.05
8297.2;0.034
8297.7;0.033
8298.2;0.081
8298.7;0.057
8299.2;0.08
8299.7;0.062
8300.2;0.096
8300.7;0.076
8301.2;0.052
8301.7;0.034
8302.2;0.044
8302.7;0.043
8303.2;0.077
8303.7;0.081
8304.2;0.076
8304.7;0.091
8305.2;0.043
8305.7;0.059
8306.2;0.059
8306.7;0.029
8307.2;0.031
8307.7;0.07
8308.2;0.032
8308.7;0.077
8309.2;0.057
8309.7;0.052
8310.2;0.062
8310.7;0.034
8311.2;0.061
8311.7;0.063
8312.2;0.035
8312.7;0.08
8313.2;0.083
8313.7;0.046
8314.2;0.11
8314.7;0.066
8315.2;0.059
8315.7;0.07
8316.2;0.094
8316.7;0.078
8317.2;0.115
8317.7;0.105
8318.2;0.105
8318.7;0.092
8319.2;0.133
8319.7;0.042
8320.2;0.087
8320.7;0.123
8321.2;0.093
8321.7;0.141
8322.2;0.124
8322.7;0.101
8323.2;0.124
8323.7;0.095
8324.2;0.067
8324.7;0.126
8325.2;0.047
8325.7;0.107
8326.2;0.153
8326.7;0.113
8327.2;0.176
8327.7;0.01
8328.2;0.072
8328.7;0.123
8329.2;0.047
8329.7;0.055
8330.2;0.162
8330.7;0.034
8331.2;0.153
8331.7;0.035
8332.2;0.087
8332.7;0.069
8333.2;0.018
8333.7;0.056
8334.2;0.077
8334.7;0.019
8335.2;0.107
8335.7;0.06
8336.2;0.096
8336.7;0.115
8337.2;0.076
8337.7;0.1
8338.2;0.049
8338.7;0.056
8339.2;0.104
8339.7;0.05
8340.2;0.081
8340.7;0.123
8341.2;0.029
8341.7;0.184
8342.2;0.098
8342.7;0.148
8343.2;0.116
8343.7;0.034
8344.2;0.034
8344.7;0.156
8345.2;0.022
8345.7;0.166
8346.2;0.05
8346.7;0.083
8347.2;0.124
8347.7;0.057
8348.2;0.056
8348.7;0.107
8349.2;0.026
8349.7;0.11
8350.2;0.066
8350.7;0.039
8351.2;0.073
8351.7;0.046
8352.2;0.034
8352.7;0.062
8353.2;0.035
8353.7;0.067
8354.2;0.048
8354.7;0.029
8355.2;0.057
8355.7;0.032
8356.2;0.033
8356.7;0.013
8357.2;0.006
8357.7;0.024
8358.2;0.042
8358.7;0.052
8359.2;0.081
8359.7;0.028
8360.2;0.075
8360.7;0.004
8361.2;0.046
8361.7;0.03
8362.2;0.021
8362.7;0.032
8363.2;0.056
8363.7;0.017
8364.2;0.077
8364.7;0.026
8365.2;0.048
8365.7;0.051
8366.2;0.016
8366.7;0.058
8367.2;0.051
8367.7;0.036
8368.2;0.069
8368.7;0.042
8369.2;0.049
8369.7;0.069
8370.2;0.043
8370.7;0.046
8371.2;0.074
8371.7;0.036
8372.2;0.088
8372.7;0.083
8373.2;0.064
8373.7;0.056
8374.2;0.07
8374.7;0.011
8375.2;0.066
8375.7;0.087
8376.2;0.059
8376.7;0.076
8377.2;0.056
8377.7;0.034
8378.2;0.065
8378.7;0.039
8379.2;0.027
8379.7;0.09
8380.2;0.06
8380.7;0.048
8381.2;0.054
8381.7;0.035
8382.2;0.014
8382.7;0.02
8383.2;0.041
8383.7;0.013
8384.2;0.027
8384.7;0.032
8385.2;0.05
8385.7;0.01
8386.2;0.033
8386.7;0.028
8387.2;0.025
8387.7;0.05
8388.2;0.011
8388.7;0.015
8389.2;0.018
8389.7;0.069
8390.2;0.026
8390.7;0.04
8391.2;0.028
8391.7;0.052
8392.2;0.057
8392.7;0.017
8393.2;0.003
8393.7;0.054
8394.2;0.04
8394.7;0.041
8395.2;0.093
8395.7;0.028
8396.2;0.051
8396.7;0.051
8397.2;0.019
8397.7;0.041
8398.2;0.057
8398.7;0.029
8399.2;0.053
8399.7;0.071
8400.2;0.03
8400.7;0.055
8401.2;0.022
8401.7;0.004
8402.2;0.022
8402.7;0.075
8403.2;0.029
8403.7;0.058
8404.2;0.032
8404.7;0.055
8405.2;0.056
8405.7;0.029
8406.2;0.035
8406.7;0.048
8407.2;0.052
8407.7;0.053
8408.2;0.09
8408.7;0.085
8409.2;0.036
8409.7;0.058
8410.2;0.03
8410.7;0.033
8411.2;0.073
8411.7;0.055
8412.2;0.052
8412.7;0.057
8413.2;0.043
8413.7;0.02
8414.2;0.056
8414.7;0.031
8415.2;0.031
8415.7;0.059
8416.2;0.074
8416.7;0.076
8417.2;0.079
8417.7;0.098
8418.2;0.076
8418.7;0.116
8419.2;0.095
8419.7;0.146
8420.2;0.129
8420.7;0.137
8421.2;0.087
8421.7;0.114
8422.2;0.073
8422.7;0.09
8423.2;0.101
8423.7;0.091
8424.2;0.076
8424.7;0.054
8425.2;0.018
8425.7;0.058
8426.2;0.064
8426.7;0.05
8427.2;0.082
8427.7;0.049
8428.2;0.041
8428.7;0.025
8429.2;0.022
8429.7;0.049
8430.2;0.038
8430.7;0.072
8431.2;0.056
8431.7;0.028
8432.2;0.043
8432.7;0.023
8433.2;0.02
8433.7;0.04
8434.2;0.067
8434.7;0.038
8435.2;0.068
8435.7;0.058
8436.2;0.055
8436.7;0.041
8437.2;0.048
8437.7;0.045
8438.2;0.079
8438.7;0.07
8439.2;0.099
8439.7;0.036
8440.2;0.032
8440.7;0.018
8441.2;0.017
8441.7;0.044
8442.2;0.033
8442.7;0.055
8443.2;0.079
8443.7;0.078
8444.2;0.06
8444.7;0.069
8445.2;0.087
8445.7;0.075
8446.2;0.091
8446.7;0.08
8447.2;0.119
8447.7;0.109
8448.2;0.175
8448.7;0.196
8449.2;0.247
8449.7;0.258
8450.2;0.241
8450.7;0.208
8451.2;0.239
8451.7;0.267
8452.2;0.289
8452.7;0.308
8453.2;0.288
8453.7;0.261
8454.2;0.207
8454.7;0.155
8455.2;0.125
8455.7;0.159
8456.2;0.176
8456.7;0.175
8457.2;0.179
8457.7;0.145
8458.2;0.174
8458.7;0.206
8459.2;0.225
8459.7;0.265
8460.2;0.293
8460.7;0.316
8461.2;0.337
8461.7;0.393
8462.2;0.46
8462.7;0.563
8463.2;0.637
8463.7;0.721
8464.2;0.826
8464.7;0.92
8465.2;0.987
8465.7;0.964
8466.2;0.852
8466.7;0.731
8467.2;0.655
8467.7;0.592
8468.2;0.581
8468.7;0.597
8469.2;0.61
8469.7;0.597
8470.2;0.613
8470.7;0.551
8471.2;0.531
8471.7;0.532
8472.2;0.531
8472.7;0.536
8473.2;0.537
8473.7;0.466
8474.2;0.411
8474.7;0.36
8475.2;0.26
8475.7;0.171
8476.2;0.128
8476.7;0.084
8477.2;0.092
8477.7;0.094
8478.2;0.16
8478.7;0.206
8479.2;0.233
8479.7;0.278
8480.2;0.276
8480.7;0.214
8481.2;0.176
8481.7;0.127
8482.2;0.21
8482.7;0.407
8483.2;0.562
8483.7;0.752
8484.2;0.939
8484.7;1.058
8485.2;1.081
8485.7;1.06
8486.2;0.963
8486.7;0.798
8487.2;0.665
8487.7;0.474
8488.2;0.332
8488.7;0.396
8489.2;0.576
8489.7;0.709
8490.2;0.816
8490.7;0.802
8491.2;0.849
8491.7;0.815
8492.2;0.736
8492.7;0.644
8493.2;0.536
8493.7;0.39
8494.2;0.218
8494.7;0.087
8495.2;0.124
8495.7;0.268
8496.2;0.301
8496.7;0.341
8497.2;0.346
8497.7;0.333
8498.2;0.314
8498.7;0.377
8499.2;0.402
8499.7;0.395
8500.2;0.414
8500.7;0.351
8501.2;0.3
8501.7;0.254
8502.2;0.201
8502.7;0.112
8503.2;0.075
8503.7;0.059
8504.2;0.051
8504.7;0.072
8505.2;0.087
8505.7;0.074
8506.2;0.081
8506.7;0.107
8507.2;0.118
8507.7;0.095
8508.2;0.116
8508.7;0.11
8509.2;0.079
8509.7;0.115
8510.2;0.095
8510.7;0.095
8511.2;0.102
8511.7;0.104
8512.2;0.127
8512.7;0.191
8513.2;0.172
8513.7;0.162
8514.2;0.159
8514.7;0.092
8515.2;0.054
8515.7;0.088
8516.2;0.059
8516.7;0.084
8517.2;0.118
8517.7;0.075
8518.2;0.015
8518.7;0.033
8519.2;0.063
8519.7;0.059
8520.2;0.042
8520.7;0.032
8521.2;0.016
8521.7;0.039
8522.2;0.014
8522.7;0.041
8523.2;0.06
8523.7;0.12
8524.2;0.12
8524.7;0.133
8525.2;0.141
8525.7;0.083
8526.2;0.105
8526.7;0.089
8527.2;0.078
8527.7;0.068
8528.2;0.096
8528.7;0.075
8529.2;0.134
8529.7;0.124
8530.2;0.132
8530.7;0.176
8531.2;0.193
8531.7;0.179
8532.2;0.151
8532.7;0.13
8533.2;0.052
8533.7;0.082
8534.2;0.054
8534.7;0.017
8535.2;0.044
8535.7;0.056
8536.2;0.101
8536.7;0.125
8537.2;0.131
8537.7;0.122
8538.2;0.116
8538.7;0.075
8539.2;0.08
8539.7;0.063
8540.2;0.062
8540.7;0.065
8541.2;0.104
8541.7;0.05
8542.2;0.078
8542.7;0.064
8543.2;0.03
8543.7;0.079
8544.2;0.076
8544.7;0.077
8545.2;0.098
8545.7;0.121
8546.2;0.043
8546.7;0.04
8547.2;0.053
8547.7;0.063
8548.2;0.036
8548.7;0.039
8549.2;0.02
8549.7;0.067
8550.2;0.053
8550.7;0.085
8551.2;0.089
8551.7;0.041
8552.2;0.041
8552.7;0.087
8553.2;0.072
8553.7;0.048
8554.2;0.055
8554.7;0.043
8555.2;0.033
8555.7;0.018
8556.2;0.063
8556.7;0.021
8557.2;0.021
8557.7;0.029
8558.2;0.071
8558.7;0.068
8559.2;0.032
8559.7;0.08
8560.2;0.059
8560.7;0.06
8561.2;0.069
8561.7;0.117
8562.2;0.075
8562.7;0.05
8563.2;0.058
8563.7;0.047
8564.2;0.004
8564.7;0.068
8565.2;0.027
8565.7;0.019
8566.2;0.065
8566.7;0.027
8567.2;0.058
8567.7;0.013
8568.2;0.02
8568.7;0.041
8569.2;0.032
8569.7;0.017
8570.2;0.054
8570.7;0.038
8571.2;0.069
8571.7;0.062
8572.2;0.036
8572.7;0.036
8573.2;0.037
8573.7;0.027
8574.2;0.056
8574.7;0.078
8575.2;0.059
8575.7;0.1
8576.2;0.063
8576.7;0.038
8577.2;0.056
8577.7;0.073
8578.2;0.054
8578.7;0.107
8579.2;0.083
8579.7;0.084
8580.2;0.112
8580.7;0.063
8581.2;0.061
8581.7;0.095
8582.2;0.09
8582.7;0.08
8583.2;0.115
8583.7;0.085
8584.2;0.068
8584.7;0.084
8585.2;0.052
8585.7;0.047
8586.2;0.097
8586.7;0.109
8587.2;0.101
8587.7;0.136
8588.2;0.096
8588.7;0.058
8589.2;0.092
8589.7;0.104
8590.2;0.089
8590.7;0.147
8591.2;0.113
8591.7;0.093
8592.2;0.118
8592.7;0.092
8593.2;0.088
8593.7;0.137
8594.2;0.123
8594.7;0.107
8595.2;0.124
8595.7;0.082
8596.2;0.091
8596.7;0.086
8597.2;0.088
8597.7;0.093
8598.2;0.12
8598.7;0.099
8599.2;0.085
8599.7;0.099
8600.2;0.044
8600.7;0.08
8601.2;0.066
8601.7;0.022
8602.2;0.083
8602.7;0.1
8603.2;0.053
8603.7;0.101
8604.2;0.074
8604.7;0.045
8605.2;0.082
8605.7;0.039
8606.2;0.035
8606.7;0.079
8607.2;0.055
8607.7;0.073
8608.2;0.078
8608.7;0.034
8609.2;0.094
8609.7;0.076
8610.2;0.04
8610.7;0.077
8611.2;0.1
8611.7;0.057
8612.2;0.077
8612.7;0.08
8613.2;0.039
8613.7;0.068
8614.2;0.049
8614.7;0.036
8615.2;0.052
8615.7;0.053
8616.2;0.047
8616.7;0.069
8617.2;0.033
8617.7;0.07
8618.2;0.072
8618.7;0.014
8619.2;0.047
8619.7;0.059
8620.2;0.022
8620.7;0.045
8621.2;0.03
8621.7;0.037
8622.2;0.073
8622.7;0.026
8623.2;0.067
8623.7;0.066
8624.2;0.021
8624.7;0.061
8625.2;0.094
8625.7;0.033
8626.2;0.064
8626.7;0.079
8627.2;0.03
8627.7;0.057
8628.2;0.032
8628.7;0.024
8629.2;0.06
8629.7;0.068
8630.2;0.081
8630.7;0.085
8631.2;0.046
8631.7;0.054
8632.2;0.041
8632.7;0.029
8633.2;0.001
8633.7;0.033
8634.2;0.017
8634.7;0.042
8635.2;0.041
8635.7;0.042
8636.2;0.066
8636.7;0.018
8637.2;0.041
8637.7;0.017
8638.2;0.038
8638.7;0.005
8639.2;0.033
8639.7;0.013
8640.2;0.055
8640.7;0.07
8641.2;0.08
8641.7;0.072
8642.2;0.039
8642.7;0.031
8643.2;0.049
8643.7;0.056
8644.2;0.054
8644.7;0.075
8645.2;0.05
8645.7;0.065
8646.2;0.033
8646.7;0.021
8647.2;0.039
8647.7;0.012
8648.2;0.024
8648.7;0.066
8649.2;0.066
8649.7;0.06
8650.2;0.075
8650.7;0.02
8651.2;0.024
8651.7;0.011
8652.2;0.024
8652.7;0.007
8653.2;0.039
8653.7;0.04
8654.2;0.065
8654.7;0.063
8655.2;0.064
8655.7;0.055
8656.2;0.021
8656.7;0.019
8657.2;0.04
8657.7;0.058
8658.2;0.033
8658.7;0.046
8659.2;0.017
8659.7;0.05
8660.2;0.044
8660.7;0.031
8661.2;0.03
8661.7;0.035
8662.2;0.024
8662.7;0.043
8663.2;0.042
8663.7;0.029
8664.2;0.022
8664.7;0.017
8665.2;0.043
8665.7;0.034
8666.2;0.03
8666.7;0.034
8667.2;0.044
8667.7;0.043
8668.2;0.067
8668.7;0.071
8669.2;0.036
8669.7;0.042
8670.2;0.033
8670.7;0.015
8671.2;0.009
8671.7;0.021
8672.2;0.042
8672.7;0.045
8673.2;0.047
8673.7;0.071
8674.2;0.034
8674.7;0.039
8675.2;0.044
8675.7;0.033
8676.2;0.029
8676.7;0.037
8677.2;0.034
8677.7;0.019
8678.2;0.02
8678.7;0.026
8679.2;0.027
8679.7;0.023
8680.2;0.034
8680.7;0.038
8681.2;0.059
8681.7;0.041
8682.2;0.06
8682.7;0.029
8683.2;0.01
8683.7;0.022
8684.2;0.009
8684.7;0.011
8685.2;0.024
8685.7;0.023
8686.2;0.044
8686.7;0.051
8687.2;0.047
8687.7;0.034
8688.2;0.024
8688.7;0.008
8689.2;0.01
8689.7;0.017
8690.2;0.016
8690.7;0.009
8691.2;0.03
8691.7;0.037
8692.2;0.035
8692.7;0.043
8693.2;0.025
8693.7;0.007
8694.2;0.002
8694.7;0.021
8695.2;0.029
8695.7;0.013
8696.2;0.02
8696.7;0.033
8697.2;0.037
8697.7;0.024
8698.2;0.014
8698.7;0.012
8699.2;0.014
8699.7;0.032
8700.2;0.041
8700.7;0.047
8701.2;0.045
8701.7;0.043
8702.2;0.04
8702.7;0.02
8703.2;0.02
8703.7;0.009
8704.2;0.026
8704.7;0.019
8705.2;0.047
8705.7;0.05
8706.2;0.03
8706.7;0.032
8707.2;0.023
8707.7;0.014
8708.2;0.019
8708.7;0.02
8709.2;0.016
8709.7;0.048
8710.2;0.031
8710.7;0.042
8711.2;0.022
8711.7;0.004
8712.2;0.007
8712.7;0.047
8713.2;0.049
8713.7;0.042
8714.2;0.071
8714.7;0.048
8715.2;0.049
8715.7;0.052
8716.2;0.007
8716.7;0.03
8717.2;0.038
8717.7;0.036
8718.2;0.052
8718.7;0.063
8719.2;0.044
8719.7;0.064
8720.2;0.032
8720.7;0.028
8721.2;0.025
8721.7;0.005
8722.2;0.019
8722.7;0.043
8723.2;0.029
8723.7;0.052
8724.2;0.041
8724.7;0.024
8725.2;0.024
8725.7;0.021
8726.2;0.013
8726.7;0.043
8727.2;0.033
8727.7;0.032
8728.2;0.061
8728.7;0.029
8729.2;0.051
8729.7;0.043
8730.2;0.01
8730.7;0.011
8731.2;0.056
8731.7;0.04
8732.2;0.072
8732.7;0.065
8733.2;0.051
8733.7;0.061
8734.2;0.042
8734.7;0.018
8735.2;0.049
8735.7;0.033
8736.2;0.023
8736.7;0.065
8737.2;0.053
8737.7;0.031
8738.2;0.044
8738.7;0.012
8739.2;0.014
8739.7;0.051
8740.2;0.062
8740.7;0.061
8741.2;0.104
8741.7;0.067
8742.2;0.091
8742.7;0.059
8743.2;0.042
8743.7;0.07
8744.2;0.033
8744.7;0.04
8745.2;0.066
8745.7;0.039
8746.2;0.093
8746.7;0.069
8747.2;0.048
8747.7;0.083
8748.2;0.032
8748.7;0.047
8749.2;0.024
8749.7;0.053
8750.2;0.037
8750.7;0.034
8751.2;0.052
8751.7;0.017
8752.2;0.049
8752.7;0.021
8753.2;0.013
8753.7;0.069
8754.2;0.038
8754.7;0.05
8755.2;0.059
8755.7;0.031
8756.2;0.047
8756.7;0.019
8757.2;0.023
8757.7;0.014
8758.2;0.041
8758.7;0.028
8759.2;0.075
8759.7;0.057
8760.2;0.051
8760.7;0.067
8761.2;0.017
8761.7;0.03
8762.2;0.032
8762.7;0.028
8763.2;0.022
8763.7;0.036
8764.2;0.022
8764.7;0.029
8765.2;0.03
8765.7;0.014
8766.2;0.037
8766.7;0.057
8767.2;0.033
8767.7;0.061
8768.2;0.068
8768.7;0.051
8769.2;0.067
8769.7;0.021
8770.2;0.044
8770.7;0.02
8771.2;0.022
8771.7;0.003
8772.2;0.046
8772.7;0.036
8773.2;0.05
8773.7;0.052
8774.2;0.021
8774.7;0.036
8775.2;0.033
8775.7;0.016
8776.2;0.044
8776.7;0.059
8777.2;0.03
8777.7;0.057
8778.2;0.037
8778.7;0.028
8779.2;0.017
8779.7;0.034
8780.2;0.026
8780.7;0.064
8781.2;0.06
8781.7;0.054
8782.2;0.079
8782.7;0.037
8783.2;0.056
8783.7;0.023
8784.2;0.023
8784.7;0.044
8785.2;0.047
8785.7;0.04
8786.2;0.053
8786.7;0.036
8787.2;0.035
8787.7;0.043
8788.2;0.006
8788.7;0.02
8789.2;0.038
8789.7;0.037
8790.2;0.027
8790.7;0.047
8791.2;0.029
8791.7;0.055
8792.2;0.018
8792.7;0.047
8793.2;0.013
8793.7;0.043
8794.2;0.023
8794.7;0.065
8795.2;0.025
8795.7;0.046
8796.2;0.052
8796.7;0.045
8797.2;0.067
8797.7;0.02
8798.2;0.015
8798.7;0.032
8799.2;0.034
8799.7;0.034
8800.2;0.055
8800.7;0.025
8801.2;0.025
8801.7;0.029
8802.2;0.041
8802.7;0.017
8803.2;0.037
8803.7;0.017
8804.2;0.04
8804.7;0.049
8805.2;0.017
8805.7;0.039
8806.2;0.026
8806.7;0.009
8807.2;0.035
8807.7;0.04
8808.2;0.015
8808.7;0.055
8809.2;0.037
8809.7;0.09
8810.2;0.047
8810.7;0.021
8811.2;0.024
8811.7;0.035
8812.2;0.029
8812.7;0.078
8813.2;0.064
8813.7;0.05
8814.2;0.05
8814.7;0.024
8815.2;0.042
8815.7;0.01
8816.2;0.035
8816.7;0.029
8817.2;0.11
8817.7;0.022
8818.2;0.04
8818.7;0.048
8819.2;0.021
8819.7;0.048
8820.2;0.031
8820.7;0.008
8821.2;0.037
8821.7;0.033
8822.2;0.025
8822.7;0.076
8823.2;0.017
8823.7;0.01
8824.2;0.037
8824.7;0.02
8825.2;0.017
8825.7;0.029
8826.2;0.066
8826.7;0.039
8827.2;0.06
8827.7;0.022
8828.2;0.042
8828.7;0.027
8829.2;0.069
8829.7;0.026
8830.2;0.089
8830.7;0.047
8831.2;0.027
8831.7;0.037
8832.2;0.025
8832.7;0.039
8833.2;0.052
8833.7;0.063
8834.2;0.081
8834.7;0.078
8835.2;0.037
8835.7;0.03
8836.2;0.032
8836.7;0.066
8837.2;0.098
8837.7;0.058
8838.2;0.071
8838.7;0.037
8839.2;0.091
8839.7;0.064
8840.2;0.055
8840.7;0.039
8841.2;0.048
8841.7;0.079
8842.2;0.126
8842.7;0.101
8843.2;0.109
8843.7;0.072
8844.2;0.074
8844.7;0.047
8845.2;0.031
8845.7;0.011
8846.2;0.03
8846.7;0.011
8847.2;0.035
8847.7;0.049
8848.2;0.07
8848.7;0.047
8849.2;0.041
8849.7;0.027
8850.2;0.05
8850.7;0.009
8851.2;0.045
8851.7;0.048
8852.2;0.079
8852.7;0.034
8853.2;0.05
8853.7;0.041
8854.2;0.046
8854.7;0.029
8855.2;0.067
8855.7;0.012
8856.2;0.102
8856.7;0.013
8857.2;0.069
8857.7;0.021
8858.2;0.023
8858.7;0.054
8859.2;0.015
8859.7;0.083
8860.2;0.104
8860.7;0.094
8861.2;0.135
8861.7;0.125
8862.2;0.104
8862.7;0.069
8863.2;0.083
8863.7;0.066
8864.2;0.098
8864.7;0.092
8865.2;0.055
8865.7;0.02
8866.2;0.023
8866.7;0.047
8867.2;0.038
8867.7;0.049
8868.2;0.037
8868.7;0.046
8869.2;0.082
8869.7;0.078
8870.2;0.111
8870.7;0.087
8871.2;0.092
8871.7;0.072
8872.2;0.091
8872.7;0.069
8873.2;0.085
8873.7;0.078
8874.2;0.033
8874.7;0.023
8875.2;0.008
8875.7;0.063
8876.2;0.02
8876.7;0.025
8877.2;0.061
8877.7;0.053
8878.2;0.07
8878.7;0.106
8879.2;0.086
8879.7;0.084
8880.2;0.082
8880.7;0.037
8881.2;0.054
8881.7;0.095
8882.2;0.059
8882.7;0.071
8883.2;0.063
8883.7;0.053
8884.2;0.072
8884.7;0.027
8885.2;0.045
8885.7;0.08
8886.2;0.049
8886.7;0.063
8887.2;0.074
8887.7;0.008
8888.2;0.02
8888.7;0.078
8889.2;0.062
8889.7;0.078
8890.2;0.122
8890.7;0.133
8891.2;0.12
8891.7;0.242
8892.2;0.229
8892.7;0.281
8893.2;0.319
8893.7;0.298
8894.2;0.295
8894.7;0.343
8895.2;0.311
8895.7;0.338
8896.2;0.331
8896.7;0.317
8897.2;0.33
8897.7;0.309
8898.2;0.285
8898.7;0.279
8899.2;0.235
8899.7;0.187
8900.2;0.191
8900.7;0.108
8901.2;0.139
8901.7;0.09
8902.2;0.069
8902.7;0.103
8903.2;0.06
8903.7;0.108
8904.2;0.152
8904.7;0.117
8905.2;0.203
8905.7;0.171
8906.2;0.125
8906.7;0.161
8907.2;0.158
8907.7;0.118
8908.2;0.198
8908.7;0.139
8909.2;0.128
8909.7;0.13
8910.2;0.095
8910.7;0.075
8911.2;0.105
8911.7;0.051
8912.2;0.056
8912.7;0.04
8913.2;0.012
8913.7;0.01
8914.2;0.027
8914.7;0.039
8915.2;0.041
8915.7;0.017
8916.2;0.033
8916.7;0.045
8917.2;0.054
8917.7;0.062
8918.2;0.097
8918.7;0.054
8919.2;0.092
8919.7;0.095
8920.2;0.069
8920.7;0.121
8921.2;0.114
8921.7;0.079
8922.2;0.152
8922.7;0.122
8923.2;0.091
8923.7;0.124
8924.2;0.045
8924.7;0.082
8925.2;0.126
8925.7;0.066
8926.2;0.096
8926.7;0.111
8927.2;0.033
8927.7;0.09
8928.2;0.056
8928.7;0.027
8929.2;0.061
8929.7;0.043
8930.2;0.023
8930.7;0.074
8931.2;0.032
8931.7;0.061
8932.2;0.051
8932.7;0.022
8933.2;0.043
8933.7;0.064
8934.2;0.048
8934.7;0.075
8935.2;0.076
8935.7;0.058
8936.2;0.079
8936.7;0.067
8937.2;0.029
8937.7;0.05
8938.2;0.076
8938.7;0.027
8939.2;0.074
8939.7;0.076
8940.2;0.012
8940.7;0.056
8941.2;0.039
8941.7;0.049
8942.2;0.051
8942.7;0.046
8943.2;0.021
8943.7;0.077
8944.2;0.016
8944.7;0.064
8945.2;0.06
8945.7;0.008
8946.2;0.058
8946.7;0.078
8947.2;0.03
8947.7;0.068
8948.2;0.096
8948.7;0.035
8949.2;0.062
8949.7;0.053
8950.2;0.037
8950.7;0.039
8951.2;0.102
8951.7;0.055
8952.2;0.067
8952.7;0.07
8953.2;0.012
8953.7;0.047
8954.2;0.041
8954.7;0.057
8955.2;0.012
8955.7;0.039
8956.2;0.041
8956.7;0.093
8957.2;0.037
8957.7;0.095
8958.2;0.11
8958.7;0.038
8959.2;0.062
8959.7;0.087
8960.2;0.061
8960.7;0.099
8961.2;0.123
8961.7;0.02
8962.2;0.073
8962.7;0.035
8963.2;0.046
8963.7;0.057
8964.2;0.024
8964.7;0.038
8965.2;0.095
8965.7;0.045
8966.2;0.11
8966.7;0.132
8967.2;0.056
8967.7;0.134
8968.2;0.119
8968.7;0.043
8969.2;0.133
8969.7;0.123
8970.2;0.099
8970.7;0.201
8971.2;0.157
8971.7;0.136
8972.2;0.182
8972.7;0.112
8973.2;0.119
8973.7;0.185
8974.2;0.136
8974.7;0.126
8975.2;0.188
8975.7;0.123
8976.2;0.152
8976.7;0.166
8977.2;0.091
8977.7;0.15
8978.2;0.196
8978.7;0.152
8979.2;0.195
8979.7;0.192
8980.2;0.139
8980.7;0.189
8981.2;0.162
8981.7;0.104
8982.2;0.142
8982.7;0.144
8983.2;0.113
8983.7;0.174
8984.2;0.163
8984.7;0.119
8985.2;0.157
8985.7;0.146
8986.2;0.115
8986.7;0.146
8987.2;0.106
8987.7;0.116
8988.2;0.143
8988.7;0.095
8989.2;0.083
8989.7;0.127
8990.2;0.072
8990.7;0.099
8991.2;0.144
8991.7;0.093
8992.2;0.112
8992.7;0.116
8993.2;0.04
8993.7;0.093
8994.2;0.096
8994.7;0.012
8995.2;0.099
8995.7;0.091
8996.2;0.041
8996.7;0.132
8997.2;0.067
8997.7;0.088
8998.2;0.12
8998.7;0.042
8999.2;0.056
8999.7;0.088
9000.2;0.066
9000.7;0.071
9001.2;0.108
9001.7;0.023
9002.2;0.077
9002.7;0.065
9003.2;0.079
9003.7;0.083
9004.2;0.078
9004.7;0.056
9005.2;0.115
9005.7;0.064
9006.2;0.101
9006.7;0.072
9007.2;0.084
9007.7;0.086
9008.2;0.068
9008.7;0.118
9009.2;0.064
9009.7;0.057
9010.2;0.081
9010.7;0.111
9011.2;0.025
9011.7;0.097
9012.2;0.061
9012.7;0.069
9013.2;0.077
9013.7;0.056
9014.2;0.059
9014.7;0.088
9015.2;0.045
9015.7;0.1
9016.2;0.111
9016.7;0.035
9017.2;0.106
9017.7;0.08
9018.2;0.061
9018.7;0.069
9019.2;0.093
9019.7;0.039
9020.2;0.124
9020.7;0.06
9021.2;0.084
9021.7;0.069
9022.2;0.046
9022.7;0.07
9023.2;0.081
9023.7;0.031
9024.2;0.049
9024.7;0.068
9025.2;0.036
9025.7;0.084
9026.2;0.041
9026.7;0.059
9027.2;0.042
9027.7;0.073
9028.2;0.057
9028.7;0.075
9029.2;0.046
9029.7;0.071
9030.2;0.08
9030.7;0.062
9031.2;0.082
9031.7;0.053
9032.2;0.062
9032.7;0.062
9033.2;0.038
9033.7;0.034
9034.2;0.055
9034.7;0.021
9035.2;0.044
9035.7;0.043
9036.2;0.017
9036.7;0.036
9037.2;0.055
9037.7;0.057
9038.2;0.049
9038.7;0.056
9039.2;0.03
9039.7;0.078
9040.2;0.026
9040.7;0.051
9041.2;0.012
9041.7;0.04
9042.2;0.017
9042.7;0.04
9043.2;0.004
9043.7;0.035
9044.2;0.05
9044.7;0.05
9045.2;0.043
9045.7;0.027
9046.2;0.018
9046.7;0.025
9047.2;0.08
9047.7;0.044
9048.2;0.058
9048.7;0.077
9049.2;0.03
9049.7;0.06
9050.2;0.025
9050.7;0.017
9051.2;0.004
9051.7;0.033
9052.2;0.033
9052.7;0.073
9053.2;0.013
9053.7;0.053
9054.2;0.038
9054.7;0.01
9055.2;0.036
9055.7;0.017
9056.2;0.017
9056.7;0.065
9057.2;0.011
9057.7;0.051
9058.2;0.06
9058.7;0.03
9059.2;0.106
9059.7;0.031
9060.2;0.088
9060.7;0.074
9061.2;0.056
9061.7;0.084
9062.2;0.089
9062.7;0.07
9063.2;0.141
9063.7;0.022
9064.2;0.112
9064.7;0.048
9065.2;0.036
9065.7;0.113
9066.2;0.094
9066.7;0.06
9067.2;0.141
9067.7;0.014
9068.2;0.1
9068.7;0.05
9069.2;0.056
9069.7;0.048
9070.2;0.027
9070.7;0.03
9071.2;0.053
9071.7;0.101
9072.2;0.048
9072.7;0.094
9073.2;0.107
9073.7;0.039
9074.2;0.116
9074.7;0.093
9075.2;0.065
9075.7;0.128
9076.2;0.055
9076.7;0.121
9077.2;0.101
9077.7;0.05
9078.2;0.146
9078.7;0.072
9079.2;0.055
9079.7;0.114
9080.2;0.093
9080.7;0.048
9081.2;0.107
9081.7;0.057
9082.2;0.125
9082.7;0.091
9083.2;0.077
9083.7;0.114
9084.2;0.109
9084.7;0.075
9085.2;0.177
9085.7;0.102
9086.2;0.094
9086.7;0.155
9087.2;0.088
9087.7;0.12
9088.2;0.143
9088.7;0.137
9089.2;0.115
9089.7;0.101
9090.2;0.118
9090.7;0.178
9091.2;0.071
9091.7;0.149
9092.2;0.152
9092.7;0.11
9093.2;0.151
9093.7;0.178
9094.2;0.126
9094.7;0.129
9095.2;0.119
9095.7;0.134
9096.2;0.102
9096.7;0.119
9097.2;0.039
9097.7;0.094
9098.2;0.145
9098.7;0.097
9099.2;0.19
9099.7;0.188
9100.2;0.158
9100.7;0.192
9101.2;0.153
9101.7;0.201
9102.2;0.138
9102.7;0.121
9103.2;0.102
9103.7;0.032
9104.2;0.055
9104.7;0.067
9105.2;0.062
9105.7;0.025
9106.2;0.134
9106.7;0.116
9107.2;0.149
9107.7;0.125
9108.2;0.14
9108.7;0.168
9109.2;0.094
9109.7;0.125
9110.2;0.167
9110.7;0.069
9111.2;0.137
9111.7;0.105
9112.2;0.119
9112.7;0.173
9113.2;0.199
9113.7;0.245
9114.2;0.24
9114.7;0.331
9115.2;0.228
9115.7;0.347
9116.2;0.268
9116.7;0.247
9117.2;0.279
9117.7;0.261
9118.2;0.223
9118.7;0.246
9119.2;0.206
9119.7;0.291
9120.2;0.24
9120.7;0.23
9121.2;0.262
9121.7;0.158
9122.2;0.201
9122.7;0.259
9123.2;0.148
9123.7;0.182
9124.2;0.186
9124.7;0.105
9125.2;0.193
9125.7;0.14
9126.2;0.141
9126.7;0.208
9127.2;0.093
9127.7;0.121
9128.2;0.161
9128.7;0.076
9129.2;0.078
9129.7;0.197
9130.2;0.105
9130.7;0.153
9131.2;0.224
9131.7;0.124
9132.2;0.227
9132.7;0.189
9133.2;0.146
9133.7;0.242
9134.2;0.036
9134.7;0.145
9135.2;0.142
9135.7;0.069
9136.2;0.066
9136.7;0.127
9137.2;0.09
9137.7;0.089
9138.2;0.141
9138.7;0.031
9139.2;0.135
9139.7;0.1
9140.2;0.03
9140.7;0.121
9141.2;0.169
9141.7;0.011
9142.2;0.2
9142.7;0.128
9143.2;0.086
9143.7;0.131
9144.2;0.041
9144.7;0.048
9145.2;0.075
9145.7;0.071
9146.2;0.083
9146.7;0.111
9147.2;0.036
9147.7;0.138
9148.2;0.069
9148.7;0.076
9149.2;0.087
9149.7;0.02
9150.2;0.035
9150.7;0.039
9151.2;0.009
9151.7;0.031
9152.2;0.058
9152.7;0.033
9153.2;0.059
9153.7;0.063
9154.2;0.047
9154.7;0.049
9155.2;0.104
9155.7;0.029
9156.2;0.088
9156.7;0.088
9157.2;0.054
9157.7;0.093
9158.2;0.059
9158.7;0.073
9159.2;0.086
9159.7;0.048
9160.2;0.063
9160.7;0.135
9161.2;0.019
9161.7;0.096
9162.2;0.089
9162.7;0.046
9163.2;0.059
9163.7;0.077
9164.2;0.03
9164.7;0.093
9165.2;0.056
9165.7;0.069
9166.2;0.108
9166.7;0.022
9167.2;0.079
9167.7;0.074
9168.2;0.033
9168.7;0.067
9169.2;0.09
9169.7;0.02
9170.2;0.084
9170.7;0.022
9171.2;0.052
9171.7;0.058
9172.2;0.022
9172.7;0.059
9173.2;0.083
9173.7;0.042
9174.2;0.098
9174.7;0.074
9175.2;0.057
9175.7;0.092
9176.2;0.019
9176.7;0.054
9177.2;0.038
9177.7;0.004
9178.2;0.048
9178.7;0.047
9179.2;0.063
9179.7;0.084
9180.2;0.051
9180.7;0.071
9181.2;0.022
9181.7;0.034
9182.2;0.054
9182.7;0.013
9183.2;0.057
9183.7;0.046
9184.2;0.055
9184.7;0.091
9185.2;0.012
9185.7;0.069
9186.2;0.053
9186.7;0.003
9187.2;0.077
9187.7;0.059
9188.2;0.043
9188.7;0.09
9189.2;0.009
9189.7;0.089
9190.2;0.039
9190.7;0.02
9191.2;0.056
9191.7;0.047
9192.2;0.042
9192.7;0.086
9193.2;0.036
9193.7;0.085
9194.2;0.041
9194.7;0.04
9195.2;0.016
9195.7;0.02
9196.2;0.035
9196.7;0.041
9197.2;0.052
9197.7;0.058
9198.2;0.065
9198.7;0.074
9199.2;0.027
9199.7;0.034
9200.2;0.05
9200.7;0.005
9201.2;0.056
9201.7;0.052
9202.2;0.039
9202.7;0.086
9203.2;0.024
9203.7;0.046
9204.2;0.037
9204.7;0.012
9205.2;0.048
9205.7;0.049
9206.2;0.02
9206.7;0.061
9207.2;0.031
9207.7;0.043
9208.2;0.047
9208.7;0.014
9209.2;0.046
9209.7;0.026
9210.2;0.007
9210.7;0.037
9211.2;0.046
9211.7;0.022
9212.2;0.065
9212.7;0.035
9213.2;0.038
9213.7;0.04
9214.2;0.015
9214.7;0.036
9215.2;0.049
9215.7;0.037
9216.2;0.052
9216.7;0.077
9217.2;0.023
9217.7;0.063
9218.2;0.039
9218.7;0.013
9219.2;0.044
9219.7;0.035
9220.2;0.023
9220.7;0.075
9221.2;0.043
9221.7;0.065
9222.2;0.061
9222.7;0.018
9223.2;0.037
9223.7;0.042
9224.2;0.01
9224.7;0.043
9225.2;0.07
9225.7;0.031
9226.2;0.068
9226.7;0.031
9227.2;0.054
9227.7;0.056
9228.2;0.035
9228.7;0.033
9229.2;0.062
9229.7;0.029
9230.2;0.073
9230.7;0.084
9231.2;0.043
9231.7;0.079
9232.2;0.029
9232.7;0.045
9233.2;0.06
9233.7;0.039
9234.2;0.053
9234.7;0.106
9235.2;0.031
9235.7;0.089
9236.2;0.046
9236.7;0.056
9237.2;0.079
9237.7;0.042
9238.2;0.03
9238.7;0.086
9239.2;0.047
9239.7;0.087
9240.2;0.13
9240.7;0.023
9241.2;0.099
9241.7;0.082
9242.2;0.016
9242.7;0.07
9243.2;0.094
9243.7;0.02
9244.2;0.114
9244.7;0.055
9245.2;0.062
9245.7;0.082
9246.2;0.019
9246.7;0.037
9247.2;0.088
9247.7;0.046
9248.2;0.078
9248.7;0.114
9249.2;0.028
9249.7;0.07
9250.2;0.05
9250.7;0.024
9251.2;0.053
9251.7;0.082
9252.2;0.012
9252.7;0.093
9253.2;0.032
9253.7;0.078
9254.2;0.074
9254.7;0.016
9255.2;0.043
9255.7;0.053
9256.2;0.032
9256.7;0.051
9257.2;0.065
9257.7;0.029
9258.2;0.045
9258.7;0.024
9259.2;0.015
9259.7;0.004
9260.2;0.013
9260.7;0.006
9261.2;0.027
9261.7;0.047
9262.2;0.032
9262.7;0.028
9263.2;0.023
9263.7;0.055
9264.2;0.011
9264.7;0.066
9265.2;0.047
9265.7;0.025
9266.2;0.049
9266.7;0.043
9267.2;0.022
9267.7;0.057
9268.2;0.051
9268.7;0.034
9269.2;0.066
9269.7;0.005
9270.2;0.045
9270.7;0.034
9271.2;0.005
9271.7;0.059
9272.2;0.074
9272.7;0.072
9273.2;0.088
9273.7;0.049
9274.2;0.064
9274.7;0.033
9275.2;0.02
9275.7;0.044
9276.2;0.03
9276.7;0.06
9277.2;0.034
9277.7;0.052
9278.2;0.044
9278.7;0.036
9279.2;0.086
9279.7;0.106
9280.2;0.057
9280.7;0.043
9281.2;0.041
9281.7;0.069
9282.2;0.105
9282.7;0.037
9283.2;0.037
9283.7;0.03
9284.2;0.014
9284.7;0.057
9285.2;0.08
9285.7;0.036
9286.2;0.076
9286.7;0.047
9287.2;0.049
9287.7;0.065
9288.2;0.018
9288.7;0.014
9289.2;0.016
9289.7;0.024
9290.2;0.026
9290.7;0.047
9291.2;0.014
9291.7;0.064
9292.2;0.029
9292.7;0.036
9293.2;0.029
9293.7;0.03
9294.2;0.009
9294.7;0.06
9295.2;0.048
9295.7;0.054
9296.2;0.046
9296.7;0.031
9297.2;0.046
9297.7;0.023
9298.2;0.014
9298.7;0.035
9299.2;0.041
9299.7;0.033
9300.2;0.04
9300.7;0.046
9301.2;0.021
9301.7;0.009
9302.2;0.04
9302.7;0.039
9303.2;0.038
9303.7;0.072
9304.2;0.04
9304.7;0.077
9305.2;0.056
9305.7;0.028
9306.2;0.049
9306.7;0.006
9307.2;0.049
9307.7;0.068
9308.2;0.026
9308.7;0.068
9309.2;0.043
9309.7;0.077
9310.2;0.075
9310.7;0.022
9311.2;0.041
9311.7;0.034
9312.2;0.009
9312.7;0.056
9313.2;0.02
9313.7;0.044
9314.2;0.043
9314.7;0.011
9315.2;0.022
9315.7;0.015
9316.2;0.016
9316.7;0.037
9317.2;0.02
9317.7;0.039
9318.2;0.018
9318.7;0.02
9319.2;0.016
9319.7;0.019
9320.2;0.015
9320.7;0.027
9321.2;0.006
9321.7;0.028
9322.2;0.03
9322.7;0.03
9323.2;0.033
9323.7;0.018
9324.2;0.019
9324.7;0.021
9325.2;0.017
9325.7;0.032
9326.2;0.015
9326.7;0.045
9327.2;0.045
9327.7;0.021
9328.2;0.052
9328.7;0.02
9329.2;0.033
9329.7;0.014
9330.2;0.039
9330.7;0.036
9331.2;0.044
9331.7;0.051
9332.2;0.062
9332.7;0.043
9333.2;0.044
9333.7;0.026
9334.2;0.017
9334.7;0.01
9335.2;0.02
9335.7;0.031
9336.2;0.031
9336.7;0.044
9337.2;0.054
9337.7;0.04
9338.2;0.06
9338.7;0.026
9339.2;0.015
9339.7;0.02
9340.2;0.018
9340.7;0.026
9341.2;0.047
9341.7;0.03
9342.2;0.025
9342.7;0.029
9343.2;0.031
9343.7;0.034
9344.2;0.035
9344.7;0.032
9345.2;0.045
9345.7;0.05
9346.2;0.05
9346.7;0.038
9347.2;0.03
9347.7;0.013
9348.2;0.017
9348.7;0.033
9349.2;0.037
9349.7;0.06
9350.2;0.056
9350.7;0.058
9351.2;0.048
9351.7;0.028
9352.2;0.002
9352.7;0.02
9353.2;0.014
9353.7;0.037
9354.2;0.045
9354.7;0.037
9355.2;0.038
9355.7;0.032
9356.2;0.031
9356.7;0.023
9357.2;0.012
9357.7;0.025
9358.2;0.031
9358.7;0.045
9359.2;0.044
9359.7;0.018
9360.2;0.013
9360.7;0.013
9361.2;0.012
9361.7;0.012
9362.2;0.023
9362.7;0.019
9363.2;0.022
9363.7;0.024
9364.2;0.033
9364.7;0.026
9365.2;0.012
9365.7;0.011
9366.2;0.02
9366.7;0.032
9367.2;0.025
9367.7;0.035
9368.2;0.008
9368.7;0.02
9369.2;0.024
9369.7;0.037
9370.2;0.034
9370.7;0.017
9371.2;0.013
9371.7;0.014
9372.2;0.027
9372.7;0.005
9373.2;0.021
9373.7;0.015
9374.2;0.026
9374.7;0.032
9375.2;0.041
9375.7;0.023
9376.2;0.006
9376.7;0.032
9377.2;0.012
9377.7;0.022
9378.2;0.03
9378.7;0.033
9379.2;0.016
9379.7;0.03
9380.2;0.02
9380.7;0.028
9381.2;0.009
9381.7;0.01
9382.2;0.015
9382.7;0.01
9383.2;0.026
9383.7;0.049
9384.2;0.034
9384.7;0.027
9385.2;0.017
9385.7;0.003
9386.2;0.014
9386.7;0.03
9387.2;0.021
9387.7;0.024
9388.2;0.035
9388.7;0.045
9389.2;0.064
9389.7;0.033
9390.2;0.03
9390.7;0.022
9391.2;0.029
9391.7;0.036
9392.2;0.067
9392.7;0.059
9393.2;0.06
9393.7;0.048
9394.2;0.03
9394.7;0.041
9395.2;0.031
9395.7;0.021
9396.2;0.036
9396.7;0.038
9397.2;0.056
9397.7;0.084
9398.2;0.079
9398.7;0.041
9399.2;0.048
9399.7;0.032
9400.2;0.047
9400.7;0.062
9401.2;0.07
9401.7;0.043
9402.2;0.061
9402.7;0.044
9403.2;0.03
9403.7;0.032
9404.2;0.033
9404.7;0.032
9405.2;0.056
9405.7;0.046
9406.2;0.061
9406.7;0.064
9407.2;0.039
9407.7;0.016
9408.2;0.023
9408.7;0.029
9409.2;0.023
9409.7;0.044
9410.2;0.037
9410.7;0.028
9411.2;0.029
9411.7;0.017
9412.2;0.016
9412.7;0.012
9413.2;0.024
9413.7;0.024
9414.2;0.052
9414.7;0.017
9415.2;0.01
9415.7;0.016
9416.2;0.04
9416.7;0.038
9417.2;0.043
9417.7;0.045
9418.2;0.04
9418.7;0.023
9419.2;0.015
9419.7;0.024
9420.2;0.034
9420.7;0.057
9421.2;0.045
9421.7;0.059
9422.2;0.054
9422.7;0.043
9423.2;0.04
9423.7;0.05
9424.2;0.036
9424.7;0.066
9425.2;0.061
9425.7;0.051
9426.2;0.069
9426.7;0.035
9427.2;0.025
9427.7;0.026
9428.2;0.019
9428.7;0.029
9429.2;0.048
9429.7;0.057
9430.2;0.069
9430.7;0.067
9431.2;0.045
9431.7;0.038
9432.2;0.015
9432.7;0.02
9433.2;0.032
9433.7;0.036
9434.2;0.036
9434.7;0.046
9435.2;0.043
9435.7;0.039
9436.2;0.028
9436.7;0.013
9437.2;0.016
9437.7;0.031
9438.2;0.029
9438.7;0.035
9439.2;0.031
9439.7;0.018
9440.2;0.045
9440.7;0.024
9441.2;0.026
9441.7;0.018
9442.2;0.009
9442.7;0.027
9443.2;0.056
9443.7;0.053
9444.2;0.027
9444.7;0.044
9445.2;0.018
9445.7;0.008
9446.2;0.018
9446.7;0.006
9447.2;0.018
9447.7;0.022
9448.2;0.04
9448.7;0.049
9449.2;0.034
9449.7;0.046
9450.2;0.023
9450.7;0.022
9451.2;0.01
9451.7;0.025
9452.2;0.04
9452.7;0.022
9453.2;0.023
9453.7;0.033
9454.2;0.023
9454.7;0.024
9455.2;0.009
9455.7;0.022
9456.2;0.037
9456.7;0.02
9457.2;0.03
9457.7;0.012
9458.2;0.022
9458.7;0.029
9459.2;0.033
9459.7;0.046
9460.2;0.036
9460.7;0.036
9461.2;0.03
9461.7;0.002
9462.2;0.048
9462.7;0.051
9463.2;0.063
9463.7;0.065
9464.2;0.053
9464.7;0.039
9465.2;0.051
9465.7;0.033
9466.2;0.051
9466.7;0.069
9467.2;0.084
9467.7;0.084
9468.2;0.086
9468.7;0.065
9469.2;0.057
9469.7;0.062
9470.2;0.051
9470.7;0.065
9471.2;0.067
9471.7;0.073
9472.2;0.086
9472.7;0.092
9473.2;0.054
9473.7;0.055
9474.2;0.058
9474.7;0.059
9475.2;0.075
9475.7;0.104
9476.2;0.072
9476.7;0.064
9477.2;0.063
9477.7;0.024
9478.2;0.029
9478.7;0.049
9479.2;0.042
9479.7;0.053
9480.2;0.079
9480.7;0.043
9481.2;0.055
9481.7;0.044
9482.2;0.027
9482.7;0.037
9483.2;0.077
9483.7;0.067
9484.2;0.064
9484.7;0.063
9485.2;0.033
9485.7;0.026
9486.2;0.029
9486.7;0.023
9487.2;0.052
9487.7;0.053
9488.2;0.029
9488.7;0.064
9489.2;0.044
9489.7;0.016
9490.2;0.027
9490.7;0.033
9491.2;0.035
9491.7;0.052
9492.2;0.041
9492.7;0.03
9493.2;0.041
9493.7;0.01
9494.2;0.031
9494.7;0.015
9495.2;0.026
9495.7;0.023
9496.2;0.042
9496.7;0.031
9497.2;0.012
9497.7;0.007
9498.2;0.004
9498.7;0.039
9499.2;0.056
9499.7;0.051
9500.2;0.033
9500.7;0.047
9501.2;0.018
9501.7;0.027
9502.2;0.033
9502.7;0.044
9503.2;0.022
9503.7;0.056
9504.2;0.04
9504.7;0.03
9505.2;0.033
9505.7;0.013
9506.2;0.011
9506.7;0.044
9507.2;0.051
9507.7;0.05
9508.2;0.06
9508.7;0.031
9509.2;0.025
9509.7;0.027
9510.2;0.011
9510.7;0.015
9511.2;0.015
9511.7;0.029
9512.2;0.055
9512.7;0.033
9513.2;0.034
9513.7;0.048
9514.2;0.016
9514.7;0.002
9515.2;0.047
9515.7;0.036
9516.2;0.02
9516.7;0.065
9517.2;0.021
9517.7;0.032
9518.2;0.041
9518.7;0.006
9519.2;0.009
9519.7;0.048
9520.2;0.006
9520.7;0.05
9521.2;0.059
9521.7;0.023
9522.2;0.032
9522.7;0.029
9523.2;0.01
9523.7;0.035
9524.2;0.015
9524.7;0.015
9525.2;0.038
9525.7;0.035
9526.2;0.049
9526.7;0.047
9527.2;0.012
9527.7;0.037
9528.2;0.013
9528.7;0.014
9529.2;0.041
9529.7;0.052
9530.2;0.02
9530.7;0.056
9531.2;0.028
9531.7;0.03
9532.2;0.046
9532.7;0.016
9533.2;0.013
9533.7;0.046
9534.2;0.028
9534.7;0.049
9535.2;0.048
9535.7;0.039
9536.2;0.043
9536.7;0.039
9537.2;0.029
9537.7;0.025
9538.2;0.03
9538.7;0.029
9539.2;0.05
9539.7;0.057
9540.2;0.058
9540.7;0.068
9541.2;0.021
9541.7;0.024
9542.2;0.027
9542.7;0.023
9543.2;0.037
9543.7;0.049
9544.2;0.038
9544.7;0.072
9545.2;0.044
9545.7;0.044
9546.2;0.05
9546.7;0.027
9547.2;0.014
9547.7;0.048
9548.2;0.049
9548.7;0.063
9549.2;0.069
9549.7;0.046
9550.2;0.057
9550.7;0.04
9551.2;0.018
9551.7;0.045
9552.2;0.047
9552.7;0.056
9553.2;0.069
9553.7;0.07
9554.2;0.063
9554.7;0.071
9555.2;0.045
9555.7;0.046
9556.2;0.051
9556.7;0.048
9557.2;0.068
9557.7;0.081
9558.2;0.064
9558.7;0.089
9559.2;0.064
9559.7;0.038
9560.2;0.074
9560.7;0.056
9561.2;0.049
9561.7;0.093
9562.2;0.082
9562.7;0.08
9563.2;0.095
9563.7;0.063
9564.2;0.068
9564.7;0.075
9565.2;0.055
9565.7;0.07
9566.2;0.093
9566.7;0.067
9567.2;0.101
9567.7;0.081
9568.2;0.071
9568.7;0.072
9569.2;0.059
9569.7;0.048
9570.2;0.089
9570.7;0.083
9571.2;0.09
9571.7;0.112
9572.2;0.067
9572.7;0.088
9573.2;0.086
9573.7;0.044
9574.2;0.066
9574.7;0.086
9575.2;0.064
9575.7;0.099
9576.2;0.101
9576.7;0.081
9577.2;0.098
9577.7;0.062
9578.2;0.05
9578.7;0.076
9579.2;0.076
9579.7;0.084
9580.2;0.11
9580.7;0.095
9581.2;0.088
9581.7;0.101
9582.2;0.059
9582.7;0.063
9583.2;0.057
9583.7;0.05
9584.2;0.076
9584.7;0.083
9585.2;0.075
9585.7;0.1
9586.2;0.068
9586.7;0.051
9587.2;0.069
9587.7;0.029
9588.2;0.039
9588.7;0.082
9589.2;0.065
9589.7;0.08
9590.2;0.086
9590.7;0.068
9591.2;0.078
9591.7;0.051
9592.2;0.026
9592.7;0.047
9593.2;0.057
9593.7;0.047
9594.2;0.101
9594.7;0.078
9595.2;0.076
9595.7;0.083
9596.2;0.037
9596.7;0.06
9597.2;0.071
9597.7;0.039
9598.2;0.084
9598.7;0.097
9599.2;0.07
9599.7;0.115
9600.2;0.088
9600.7;0.069
9601.2;0.094
9601.7;0.05
9602.2;0.058
9602.7;0.11
9603.2;0.076
9603.7;0.097
9604.2;0.121
9604.7;0.066
9605.2;0.107
9605.7;0.093
9606.2;0.056
9606.7;0.088
9607.2;0.076
9607.7;0.084
9608.2;0.112
9608.7;0.1
9609.2;0.107
9609.7;0.103
9610.2;0.067
9610.7;0.069
9611.2;0.085
9611.7;0.076
9612.2;0.08
9612.7;0.108
9613.2;0.093
9613.7;0.107
9614.2;0.097
9614.7;0.084
9615.2;0.086
9615.7;0.078
9616.2;0.086
9616.7;0.115
9617.2;0.116
9617.7;0.106
9618.2;0.121
9618.7;0.119
9619.2;0.084
9619.7;0.091
9620.2;0.087
9620.7;0.104
9621.2;0.125
9621.7;0.108
9622.2;0.143
9622.7;0.14
9623.2;0.103
9623.7;0.133
9624.2;0.116
9624.7;0.087
9625.2;0.12
9625.7;0.107
9626.2;0.135
9626.7;0.148
9627.2;0.133
9627.7;0.137
9628.2;0.123
9628.7;0.096
9629.2;0.117
9629.7;0.126
9630.2;0.124
9630.7;0.139
9631.2;0.142
9631.7;0.132
9632.2;0.122
9632.7;0.125
9633.2;0.1
9633.7;0.097
9634.2;0.104
9634.7;0.106
9635.2;0.139
9635.7;0.133
9636.2;0.13
9636.7;0.125
9637.2;0.103
9637.7;0.085
9638.2;0.101
9638.7;0.112
9639.2;0.11
9639.7;0.112
9640.2;0.118
9640.7;0.126
9641.2;0.122
9641.7;0.089
9642.2;0.084
9642.7;0.093
9643.2;0.069
9643.7;0.103
9644.2;0.12
9644.7;0.108
9645.2;0.127
9645.7;0.101
9646.2;0.088
9646.7;0.092
9647.2;0.062
9647.7;0.072
9648.2;0.105
9648.7;0.067
9649.2;0.078
9649.7;0.104
9650.2;0.061
9650.7;0.079
9651.2;0.054
9651.7;0.045
9652.2;0.066
9652.7;0.054
9653.2;0.059
9653.7;0.088
9654.2;0.061
9654.7;0.064
9655.2;0.045
9655.7;0.047
9656.2;0.042
9656.7;0.017
9657.2;0.044
9657.7;0.047
9658.2;0.071
9658.7;0.064
9659.2;0.059
9659.7;0.072
9660.2;0.048
9660.7;0.047
9661.2;0.055
9661.7;0.036
9662.2;0.072
9662.7;0.079
9663.2;0.073
9663.7;0.115
9664.2;0.07
9664.7;0.06
9665.2;0.088
9665.7;0.042
9666.2;0.065
9666.7;0.111
9667.2;0.05
9667.7;0.099
9668.2;0.08
9668.7;0.057
9669.2;0.111
9669.7;0.066
9670.2;0.059
9670.7;0.101
9671.2;0.056
9671.7;0.084
9672.2;0.099
9672.7;0.051
9673.2;0.066
9673.7;0.037
9674.2;0.025
9674.7;0.073
9675.2;0.034
9675.7;0.068
9676.2;0.093
9676.7;0.055
9677.2;0.095
9677.7;0.059
9678.2;0.059
9678.7;0.057
9679.2;0.038
9679.7;0.024
9680.2;0.054
9680.7;0.043
9681.2;0.066
9681.7;0.077
9682.2;0.071
9682.7;0.061
9683.2;0.068
9683.7;0.067
9684.2;0.083
9684.7;0.069
9685.2;0.097
9685.7;0.08
9686.2;0.102
9686.7;0.078
9687.2;0.079
9687.7;0.074
9688.2;0.067
9688.7;0.065
9689.2;0.09
9689.7;0.097
9690.2;0.124
9690.7;0.117
9691.2;0.084
9691.7;0.09
9692.2;0.065
9692.7;0.049
9693.2;0.047
9693.7;0.047
9694.2;0.041
9694.7;0.077
9695.2;0.023
9695.7;0.089
9696.2;0.063
9696.7;0.035
9697.2;0.038
9697.7;0.029
9698.2;0.032
9698.7;0.081
9699.2;0.049
9699.7;0.071
9700.2;0.097
9700.7;0.051
9701.2;0.089
9701.7;0.058
9702.2;0.031
9702.7;0.074
9703.2;0.081
9703.7;0.069
9704.2;0.09
9704.7;0.057
9705.2;0.074
9705.7;0.033
9706.2;0.041
9706.7;0.041
9707.2;0.012
9707.7;0.044
9708.2;0.055
9708.7;0.069
9709.2;0.121
9709.7;0.074
9710.2;0.076
9710.7;0.082
9711.2;0.011
9711.7;0.065
9712.2;0.024
9712.7;0.059
9713.2;0.081
9713.7;0.046
9714.2;0.094
9714.7;0.097
9715.2;0.046
9715.7;0.089
9716.2;0.088
9716.7;0.044
9717.2;0.08
9717.7;0.071
9718.2;0.039
9718.7;0.035
9719.2;0.011
9719.7;0.019
9720.2;0.035
9720.7;0.029
9721.2;0.021
9721.7;0.045
9722.2;0.013
9722.7;0.044
9723.2;0.061
9723.7;0.038
9724.2;0.055
9724.7;0.049
9725.2;0.03
9725.7;0.037
9726.2;0.025
9726.7;0.054
9727.2;0.027
9727.7;0.068
9728.2;0.081
9728.7;0.041
9729.2;0.09
9729.7;0.083
9730.2;0.013
9730.7;0.094
9731.2;0.081
9731.7;0.039
9732.2;0.056
9732.7;0.04
9733.2;0.062
9733.7;0.014
9734.2;0.074
9734.7;0.073
9735.2;0.021
9735.7;0.061
9736.2;0.104
9736.7;0.017
9737.2;0.069
9737.7;0.031
9738.2;0.064
9738.7;0.062
9739.2;0.008
9739.7;0.04
9740.2;0.074
9740.7;0.044
9741.2;0.096
9741.7;0.09
9742.2;0.052
9742.7;0.058
9743.2;0.075
9743.7;0.028
9744.2;0.048
9744.7;0.09
9745.2;0.04
9745.7;0.087
9746.2;0.063
9746.7;0.019
9747.2;0.092
9747.7;0.063
9748.2;0.055
9748.7;0.105
9749.2;0.052
9749.7;0.107
9750.2;0.114
9750.7;0.024
9751.2;0.124
9751.7;0.067
9752.2;0.064
9752.7;0.113
9753.2;0.071
9753.7;0.085
9754.2;0.124
9754.7;0.045
9755.2;0.121
9755.7;0.115
9756.2;0.016
9756.7;0.084
9757.2;0.098
9757.7;0.0
9758.2;0.09
9758.7;0.083
9759.2;0.05
9759.7;0.105
9760.2;0.017
9760.7;0.049
9761.2;0.079
9761.7;0.036
9762.2;0.051
9762.7;0.095
9763.2;0.016
9763.7;0.06
9764.2;0.034
9764.7;0.04
9765.2;0.037
9765.7;0.019
9766.2;0.003
9766.7;0.04
9767.2;0.023
9767.7;0.042
9768.2;0.055
9768.7;0.019
9769.2;0.016
9769.7;0.018
9770.2;0.045
9770.7;0.021
9771.2;0.052
9771.7;0.02
9772.2;0.032
9772.7;0.012
9773.2;0.035
9773.7;0.054
9774.2;0.026
9774.7;0.027
9775.2;0.038
9775.7;0.032
9776.2;0.02
9776.7;0.028
9777.2;0.027
9777.7;0.04
9778.2;0.034
9778.7;0.043
9779.2;0.03
9779.7;0.023
9780.2;0.019
9780.7;0.022
9781.2;0.026
9781.7;0.045
9782.2;0.044
9782.7;0.037
9783.2;0.052
9783.7;0.038
9784.2;0.023
9784.7;0.015
9785.2;0.031
9785.7;0.023
9786.2;0.048
9786.7;0.037
9787.2;0.038
9787.7;0.048
9788.2;0.015
9788.7;0.023
9789.2;0.028
9789.7;0.017
9790.2;0.034
9790.7;0.048
9791.2;0.036
9791.7;0.051
9792.2;0.018
9792.7;0.051
9793.2;0.019
9793.7;0.018
9794.2;0.041
9794.7;0.028
9795.2;0.047
9795.7;0.049
9796.2;0.045
9796.7;0.064
9797.2;0.005
9797.7;0.039
9798.2;0.034
9798.7;0.013
9799.2;0.069
9799.7;0.062
9800.2;0.039
9800.7;0.068
9801.2;0.02
9801.7;0.064
9802.2;0.017
9802.7;0.025
9803.2;0.048
9803.7;0.03
9804.2;0.064
9804.7;0.079
9805.2;0.071
9805.7;0.086
9806.2;0.038
9806.7;0.051
9807.2;0.055
9807.7;0.023
9808.2;0.088
9808.7;0.06
9809.2;0.075
9809.7;0.072
9810.2;0.023
9810.7;0.072
9811.2;0.042
9811.7;0.018
9812.2;0.087
9812.7;0.064
9813.2;0.066
9813.7;0.081
9814.2;0.049
9814.7;0.052
9815.2;0.029
9815.7;0.024
9816.2;0.03
9816.7;0.041
9817.2;0.038
9817.7;0.049
9818.2;0.061
9818.7;0.049
9819.2;0.027
9819.7;0.037
9820.2;0.029
9820.7;0.02
9821.2;0.066
9821.7;0.037
9822.2;0.053
9822.7;0.019
9823.2;0.013
9823.7;0.009
9824.2;0.016
9824.7;0.022
9825.2;0.025
9825.7;0.047
9826.2;0.036
9826.7;0.019
9827.2;0.029
9827.7;0.024
9828.2;0.007
9828.7;0.031
9829.2;0.021
9829.7;0.036
9830.2;0.023
9830.7;0.005
9831.2;0.013
9831.7;0.025
9832.2;0.026
9832.7;0.023
9833.2;0.054
9833.7;0.03
9834.2;0.03
9834.7;0.008
9835.2;0.015
9835.7;0.018
9836.2;0.019
9836.7;0.014
9837.2;0.057
9837.7;0.045
9838.2;0.055
9838.7;0.017
9839.2;0.012
9839.7;0.018
9840.2;0.035
9840.7;0.068
9841.2;0.036
9841.7;0.049
9842.2;0.006
9842.7;0.043
9843.2;0.006
9843.7;0.02
9844.2;0.028
9844.7;0.062
9845.2;0.042
9845.7;0.033
9846.2;0.007
9846.7;0.012
9847.2;0.01
9847.7;0.025
9848.2;0.031
9848.7;0.013
9849.2;0.025
9849.7;0.045
9850.2;0.044
9850.7;0.027
9851.2;0.016
9851.7;0.011
9852.2;0.019
9852.7;0.006
9853.2;0.038
9853.7;0.046
9854.2;0.033
9854.7;0.063
9855.2;0.032
9855.7;0.045
9856.2;0.025
9856.7;0.023
9857.2;0.042
9857.7;0.036
9858.2;0.043
9858.7;0.048
9859.2;0.051
9859.7;0.051
9860.2;0.018
9860.7;0.015
9861.2;0.007
9861.7;0.025
9862.2;0.025
9862.7;0.042
9863.2;0.036
9863.7;0.041
9864.2;0.047
9864.7;0.021
9865.2;0.007
9865.7;0.031
9866.2;0.039
9866.7;0.029
9867.2;0.068
9867.7;0.041
9868.2;0.05
9868.7;0.042
9869.2;0.014
9869.7;0.049
9870.2;0.024
9870.7;0.063
9871.2;0.079
9871.7;0.07
9872.2;0.083
9872.7;0.04
9873.2;0.059
9873.7;0.039
9874.2;0.021
9874.7;0.034
9875.2;0.062
9875.7;0.03
9876.2;0.077
9876.7;0.027
9877.2;0.054
9877.7;0.06
9878.2;0.018
9878.7;0.037
9879.2;0.042
9879.7;0.031
9880.2;0.073
9880.7;0.039
9881.2;0.055
9881.7;0.052
9882.2;0.036
9882.7;0.057
9883.2;0.004
9883.7;0.04
9884.2;0.042
9884.7;0.058
9885.2;0.059
9885.7;0.071
9886.2;0.032
9886.7;0.046
9887.2;0.031
9887.7;0.023
9888.2;0.045
9888.7;0.063
9889.2;0.031
9889.7;0.099
9890.2;0.051
9890.7;0.07
9891.2;0.079
9891.7;0.004
9892.2;0.039
9892.7;0.05
9893.2;0.029
9893.7;0.06
9894.2;0.079
9894.7;0.047
9895.2;0.082
9895.7;0.015
9896.2;0.036
9896.7;0.036
9897.2;0.014
9897.7;0.065
9898.2;0.046
9898.7;0.019
9899.2;0.062
9899.7;0.006
9900.2;0.055
9900.7;0.02
9901.2;0.02
9901.7;0.028
9902.2;0.018
9902.7;0.017
9903.2;0.024
9903.7;0.032
9904.2;0.006
9904.7;0.018
9905.2;0.007
9905.7;0.043
9906.2;0.013
9906.7;0.046
9907.2;0.022
9907.7;0.051
9908.2;0.026
9908.7;0.031
9909.2;0.018
9909.7;0.014
9910.2;0.017
9910.7;0.035
9911.2;0.014
9911.7;0.036
9912.2;0.012
9912.7;0.044
9913.2;0.023
9913.7;0.009
9914.2;0.019
9914.7;0.029
9915.2;0.015
9915.7;0.017
9916.2;0.02
9916.7;0.028
9917.2;0.002
9917.7;0.019
9918.2;0.004
9918.7;0.042
9919.2;0.026
9919.7;0.047
9920.2;0.029
9920.7;0.054
9921.2;0.019
9921.7;0.023
9922.2;0.024
9922.7;0.061
9923.2;0.01
9923.7;0.046
9924.2;0.043
9924.7;0.032
9925.2;0.024
9925.7;0.053
9926.2;0.025
9926.7;0.041
9927.2;0.016
9927.7;0.016
9928.2;0.004
9928.7;0.033
9929.2;0.016
9929.7;0.034
9930.2;0.021
9930.7;0.041
9931.2;0.021
9931.7;0.017
9932.2;0.016
9932.7;0.012
9933.2;0.036
9933.7;0.036
9934.2;0.026
9934.7;0.008
9935.2;0.01
9935.7;0.02
9936.2;0.023
9936.7;0.018
9937.2;0.019
9937.7;0.023
9938.2;0.041
9938.7;0.037
9939.2;0.063
9939.7;0.01
9940.2;0.059
9940.7;0.012
9941.2;0.011
9941.7;0.023
9942.2;0.056
9942.7;0.015
9943.2;0.065
9943.7;0.034
9944.2;0.037
9944.7;0.045
9945.2;0.016
9945.7;0.004
9946.2;0.057
9946.7;0.046
9947.2;0.037
9947.7;0.05
9948.2;0.019
9948.7;0.013
9949.2;0.015
9949.7;0.028
9950.2;0.019
9950.7;0.03
9951.2;0.014
9951.7;0.032
9952.2;0.007
9952.7;0.04
9953.2;0.027
9953.7;0.038
9954.2;0.008
9954.7;0.022
9955.2;0.021
9955.7;0.023
9956.2;0.023
9956.7;0.025
9957.2;0.017
9957.7;0.021
9958.2;0.004
9958.7;0.008
9959.2;0.016
9959.7;0.029
9960.2;0.023
9960.7;0.019
9961.2;0.011
9961.7;0.016
9962.2;0.015
9962.7;0.004
9963.2;0.024
9963.7;0.017
9964.2;0.011
9964.7;0.01
9965.2;0.018
9965.7;0.015
9966.2;0.016
9966.7;0.009
9967.2;0.035
9967.7;0.022
9968.2;0.033
9968.7;0.017
9969.2;0.019
9969.7;0.011
9970.2;0.02
9970.7;0.02
9971.2;0.001
9971.7;0.01
9972.2;0.027
9972.7;0.033
9973.2;0.013
9973.7;0.03
9974.2;0.012
9974.7;0.027
9975.2;0.012
9975.7;0.02
9976.2;0.011
9976.7;0.019
9977.2;0.02
9977.7;0.031
9978.2;0.034
9978.7;0.028
9979.2;0.014
9979.7;0.021
9980.2;0.007
9980.7;0.007
9981.2;0.015
9981.7;0.013
9982.2;0.04
9982.7;0.043
9983.2;0.012
9983.7;0.023
9984.2;0.022
9984.7;0.016
9985.2;0.02
9985.7;0.017
9986.2;0.019
9986.7;0.036
9987.2;0.024
9987.7;0.054
9988.2;0.016
9988.7;0.029
9989.2;0.023
9989.7;0.023
9990.2;0.023
9990.7;0.031
9991.2;0.025
9991.7;0.054
9992.2;0.039
9992.7;0.032
9993.2;0.03
9993.7;0.008
9994.2;0.017
9994.7;0.018
9995.2;0.035
9995.7;0.035
9996.2;0.019
9996.7;0.05
9997.2;0.023
9997.7;0.033
9998.2;0.023
9998.7;0.02
9999.2;0.017
9999.7;0.033
10000.2;0.022
10000.7;0.064
10001.2;0.03
10001.7;0.047
10002.2;0.025
10002.7;0.009
10003.2;0.003
10003.7;0.018
10004.2;0.033
10004.7;0.046
10005.2;0.042
10005.7;0.032
10006.2;0.03
10006.7;0.024
10007.2;0.019
10007.7;0.016
10008.2;0.03
10008.7;0.027
10009.2;0.039
10009.7;0.044
10010.2;0.038
10010.7;0.039
10011.2;0.038
10011.7;0.022
10012.2;0.005
10012.7;0.008
10013.2;0.017
10013.7;0.04
10014.2;0.028
10014.7;0.057
10015.2;0.023
10015.7;0.03
10016.2;0.018
10016.7;0.02
10017.2;0.016
10017.7;0.024
10018.2;0.027
10018.7;0.021
10019.2;0.043
10019.7;0.037
10020.2;0.015
10020.7;0.012
10021.2;0.009
10021.7;0.006
10022.2;0.047
10022.7;0.043
10023.2;0.049
10023.7;0.05
10024.2;0.034
10024.7;0.045
10025.2;0.018
10025.7;0.012
10026.2;0.016
10026.7;0.029
10027.2;0.022
10027.7;0.037
10028.2;0.026
10028.7;0.028
10029.2;0.037
10029.7;0.01
10030.2;0.008
10030.7;0.022
10031.2;0.022
10031.7;0.04
10032.2;0.045
10032.7;0.035
10033.2;0.023
10033.7;0.024
10034.2;0.024
10034.7;0.013
10035.2;0.028
10035.7;0.031
10036.2;0.036
10036.7;0.034
10037.2;0.038
10037.7;0.029
10038.2;0.014
10038.7;0.005
10039.2;0.017
10039.7;0.035
10040.2;0.051
10040.7;0.059
10041.2;0.062
10041.7;0.063
10042.2;0.055
10042.7;0.039
10043.2;0.025
10043.7;0.016
10044.2;0.01
10044.7;0.054
10045.2;0.039
10045.7;0.048
10046.2;0.051
10046.7;0.041
10047.2;0.045
10047.7;0.01
10048.2;0.011
10048.7;0.011
10049.2;0.024
10049.7;0.048
10050.2;0.046
10050.7;0.04
10051.2;0.036
10051.7;0.034
10052.2;0.027
10052.7;0.003
10053.2;0.017
10053.7;0.025
10054.2;0.038
10054.7;0.046
10055.2;0.041
10055.7;0.038
10056.2;0.036
10056.7;0.031
10057.2;0.007
10057.7;0.015
10058.2;0.027
10058.7;0.026
10059.2;0.059
10059.7;0.048
10060.2;0.035
10060.7;0.03
10061.2;0.025
10061.7;0.018
10062.2;0.027
10062.7;0.019
10063.2;0.033
10063.7;0.035
10064.2;0.044
10064.7;0.028
10065.2;0.034
10065.7;0.011
10066.2;0.012
10066.7;0.012
10067.2;0.023
10067.7;0.024
10068.2;0.039
10068.7;0.032
10069.2;0.039
10069.7;0.038
10070.2;0.013
10070.7;0.01
10071.2;0.017
10071.7;0.017
10072.2;0.02
10072.7;0.047
10073.2;0.033
10073.7;0.045
10074.2;0.038
10074.7;0.027
10075.2;0.021
10075.7;0.009
10076.2;0.013
10076.7;0.021
10077.2;0.044
10077.7;0.044
10078.2;0.037
10078.7;0.03
10079.2;0.036
10079.7;0.03
10080.2;0.019
10080.7;0.008
10081.2;0.019
10081.7;0.035
10082.2;0.026
10082.7;0.036
10083.2;0.029
10083.7;0.041
10084.2;0.019
10084.7;0.016
10085.2;0.021
10085.7;0.011
10086.2;0.033
10086.7;0.043
10087.2;0.038
10087.7;0.048
10088.2;0.024
10088.7;0.029
10089.2;0.017
10089.7;0.008
10090.2;0.032
10090.7;0.018
10091.2;0.037
10091.7;0.05
10092.2;0.037
10092.7;0.028
10093.2;0.013
10093.7;0.04
10094.2;0.022
10094.7;0.027
10095.2;0.035
10095.7;0.025
10096.2;0.033
10096.7;0.048
10097.2;0.025
10097.7;0.036
10098.2;0.007
10098.7;0.013
10099.2;0.043
10099.7;0.026
10100.2;0.035
10100.7;0.041
10101.2;0.034
10101.7;0.032
10102.2;0.024
10102.7;0.02
10103.2;0.005
10103.7;0.006
10104.2;0.027
10104.7;0.049
10105.2;0.035
10105.7;0.026
10106.2;0.002
10106.7;0.015
10107.2;0.02
10107.7;0.014
10108.2;0.037
10108.7;0.014
10109.2;0.066
10109.7;0.031
10110.2;0.04
10110.7;0.028
10111.2;0.014
10111.7;0.014
10112.2;0.018
10112.7;0.012
10113.2;0.04
10113.7;0.018
10114.2;0.058
10114.7;0.04
10115.2;0.047
10115.7;0.023
10116.2;0.02
10116.7;0.007
10117.2;0.02
10117.7;0.03
10118.2;0.031
10118.7;0.033
10119.2;0.039
10119.7;0.035
10120.2;0.019
10120.7;0.013
10121.2;0.002
10121.7;0.004
10122.2;0.043
10122.7;0.019
10123.2;0.022
10123.7;0.004
10124.2;0.051
10124.7;0.008
10125.2;0.003
10125.7;0.006
10126.2;0.01
10126.7;0.02
10127.2;0.029
10127.7;0.019
10128.2;0.017
10128.7;0.017
10129.2;0.017
10129.7;0.01
10130.2;0.003
10130.7;0.03
10131.2;0.026
10131.7;0.055
10132.2;0.01
10132.7;0.043
10133.2;0.013
10133.7;0.022
10134.2;0.021
10134.7;0.031
10135.2;0.013
10135.7;0.053
10136.2;0.025
10136.7;0.05
10137.2;0.039
10137.7;0.031
10138.2;0.015
10138.7;0.014
10139.2;0.009
10139.7;0.016
10140.2;0.019
10140.7;0.021
10141.2;0.023
10141.7;0.024
10142.2;0.028
10142.7;0.011
10143.2;0.022
10143.7;0.024
10144.2;0.018
10144.7;0.028
10145.2;0.021
10145.7;0.021
10146.2;0.03
10146.7;0.023
10147.2;0.015
10147.7;0.012
10148.2;0.035
10148.7;0.013
10149.2;0.038
10149.7;0.011
10150.2;0.04
10150.7;0.013
10151.2;0.039
10151.7;0.022
10152.2;0.037
10152.7;0.009
10153.2;0.041
10153.7;0.013
10154.2;0.041
10154.7;0.021
10155.2;0.053
10155.7;0.01
10156.2;0.034
10156.7;0.035
10157.2;0.037
10157.7;0.031
10158.2;0.03
10158.7;0.037
10159.2;0.018
10159.7;0.035
10160.2;0.027
10160.7;0.022
10161.2;0.013
10161.7;0.044
10162.2;0.019
10162.7;0.031
10163.2;0.013
10163.7;0.029
10164.2;0.027
10164.7;0.023
10165.2;0.018
10165.7;0.027
10166.2;0.022
10166.7;0.015
10167.2;0.016
10167.7;0.024
10168.2;0.01
10168.7;0.034
10169.2;0.025
10169.7;0.027
10170.2;0.009
10170.7;0.044
10171.2;0.02
10171.7;0.029
10172.2;0.011
10172.7;0.031
10173.2;0.02
10173.7;0.038
10174.2;0.027
10174.7;0.041
10175.2;0.037
10175.7;0.031
10176.2;0.019
10176.7;0.03
10177.2;0.02
10177.7;0.033
10178.2;0.029
10178.7;0.022
10179.2;0.052
10179.7;0.032
10180.2;0.052
10180.7;0.019
10181.2;0.022
10181.7;0.018
10182.2;0.031
10182.7;0.012
10183.2;0.039
10183.7;0.014
10184.2;0.034
10184.7;0.014
10185.2;0.029
10185.7;0.009
10186.2;0.016
10186.7;0.022
10187.2;0.011
10187.7;0.02
10188.2;0.026
10188.7;0.017
10189.2;0.016
10189.7;0.013
10190.2;0.019
10190.7;0.026
10191.2;0.026
10191.7;0.018
10192.2;0.036
10192.7;0.009
10193.2;0.023
10193.7;0.001
10194.2;0.015
10194.7;0.01
10195.2;0.02
10195.7;0.014
10196.2;0.022
10196.7;0.025
10197.2;0.017
10197.7;0.037
10198.2;0.028
10198.7;0.023
10199.2;0.021
10199.7;0.046
10200.2;0.025
10200.7;0.024
10201.2;0.014
10201.7;0.025
10202.2;0.018
10202.7;0.033
10203.2;0.025
10203.7;0.042
10204.2;0.014
10204.7;0.039
10205.2;0.019
10205.7;0.024
10206.2;0.024
10206.7;0.012
10207.2;0.026
10207.7;0.019
10208.2;0.036
10208.7;0.006
10209.2;0.043
10209.7;0.013
10210.2;0.024
10210.7;0.013
10211.2;0.017
10211.7;0.019
10212.2;0.015
10212.7;0.023
10213.2;0.034
10213.7;0.016
10214.2;0.029
10214.7;0.026
10215.2;0.03
10215.7;0.015
10216.2;0.019
10216.7;0.021
10217.2;0.027
10217.7;0.009
10218.2;0.007
10218.7;0.014
10219.2;0.01
10219.7;0.008
10220.2;0.034
10220.7;0.015
10221.2;0.033
10221.7;0.007
10222.2;0.028
10222.7;0.013
10223.2;0.027
10223.7;0.013
10224.2;0.025
10224.7;0.015
10225.2;0.039
10225.7;0.021
10226.2;0.033
10226.7;0.017
10227.2;0.016
10227.7;0.015
10228.2;0.041
10228.7;0.018
10229.2;0.043
10229.7;0.011
10230.2;0.048
10230.7;0.023
10231.2;0.027
10231.7;0.009
10232.2;0.009
10232.7;0.003
10233.2;0.031
10233.7;0.021
10234.2;0.053
10234.7;0.015
10235.2;0.04
10235.7;0.023
10236.2;0.024
10236.7;0.009
10237.2;0.024
10237.7;0.007
10238.2;0.039
10238.7;0.056
10239.2;0.015
10239.7;0.054
10240.2;0.011
10240.7;0.039
10241.2;0.025
10241.7;0.011
10242.2;0.038
10242.7;0.026
10243.2;0.029
10243.7;0.03
10244.2;0.014
10244.7;0.026
10245.2;0.016
10245.7;0.027
10246.2;0.029
10246.7;0.026
10247.2;0.03
10247.7;0.038
10248.2;0.028
10248.7;0.018
10249.2;0.004
10249.7;0.007
10250.2;0.007
10250.7;0.035
10251.2;0.034
10251.7;0.035
10252.2;0.029
10252.7;0.034
10253.2;0.035
10253.7;0.014
10254.2;0.014
10254.7;0.023
10255.2;0.022
10255.7;0.015
10256.2;0.041
10256.7;0.024
10257.2;0.023
10257.7;0.05
10258.2;0.007
10258.7;0.023
10259.2;0.017
10259.7;0.016
10260.2;0.024
10260.7;0.026
10261.2;0.032
10261.7;0.028
10262.2;0.022
10262.7;0.024
10263.2;0.006
10263.7;0.023
10264.2;0.007
10264.7;0.032
10265.2;0.009
10265.7;0.024
10266.2;0.034
10266.7;0.021
10267.2;0.02
10267.7;0.007
10268.2;0.01
10268.7;0.023
10269.2;0.031
10269.7;0.02
10270.2;0.056
10270.7;0.014
10271.2;0.028
10271.7;0.033
10272.2;0.017
10272.7;0.028
10273.2;0.029
10273.7;0.007
10274.2;0.034
10274.7;0.03
10275.2;0.028
10275.7;0.048
10276.2;0.005
10276.7;0.032
10277.2;0.003
10277.7;0.022
10278.2;0.008
10278.7;0.041
10279.2;0.009
10279.7;0.042
10280.2;0.007
10280.7;0.019
10281.2;0.021
10281.7;0.006
10282.2;0.018
10282.7;0.019
10283.2;0.044
10283.7;0.022
10284.2;0.046
10284.7;0.017
10285.2;0.031
10285.7;0.027
10286.2;0.031
10286.7;0.03
10287.2;0.044
10287.7;0.014
10288.2;0.047
10288.7;0.045
10289.2;0.035
10289.7;0.058
10290.2;0.024
10290.7;0.029
10291.2;0.017
10291.7;0.006
10292.2;0.027
10292.7;0.03
10293.2;0.018
10293.7;0.046
10294.2;0.023
10294.7;0.012
10295.2;0.013
10295.7;0.013
10296.2;0.021
10296.7;0.03
10297.2;0.051
10297.7;0.025
10298.2;0.063
10298.7;0.014
10299.2;0.033
10299.7;0.034
10300.2;0.034
10300.7;0.03
10301.2;0.061
10301.7;0.007
10302.2;0.058
10302.7;0.039
10303.2;0.032
10303.7;0.041
10304.2;0.009
10304.7;0.027
10305.2;0.028
10305.7;0.02
10306.2;0.027
10306.7;0.029
10307.2;0.023
10307.7;0.033
10308.2;0.03
10308.7;0.034
10309.2;0.011
10309.7;0.027
10310.2;0.029
10310.7;0.042
10311.2;0.038
10311.7;0.008
10312.2;0.064
10312.7;0.028
10313.2;0.036
10313.7;0.02
10314.2;0.029
10314.7;0.017
10315.2;0.056
10315.7;0.014
10316.2;0.051
10316.7;0.028
10317.2;0.027
10317.7;0.016
10318.2;0.012
10318.7;0.003
10319.2;0.025
10319.7;0.034
10320.2;0.007
10320.7;0.057
10321.2;0.031
10321.7;0.029
10322.2;0.024
10322.7;0.019
10323.2;0.037
10323.7;0.053
10324.2;0.029
10324.7;0.038
10325.2;0.043
10325.7;0.032
10326.2;0.051
10326.7;0.021
10327.2;0.046
10327.7;0.022
10328.2;0.034
10328.7;0.014
10329.2;0.033
10329.7;0.024
10330.2;0.028
10330.7;0.021
10331.2;0.02
10331.7;0.032
10332.2;0.023
10332.7;0.022
10333.2;0.022
10333.7;0.043
10334.2;0.008
10334.7;0.043
10335.2;0.021
10335.7;0.044
10336.2;0.03
10336.7;0.029
10337.2;0.017
10337.7;0.038
10338.2;0.03
10338.7;0.024
10339.2;0.032
10339.7;0.017
10340.2;0.026
10340.7;0.013
10341.2;0.029
10341.7;0.007
10342.2;0.024
10342.7;0.022
10343.2;0.03
10343.7;0.032
10344.2;0.016
10344.7;0.041
10345.2;0.006
10345.7;0.017
10346.2;0.02
10346.7;0.04
10347.2;0.009
10347.7;0.045
10348.2;0.009
10348.7;0.052
10349.2;0.011
10349.7;0.022
10350.2;0.037
10350.7;0.021
10351.2;0.025
10351.7;0.024
10352.2;0.034
10352.7;0.029
10353.2;0.014
10353.7;0.007
10354.2;0.041
10354.7;0.01
10355.2;0.019
10355.7;0.019
10356.2;0.021
10356.7;0.012
10357.2;0.022
10357.7;0.023
10358.2;0.016
10358.7;0.022
10359.2;0.027
10359.7;0.038
10360.2;0.028
10360.7;0.039
10361.2;0.018
10361.7;0.024
10362.2;0.006
10362.7;0.018
10363.2;0.01
10363.7;0.024
10364.2;0.019
10364.7;0.023
10365.2;0.028
10365.7;0.025
10366.2;0.018
10366.7;0.002
10367.2;0.016
10367.7;0.03
10368.2;0.029
10368.7;0.025
10369.2;0.022
10369.7;0.053
10370.2;0.024
10370.7;0.043
10371.2;0.022
10371.7;0.033
10372.2;0.034
10372.7;0.03
10373.2;0.014
10373.7;0.037
10374.2;0.013
10374.7;0.033
10375.2;0.021
10375.7;0.02
10376.2;0.015
10376.7;0.012
10377.2;0.044
10377.7;0.023
10378.2;0.034
10378.7;0.022
10379.2;0.013
10379.7;0.021
10380.2;0.008
10380.7;0.014
10381.2;0.025
10381.7;0.024
10382.2;0.017
10382.7;0.039
10383.2;0.02
10383.7;0.024
10384.2;0.02
10384.7;0.007
10385.2;0.017
10385.7;0.012
10386.2;0.02
10386.7;0.028
10387.2;0.019
10387.7;0.01
10388.2;0.031
10388.7;0.013
10389.2;0.007
10389.7;0.015
10390.2;0.025
10390.7;0.011
10391.2;0.04
10391.7;0.002
10392.2;0.041
10392.7;0.024
10393.2;0.034
10393.7;0.021
10394.2;0.048
10394.7;0.014
10395.2;0.054
10395.7;0.033
10396.2;0.041
10396.7;0.052
10397.2;0.026
10397.7;0.042
10398.2;0.032
10398.7;0.029
10399.2;0.028
10399.7;0.039
10400.2;0.016
10400.7;0.04
10401.2;0.024
10401.7;0.032
10402.2;0.04
10402.7;0.043
10403.2;0.001
10403.7;0.051
10404.2;0.029
10404.7;0.04
10405.2;0.03
10405.7;0.027
10406.2;0.024
10406.7;0.014
10407.2;0.017
10407.7;0.024
10408.2;0.042
10408.7;0.024
10409.2;0.038
10409.7;0.014
10410.2;0.025
10410.7;0.001
10411.2;0.015
10411.7;0.013
10412.2;0.026
10412.7;0.049
10413.2;0.007
10413.7;0.037
10414.2;0.016
10414.7;0.027
10415.2;0.02
10415.7;0.032
10416.2;0.008
10416.7;0.026
10417.2;0.039
10417.7;0.037
10418.2;0.044
10418.7;0.006
10419.2;0.039
10419.7;0.004
10420.2;0.02
10420.7;0.003
10421.2;0.035
10421.7;0.028
10422.2;0.02
10422.7;0.063
10423.2;0.03
10423.7;0.049
10424.2;0.014
10424.7;0.044
10425.2;0.031
10425.7;0.044
10426.2;0.013
10426.7;0.046
10427.2;0.005
10427.7;0.045
10428.2;0.044
10428.7;0.037
10429.2;0.044
10429.7;0.023
10430.2;0.026
10430.7;0.074
10431.2;0.049
10431.7;0.027
10432.2;0.053
10432.7;0.033
10433.2;0.065
10433.7;0.045
10434.2;0.068
10434.7;0.053
10435.2;0.09
10435.7;0.061
10436.2;0.088
10436.7;0.06
10437.2;0.097
10437.7;0.075
10438.2;0.092
10438.7;0.078
10439.2;0.075
10439.7;0.044
10440.2;0.087
10440.7;0.077
10441.2;0.084
10441.7;0.061
10442.2;0.077
10442.7;0.09
10443.2;0.085
10443.7;0.085
10444.2;0.08
10444.7;0.089
10445.2;0.084
10445.7;0.07
10446.2;0.063
10446.7;0.044
10447.2;0.073
10447.7;0.025
10448.2;0.065
10448.7;0.026
10449.2;0.064
10449.7;0.035
10450.2;0.059
10450.7;0.059
10451.2;0.084
10451.7;0.057
10452.2;0.102
10452.7;0.073
10453.2;0.078
10453.7;0.101
10454.2;0.106
10454.7;0.072
10455.2;0.082
10455.7;0.035
10456.2;0.06
10456.7;0.05
10457.2;0.105
10457.7;0.071
10458.2;0.131
10458.7;0.124
10459.2;0.165
10459.7;0.113
10460.2;0.168
10460.7;0.098
10461.2;0.14
10461.7;0.118
10462.2;0.105
10462.7;0.079
10463.2;0.12
10463.7;0.082
10464.2;0.115
10464.7;0.078
10465.2;0.099
10465.7;0.098
10466.2;0.095
10466.7;0.091
10467.2;0.075
10467.7;0.086
10468.2;0.087
10468.7;0.114
10469.2;0.073
10469.7;0.114
10470.2;0.079
10470.7;0.143
10471.2;0.136
10471.7;0.105
10472.2;0.106
10472.7;0.117
10473.2;0.084
10473.7;0.112
10474.2;0.103
10474.7;0.067
10475.2;0.098
10475.7;0.083
10476.2;0.094
10476.7;0.051
10477.2;0.076
10477.7;0.065
10478.2;0.082
10478.7;0.058
10479.2;0.118
10479.7;0.068
10480.2;0.083
10480.7;0.078
10481.2;0.083
10481.7;0.047
10482.2;0.11
10482.7;0.054
10483.2;0.055
10483.7;0.035
10484.2;0.043
10484.7;0.029
10485.2;0.019
10485.7;0.014
10486.2;0.006
10486.7;0.011
10487.2;0.005
10487.7;0.039
10488.2;0.037
10488.7;0.013
10489.2;0.025
10489.7;0.042
10490.2;0.043
10490.7;0.041
10491.2;0.025
10491.7;0.049
10492.2;0.071
10492.7;0.021
10493.2;0.064
10493.7;0.017
10494.2;0.041
10494.7;0.035
10495.2;0.043
10495.7;0.013
10496.2;0.039
10496.7;0.008
10497.2;0.045
10497.7;0.03
10498.2;0.044
10498.7;0.04
10499.2;0.025
10499.7;0.039
10500.2;0.056
10500.7;0.017
10501.2;0.053
10501.7;0.052
10502.2;0.016
10502.7;0.048
10503.2;0.012
10503.7;0.024
10504.2;0.036
10504.7;0.038
10505.2;0.034
10505.7;0.043
10506.2;0.048
10506.7;0.029
10507.2;0.034
10507.7;0.006
10508.2;0.024
10508.7;0.025
10509.2;0.004
10509.7;0.046
10510.2;0.035
10510.7;0.042
10511.2;0.048
10511.7;0.021
10512.2;0.024
10512.7;0.037
10513.2;0.014
10513.7;0.033
10514.2;0.057
10514.7;0.063
10515.2;0.036
10515.7;0.036
10516.2;0.034
10516.7;0.052
10517.2;0.008
10517.7;0.023
10518.2;0.049
10518.7;0.056
10519.2;0.052
10519.7;0.06
10520.2;0.051
10520.7;0.017
10521.2;0.022
10521.7;0.03
10522.2;0.029
10522.7;0.028
10523.2;0.041
10523.7;0.036
10524.2;0.06
10524.7;0.03
10525.2;0.032
10525.7;0.017
10526.2;0.031
10526.7;0.03
10527.2;0.039
10527.7;0.049
10528.2;0.054
10528.7;0.034
10529.2;0.02
10529.7;0.01
10530.2;0.013
10530.7;0.004
10531.2;0.027
10531.7;0.03
10532.2;0.034
10532.7;0.024
10533.2;0.007
10533.7;0.016
10534.2;0.012
10534.7;0.01
10535.2;0.027
10535.7;0.028
10536.2;0.015
10536.7;0.032
10537.2;0.036
10537.7;0.036
10538.2;0.012
10538.7;0.024
10539.2;0.008
10539.7;0.011
10540.2;0.032
10540.7;0.018
10541.2;0.026
10541.7;0.026
10542.2;0.014
10542.7;0.003
10543.2;0.029
10543.7;0.016
10544.2;0.013
10544.7;0.008
10545.2;0.024
10545.7;0.007
10546.2;0.021
10546.7;0.017
10547.2;0.009
10547.7;0.021
10548.2;0.009
10548.7;0.026
10549.2;0.016
10549.7;0.03
10550.2;0.019
10550.7;0.025
10551.2;0.005
10551.7;0.015
10552.2;0.021
10552.7;0.024
10553.2;0.029
10553.7;0.027
10554.2;0.038
10554.7;0.016
10555.2;0.016
10555.7;0.014
10556.2;0.021
10556.7;0.029
10557.2;0.039
10557.7;0.028
10558.2;0.039
10558.7;0.048
10559.2;0.029
10559.7;0.036
10560.2;0.014
10560.7;0.003
10561.2;0.033
10561.7;0.039
10562.2;0.034
10562.7;0.068
10563.2;0.045
10563.7;0.03
10564.2;0.021
10564.7;0.021
10565.2;0.024
10565.7;0.037
10566.2;0.029
10566.7;0.047
10567.2;0.041
10567.7;0.028
10568.2;0.048
10568.7;0.028
10569.2;0.019
10569.7;0.016
10570.2;0.031
10570.7;0.009
10571.2;0.064
10571.7;0.041
10572.2;0.059
10572.7;0.057
10573.2;0.026
10573.7;0.031
10574.2;0.034
10574.7;0.028
10575.2;0.054
10575.7;0.084
10576.2;0.05
10576.7;0.057
10577.2;0.032
10577.7;0.021
10578.2;0.026
10578.7;0.032
10579.2;0.033
10579.7;0.055
10580.2;0.05
10580.7;0.042
10581.2;0.052
10581.7;0.037
10582.2;0.038
10582.7;0.03
10583.2;0.022
10583.7;0.039
10584.2;0.054
10584.7;0.042
10585.2;0.056
10585.7;0.047
10586.2;0.024
10586.7;0.021
10587.2;0.02
10587.7;0.01
10588.2;0.03
10588.7;0.043
10589.2;0.027
10589.7;0.032
10590.2;0.023
10590.7;0.027
10591.2;0.026
10591.7;0.021
10592.2;0.043
10592.7;0.047
10593.2;0.035
10593.7;0.07
10594.2;0.072
10594.7;0.058
10595.2;0.048
10595.7;0.038
10596.2;0.04
10596.7;0.051
10597.2;0.026
10597.7;0.05
10598.2;0.056
10598.7;0.083
10599.2;0.065
10599.7;0.09
10600.2;0.048
10600.7;0.065
10601.2;0.061
10601.7;0.053
10602.2;0.068
10602.7;0.088
10603.2;0.073
10603.7;0.088
10604.2;0.063
10604.7;0.055
10605.2;0.053
10605.7;0.066
10606.2;0.06
10606.7;0.078
10607.2;0.071
10607.7;0.068
10608.2;0.042
10608.7;0.024
10609.2;0.018
10609.7;0.012
10610.2;0.046
10610.7;0.022
10611.2;0.043
10611.7;0.036
10612.2;0.025
10612.7;0.051
10613.2;0.083
10613.7;0.1
10614.2;0.067
10614.7;0.086
10615.2;0.077
10615.7;0.099
10616.2;0.115
10616.7;0.141
10617.2;0.135
10617.7;0.124
10618.2;0.114
10618.7;0.085
10619.2;0.086
10619.7;0.135
10620.2;0.12
10620.7;0.137
10621.2;0.147
10621.7;0.11
10622.2;0.112
10622.7;0.091
10623.2;0.075
10623.7;0.121
10624.2;0.129
10624.7;0.122
10625.2;0.145
10625.7;0.115
10626.2;0.092
10626.7;0.085
10627.2;0.103
10627.7;0.075
10628.2;0.098
10628.7;0.104
10629.2;0.061
10629.7;0.084
10630.2;0.045
10630.7;0.04
10631.2;0.058
10631.7;0.083
10632.2;0.053
10632.7;0.101
10633.2;0.07
10633.7;0.081
10634.2;0.049
10634.7;0.047
10635.2;0.048
10635.7;0.059
10636.2;0.09
10636.7;0.049
10637.2;0.077
10637.7;0.054
10638.2;0.045
10638.7;0.062
10639.2;0.042
10639.7;0.056
10640.2;0.07
10640.7;0.065
10641.2;0.055
10641.7;0.061
10642.2;0.03
10642.7;0.061
10643.2;0.061
10643.7;0.025
10644.2;0.062
10644.7;0.018
10645.2;0.068
10645.7;0.065
10646.2;0.063
10646.7;0.027
10647.2;0.059
10647.7;0.058
10648.2;0.019
10648.7;0.049
10649.2;0.027
10649.7;0.032
10650.2;0.04
10650.7;0.009
10651.2;0.026
10651.7;0.006
10652.2;0.041
10652.7;0.014
10653.2;0.028
10653.7;0.012
10654.2;0.038
10654.7;0.007
10655.2;0.053
10655.7;0.039
10656.2;0.028
10656.7;0.025
10657.2;0.02
10657.7;0.01
10658.2;0.014
10658.7;0.063
10659.2;0.02
10659.7;0.058
10660.2;0.031
10660.7;0.035
10661.2;0.017
10661.7;0.026
10662.2;0.012
10662.7;0.025
10663.2;0.045
10663.7;0.031
10664.2;0.05
10664.7;0.004
10665.2;0.023
10665.7;0.006
10666.2;0.036
10666.7;0.013
10667.2;0.062
10667.7;0.027
10668.2;0.042
10668.7;0.031
10669.2;0.025
10669.7;0.011
10670.2;0.021
10670.7;0.035
10671.2;0.011
10671.7;0.038
10672.2;0.018
10672.7;0.041
10673.2;0.024
10673.7;0.025
10674.2;0.031
10674.7;0.032
10675.2;0.009
10675.7;0.035
10676.2;0.034
10676.7;0.015
10677.2;0.05
10677.7;0.005
10678.2;0.029
10678.7;0.009
10679.2;0.034
10679.7;0.022
10680.2;0.038
10680.7;0.013
10681.2;0.037
10681.7;0.019
10682.2;0.022
10682.7;0.028
10683.2;0.023
10683.7;0.019
10684.2;0.022
10684.7;0.029
10685.2;0.03
10685.7;0.039
10686.2;0.001
10686.7;0.037
10687.2;0.005
10687.7;0.022
10688.2;0.002
10688.7;0.019
10689.2;0.012
10689.7;0.018
10690.2;0.029
10690.7;0.033
10691.2;0.031
10691.7;0.03
10692.2;0.041
10692.7;0.005
10693.2;0.029
10693.7;0.004
10694.2;0.017
10694.7;0.012
10695.2;0.03
10695.7;0.015
10696.2;0.06
10696.7;0.024
10697.2;0.034
10697.7;0.036
10698.2;0.003
10698.7;0.031
10699.2;0.034
10699.7;0.03
10700.2;0.013
10700.7;0.034
10701.2;0.009
10701.7;0.037
10702.2;0.022
10702.7;0.021
10703.2;0.014
10703.7;0.045
10704.2;0.022
10704.7;0.032
10705.2;0.035
10705.7;0.013
10706.2;0.026
10706.7;0.021
10707.2;0.028
10707.7;0.013
10708.2;0.036
10708.7;0.01
10709.2;0.043
10709.7;0.018
10710.2;0.025
10710.7;0.031
10711.2;0.018
10711.7;0.032
10712.2;0.023
10712.7;0.031
10713.2;0.017
10713.7;0.035
10714.2;0.014
10714.7;0.048
10715.2;0.007
10715.7;0.024
10716.2;0.02
10716.7;0.033
10717.2;0.017
10717.7;0.029
10718.2;0.034
10718.7;0.032
10719.2;0.039
10719.7;0.023
10720.2;0.034
10720.7;0.009
10721.2;0.019
10721.7;0.008
10722.2;0.031
10722.7;0.015
10723.2;0.026
10723.7;0.016
10724.2;0.032
10724.7;0.021
10725.2;0.013
10725.7;0.027
10726.2;0.02
10726.7;0.019
10727.2;0.008
10727.7;0.021
10728.2;0.008
10728.7;0.031
10729.2;0.014
10729.7;0.029
10730.2;0.021
10730.7;0.009
10731.2;0.016
10731.7;0.021
10732.2;0.019
10732.7;0.021
10733.2;0.033
10733.7;0.018
10734.2;0.052
10734.7;0.015
10735.2;0.019
10735.7;0.015
10736.2;0.03
10736.7;0.017
10737.2;0.043
10737.7;0.028
10738.2;0.026
10738.7;0.034
10739.2;0.013
10739.7;0.03
10740.2;0.021
10740.7;0.011
10741.2;0.009
10741.7;0.036
10742.2;0.004
10742.7;0.019
10743.2;0.013
10743.7;0.015
10744.2;0.008
10744.7;0.026
10745.2;0.026
10745.7;0.019
10746.2;0.02
10746.7;0.018
10747.2;0.031
10747.7;0.013
10748.2;0.018
10748.7;0.024
10749.2;0.023
10749.7;0.012
10750.2;0.021
10750.7;0.027
10751.2;0.014
10751.7;0.017
10752.2;0.014
10752.7;0.026
10753.2;0.009
10753.7;0.01
10754.2;0.003
10754.7;0.007
10755.2;0.019
10755.7;0.025
10756.2;0.021
10756.7;0.016
10757.2;0.012
10757.7;0.028
10758.2;0.028
10758.7;0.016
10759.2;0.035
10759.7;0.015
10760.2;0.027
10760.7;0.023
10761.2;0.017
10761.7;0.009
10762.2;0.024
10762.7;0.021
10763.2;0.013
10763.7;0.022
10764.2;0.012
10764.7;0.017
10765.2;0.017
10765.7;0.013
10766.2;0.012
10766.7;0.017
10767.2;0.001
10767.7;0.022
10768.2;0.014
10768.7;0.021
10769.2;0.021
10769.7;0.02
10770.2;0.015
10770.7;0.018
10771.2;0.025
10771.7;0.012
10772.2;0.039
10772.7;0.007
10773.2;0.014
10773.7;0.023
10774.2;0.014
10774.7;0.018
10775.2;0.017
10775.7;0.015
10776.2;0.032
10776.7;0.01
10777.2;0.011
10777.7;0.026
10778.2;0.004
10778.7;0.018
10779.2;0.02
10779.7;0.014
10780.2;0.006
10780.7;0.024
10781.2;0.013
10781.7;0.013
10782.2;0.017
10782.7;0.013
10783.2;0.014
10783.7;0.013
10784.2;0.022
10784.7;0.013
10785.2;0.027
10785.7;0.021
10786.2;0.017
10786.7;0.007
10787.2;0.024
10787.7;0.012
10788.2;0.019
10788.7;0.02
10789.2;0.018
10789.7;0.015
10790.2;0.011
10790.7;0.01
10791.2;0.015
10791.7;0.026
10792.2;0.012
10792.7;0.035
10793.2;0.018
10793.7;0.007
10794.2;0.026
10794.7;0.029
10795.2;0.02
10795.7;0.032
10796.2;0.025
10796.7;0.016
10797.2;0.026
10797.7;0.017
10798.2;0.02
10798.7;0.015
10799.2;0.02
10799.7;0.018
10800.2;0.019
10800.7;0.01
10801.2;0.014
10801.7;0.008
10802.2;0.016
10802.7;0.019
10803.2;0.027
10803.7;0.02
10804.2;0.014
10804.7;0.032
10805.2;0.005
10805.7;0.014
10806.2;0.024
10806.7;0.019
10807.2;0.017
10807.7;0.017
10808.2;0.011
10808.7;0.022
10809.2;0.008
10809.7;0.026
10810.2;0.018
10810.7;0.025
10811.2;0.019
10811.7;0.011
10812.2;0.028
10812.7;0.02
10813.2;0.032
10813.7;0.026
10814.2;0.02
10814.7;0.008
10815.2;0.009
10815.7;0.017
10816.2;0.025
10816.7;0.016
10817.2;0.025
10817.7;0.021
10818.2;0.013
10818.7;0.013
10819.2;0.008
10819.7;0.02
10820.2;0.011
10820.7;0.02
10821.2;0.02
10821.7;0.021
10822.2;0.013
10822.7;0.027
10823.2;0.019
10823.7;0.011
10824.2;0.026
10824.7;0.021
10825.2;0.016
10825.7;0.011
10826.2;0.015
10826.7;0.017
10827.2;0.014
10827.7;0.015
10828.2;0.026
10828.7;0.014
10829.2;0.007
10829.7;0.023
10830.2;0.028
10830.7;0.018
10831.2;0.019
10831.7;0.026
10832.2;0.025
10832.7;0.008
10833.2;0.015
10833.7;0.018
10834.2;0.011
10834.7;0.016
10835.2;0.017
10835.7;0.024
10836.2;0.003
10836.7;0.003
10837.2;0.006
10837.7;0.013
10838.2;0.004
10838.7;0.013
10839.2;0.02
10839.7;0.009
10840.2;0.012
10840.7;0.016
10841.2;0.024
10841.7;0.012
10842.2;0.013
10842.7;0.015
10843.2;0.018
10843.7;0.005
10844.2;0.022
10844.7;0.02
10845.2;0.018
10845.7;0.019
10846.2;0.009
10846.7;0.018
10847.2;0.006
10847.7;0.014
10848.2;0.017
10848.7;0.036
10849.2;0.018
10849.7;0.024
10850.2;0.031
10850.7;0.006
10851.2;0.027
10851.7;0.018
10852.2;0.018
10852.7;0.025
10853.2;0.003
10853.7;0.003
10854.2;0.013
10854.7;0.02
10855.2;0.014
10855.7;0.018
10856.2;0.02
10856.7;0.002
10857.2;0.016
10857.7;0.019
10858.2;0.025
10858.7;0.016
10859.2;0.013
10859.7;0.015
10860.2;0.023
10860.7;0.022
10861.2;0.028
10861.7;0.01
10862.2;0.018
10862.7;0.008
10863.2;0.02
10863.7;0.031
10864.2;0.007
10864.7;0.012
10865.2;0.014
10865.7;0.031
10866.2;0.008
10866.7;0.023
10867.2;0.013
10867.7;0.017
10868.2;0.029
10868.7;0.009
10869.2;0.015
10869.7;0.005
10870.2;0.023
10870.7;0.008
10871.2;0.027
10871.7;0.016
10872.2;0.016
10872.7;0.025
10873.2;0.026
10873.7;0.018
10874.2;0.03
10874.7;0.023
10875.2;0.016
10875.7;0.022
10876.2;0.018
10876.7;0.027
10877.2;0.022
10877.7;0.033
10878.2;0.006
10878.7;0.009
10879.2;0.024
10879.7;0.009
10880.2;0.017
10880.7;0.02
10881.2;0.015
10881.7;0.018
10882.2;0.022
10882.7;0.013
10883.2;0.023
10883.7;0.032
10884.2;0.016
10884.7;0.028
10885.2;0.026
10885.7;0.005
10886.2;0.021
10886.7;0.014
10887.2;0.015
10887.7;0.026
10888.2;0.017
10888.7;0.014
10889.2;0.017
10889.7;0.01
10890.2;0.028
10890.7;0.023
10891.2;0.007
10891.7;0.008
10892.2;0.016
10892.7;0.025
10893.2;0.024
10893.7;0.034
10894.2;0.012
10894.7;0.029
10895.2;0.011
10895.7;0.024
10896.2;0.021
10896.7;0.008
10897.2;0.024
10897.7;0.018
10898.2;0.014
10898.7;0.005
10899.2;0.018
10899.7;0.009
10900.2;0.044
10900.7;0.021
10901.2;0.009
10901.7;0.016
10902.2;0.021
10902.7;0.016
10903.2;0.025
10903.7;0.026
10904.2;0.015
10904.7;0.009
10905.2;0.015
10905.7;0.014
10906.2;0.018
10906.7;0.034
10907.2;0.018
10907.7;0.015
10908.2;0.003
10908.7;0.024
10909.2;0.04
10909.7;0.037
10910.2;0.024
10910.7;0.002
10911.2;0.038
10911.7;0.049
10912.2;0.048
10912.7;0.018
10913.2;0.011
10913.7;0.011
10914.2;0.02
10914.7;0.015
10915.2;0.024
10915.7;0.02
10916.2;0.022
10916.7;0.029
10917.2;0.014
10917.7;0.014
10918.2;0.033
10918.7;0.035
10919.2;0.018
10919.7;0.012
10920.2;0.012
10920.7;0.023
10921.2;0.025
10921.7;0.027
10922.2;0.019
10922.7;0.034
10923.2;0.017
10923.7;0.013
10924.2;0.025
10924.7;0.022
10925.2;0.026
10925.7;0.019
10926.2;0.022
10926.7;0.012
10927.2;0.035
10927.7;0.021
10928.2;0.044
10928.7;0.024
10929.2;0.006
10929.7;0.021
10930.2;0.01
10930.7;0.023
10931.2;0.018
10931.7;0.019
10932.2;0.021
10932.7;0.021
10933.2;0.015
10933.7;0.025
10934.2;0.023
10934.7;0.023
10935.2;0.018
10935.7;0.025
10936.2;0.013
10936.7;0.022
10937.2;0.03
10937.7;0.025
10938.2;0.023
10938.7;0.021
10939.2;0.024
10939.7;0.01
10940.2;0.031
10940.7;0.015
10941.2;0.026
10941.7;0.021
10942.2;0.02
10942.7;0.029
10943.2;0.003
10943.7;0.021
10944.2;0.028
10944.7;0.025
10945.2;0.022
10945.7;0.02
10946.2;0.008
10946.7;0.014
10947.2;0.02
10947.7;0.027
10948.2;0.013
10948.7;0.019
10949.2;0.018
10949.7;0.015
10950.2;0.014
10950.7;0.023
10951.2;0.019
10951.7;0.015
10952.2;0.021
10952.7;0.006
10953.2;0.031
10953.7;0.018
10954.2;0.034
10954.7;0.012
10955.2;0.017
10955.7;0.022
10956.2;0.014
10956.7;0.014
10957.2;0.014
10957.7;0.022
10958.2;0.013
10958.7;0.028
10959.2;0.013
10959.7;0.021
10960.2;0.02
10960.7;0.017
10961.2;0.012
10961.7;0.025
10962.2;0.01
10962.7;0.007
10963.2;0.018
10963.7;0.02
10964.2;0.028
10964.7;0.016
10965.2;0.015
10965.7;0.019
10966.2;0.02
10966.7;0.015
10967.2;0.03
10967.7;0.015
10968.2;0.026
10968.7;0.007
10969.2;0.017
10969.7;0.029
10970.2;0.014
10970.7;0.019
10971.2;0.034
10971.7;0.02
10972.2;0.012
10972.7;0.021
10973.2;0.022
10973.7;0.008
10974.2;0.023
10974.7;0.03
10975.2;0.011
10975.7;0.02
10976.2;0.028
10976.7;0.007
10977.2;0.025
10977.7;0.022
10978.2;0.012
10978.7;0.013
10979.2;0.034
10979.7;0.01
10980.2;0.021
10980.7;0.013
10981.2;0.013
10981.7;0.022
10982.2;0.02
10982.7;0.017
10983.2;0.024
10983.7;0.023
10984.2;0.012
10984.7;0.018
10985.2;0.028
10985.7;0.026
10986.2;0.014
10986.7;0.014
10987.2;0.004
10987.7;0.031
10988.2;0.019
10988.7;0.01
10989.2;0.023
10989.7;0.029
10990.2;0.011
10990.7;0.018
10991.2;0.021
10991.7;0.014
10992.2;0.021
10992.7;0.016
10993.2;0.016
10993.7;0.011
10994.2;0.012
10994.7;0.012
10995.2;0.017
10995.7;0.02
10996.2;0.011
10996.7;0.006
10997.2;0.014
10997.7;0.009
10998.2;0.017
10998.7;0.009
10999.2;0.013
10999.7;0.032
11000.2;0.01
11000.7;0.002
11001.2;0.006
11001.7;0.029
11002.2;0.027
11002.7;0.018
11003.2;0.012
11003.7;0.013
11004.2;0.019
11004.7;0.029
11005.2;0.023
11005.7;0.022
11006.2;0.011
11006.7;0.014
11007.2;0.025
11007.7;0.017
11008.2;0.016
11008.7;0.01
11009.2;0.023
11009.7;0.01
11010.2;0.029
11010.7;0.01
11011.2;0.015
11011.7;0.026
11012.2;0.012
11012.7;0.022
11013.2;0.016
11013.7;0.026
11014.2;0.023
11014.7;0.008
11015.2;0.012
11015.7;0.017
11016.2;0.021
11016.7;0.015
11017.2;0.009
11017.7;0.026
11018.2;0.033
11018.7;0.008
11019.2;0.008
11019.7;0.008
11020.2;0.027
11020.7;0.014
11021.2;0.016
11021.7;0.019
11022.2;0.008
11022.7;0.013
11023.2;0.012
11023.7;0.01
11024.2;0.016
11024.7;0.011
11025.3;0.028
11025.8;0.019
11026.3;0.01
11026.8;0.021
11027.3;0.019
11027.8;0.04
11028.3;0.004
11028.8;0.002
11029.3;0.005
11029.8;0.02
11030.3;0.022
11030.8;0.015
11031.3;0.011
11031.8;0.02
11032.3;0.014
11032.8;0.024
11033.3;0.008
11033.8;0.025
11034.3;0.012
11034.8;0.025
11035.3;0.024
11035.8;0.015
11036.3;0.018
11036.8;0.015
11037.3;0.024
11037.8;0.016
11038.3;0.035
11038.8;0.012
11039.3;0.016
11039.8;0.022
11040.3;0.019
11040.8;0.012
11041.3;0.02
11041.8;0.024
11042.3;0.016
11042.8;0.017
11043.3;0.013
11043.8;0.035
11044.3;0.023
11044.8;0.016
11045.3;0.014
11045.8;0.011
11046.3;0.015
11046.8;0.009
11047.3;0.024
11047.8;0.022
11048.3;0.019
11048.8;0.029
11049.3;0.021
11049.8;0.014
11050.3;0.026
11050.8;0.019
11051.3;0.01
11051.8;0.012
11052.3;0.027
11052.8;0.014
11053.3;0.016
11053.8;0.014
11054.3;0.015
11054.8;0.024
11055.3;0.005
11055.8;0.015
11056.3;0.009
11056.8;0.029
11057.3;0.016
11057.8;0.042
11058.3;0.015
11058.8;0.019
11059.3;0.018
11059.8;0.035
11060.3;0.01
11060.8;0.022
11061.3;0.017
11061.8;0.02
11062.3;0.002
11062.8;0.027
11063.3;0.014
11063.8;0.011
11064.3;0.007
11064.8;0.024
11065.3;0.03
11065.8;0.031
11066.3;0.035
11066.8;0.011
11067.3;0.034
11067.8;0.013
11068.3;0.016
11068.8;0.02
11069.3;0.034
11069.8;0.026
11070.3;0.007
11070.8;0.007
11071.3;0.008
11071.8;0.017
11072.3;0.022
11072.8;0.018
11073.3;0.052
11073.8;0.023
11074.3;0.028
11074.8;0.012
11075.3;0.023
11075.8;0.022
11076.3;0.022
11076.8;0.012
11077.3;0.037
11077.8;0.033
11078.3;0.014
11078.8;0.004
11079.3;0.02
11079.8;0.013
11080.3;0.011
11080.8;0.031
11081.3;0.006
11081.8;0.031
11082.3;0.029
11082.8;0.027
11083.3;0.021
11083.8;0.024
11084.3;0.018
11084.8;0.018
11085.3;0.021
11085.8;0.015
11086.3;0.008
11086.8;0.015
11087.3;0.023
11087.8;0.01
11088.3;0.006
11088.8;0.019
11089.3;0.018
11089.8;0.023
11090.3;0.027
11090.8;0.028
11091.3;0.01
11091.8;0.026
11092.3;0.017
11092.8;0.007
11093.3;0.021
11093.8;0.006
11094.3;0.025
11094.8;0.024
11095.3;0.038
11095.8;0.024
11096.3;0.005
11096.8;0.015
11097.3;0.013
11097.8;0.029
11098.3;0.021
11098.8;0.031
11099.3;0.018
11099.8;0.029
11100.3;0.02
11100.8;0.011
11101.3;0.009
11101.8;0.026
11102.3;0.016
11102.8;0.025
11103.3;0.037
11103.8;0.019
11104.3;0.03
11104.8;0.02
11105.3;0.019
11105.8;0.009
11106.3;0.019
11106.8;0.005
11107.3;0.014
11107.8;0.017
11108.3;0.031
11108.8;0.03
11109.3;0.026
11109.8;0.009
11110.3;0.016
11110.8;0.026
11111.3;0.004
11111.8;0.036
11112.3;0.016
11112.8;0.017
11113.3;0.022
11113.8;0.028
11114.3;0.026
11114.8;0.018
11115.3;0.024
11115.8;0.021
11116.3;0.028
11116.8;0.034
11117.3;0.03
11117.8;0.019
11118.3;0.023
11118.8;0.011
11119.3;0.022
11119.8;0.008
11120.3;0.018
11120.8;0.025
11121.3;0.021
11121.8;0.029
11122.3;0.017
11122.8;0.026
11123.3;0.024
11123.8;0.028
11124.3;0.015
11124.8;0.013
11125.3;0.019
11125.8;0.028
11126.3;0.014
11126.8;0.018
11127.3;0.007
11127.8;0.011
11128.3;0.026
11128.8;0.015
11129.3;0.028
11129.8;0.026
11130.3;0.033
11130.8;0.012
11131.3;0.027
11131.8;0.012
11132.3;0.008
11132.8;0.026
11133.3;0.023
11133.8;0.01
11134.3;0.02
11134.8;0.012
11135.3;0.009
11135.8;0.019
11136.3;0.02
11136.8;0.031
11137.3;0.005
11137.8;0.024
11138.3;0.021
11138.8;0.03
11139.3;0.016
11139.8;0.023
11140.3;0.02
11140.8;0.015
11141.3;0.017
11141.8;0.016
11142.3;0.01
11142.8;0.011
11143.3;0.033
11143.8;0.019
11144.3;0.015
11144.8;0.014
11145.3;0.01
11145.8;0.017
11146.3;0.011
11146.8;0.013
11147.3;0.023
11147.8;0.018
11148.3;0.02
11148.8;0.022
11149.3;0.024
11149.8;0.022
11150.3;0.029
11150.8;0.023
11151.3;0.002
11151.8;0.026
11152.3;0.008
11152.8;0.019
11153.3;0.006
11153.8;0.02
11154.3;0.005
11154.8;0.018
11155.3;0.014
11155.8;0.008
11156.3;0.02
11156.8;0.034
11157.3;0.018
11157.8;0.022
11158.3;0.016
11158.8;0.016
11159.3;0.004
11159.8;0.031
11160.3;0.017
11160.8;0.008
11161.3;0.018
11161.8;0.006
11162.3;0.027
11162.8;0.021
11163.3;0.014
11163.8;0.017
11164.3;0.022
11164.8;0.013
11165.3;0.023
11165.8;0.014
11166.3;0.022
11166.8;0.004
11167.3;0.032
11167.8;0.001
11168.3;0.027
11168.8;0.015
11169.3;0.035
11169.8;0.017
11170.3;0.04
11170.8;0.023
11171.3;0.02
11171.8;0.027
11172.3;0.016
11172.8;0.061
11173.3;0.058
11173.8;0.034
11174.3;0.052
11174.8;0.03
11175.3;0.008
11175.8;0.032
11176.3;0.023
11176.8;0.013
11177.3;0.005
11177.8;0.018
11178.3;0.005
11178.8;0.026
11179.3;0.014
11179.8;0.011
11180.3;0.014
11180.8;0.031
11181.3;0.023
11181.8;0.027
11182.3;0.007
11182.8;0.023
11183.3;0.024
11183.8;0.026
11184.3;0.024
11184.8;0.015
11185.3;0.029
11185.8;0.012
11186.3;0.034
11186.8;0.022
11187.3;0.019
11187.8;0.012
11188.3;0.02
11188.8;0.014
11189.3;0.014
11189.8;0.027
11190.3;0.015
11190.8;0.01
11191.3;0.021
11191.8;0.024
11192.3;0.03
11192.8;0.026
11193.3;0.019
11193.8;0.026
11194.3;0.023
11194.8;0.012
11195.3;0.01
11195.8;0.017
11196.3;0.01
11196.8;0.007
11197.3;0.014
11197.8;0.019
11198.3;0.014
11198.8;0.013
11199.3;0.022
11199.8;0.017
11200.3;0.022
11200.8;0.011
11201.3;0.019
11201.8;0.031
11202.3;0.013
11202.8;0.024
11203.3;0.022
11203.8;0.015
11204.3;0.019
11204.8;0.023
11205.3;0.012
11205.8;0.017
11206.3;0.008
11206.8;0.02
11207.3;0.022
11207.8;0.023
11208.3;0.024
11208.8;0.01
11209.3;0.019
11209.8;0.015
11210.3;0.003
11210.8;0.01
11211.3;0.03
11211.8;0.006
11212.3;0.023
11212.8;0.017
11213.3;0.025
11213.8;0.014
11214.3;0.024
11214.8;0.02
11215.3;0.033
11215.8;0.018
11216.3;0.019
11216.8;0.016
11217.3;0.014
11217.8;0.008
11218.3;0.009
11218.8;0.022
11219.3;0.02
11219.8;0.021
11220.3;0.011
11220.8;0.026
11221.3;0.018
11221.8;0.016
11222.3;0.018
11222.8;0.023
11223.3;0.024
11223.8;0.023
11224.3;0.03
11224.8;0.011
11225.3;0.004
11225.8;0.015
11226.3;0.011
11226.8;0.022
11227.3;0.02
11227.8;0.027
11228.3;0.012
11228.8;0.014
11229.3;0.02
11229.8;0.018
11230.3;0.02
11230.8;0.024
11231.3;0.021
11231.8;0.012
11232.3;0.016
11232.8;0.016
11233.3;0.014
11233.8;0.012
11234.3;0.016
11234.8;0.029
11235.3;0.024
11235.8;0.01
11236.3;0.017
11236.8;0.007
11237.3;0.011
11237.8;0.012
11238.3;0.024
11238.8;0.019
11239.3;0.026
11239.8;0.01
11240.3;0.01
11240.8;0.01
11241.3;0.017
11241.8;0.015
11242.3;0.023
11242.8;0.025
11243.3;0.023
11243.8;0.009
11244.3;0.023
11244.8;0.014
11245.3;0.028
11245.8;0.016
11246.3;0.008
11246.8;0.014
11247.3;0.016
11247.8;0.017
11248.3;0.022
11248.8;0.022
11249.3;0.011
11249.8;0.03
11250.3;0.016
11250.8;0.02
11251.3;0.032
11251.8;0.005
11252.3;0.016
11252.8;0.019
11253.3;0.012
11253.8;0.021
11254.3;0.015
11254.8;0.033
11255.3;0.004
11255.8;0.02
11256.3;0.009
11256.8;0.018
11257.3;0.012
11257.8;0.021
11258.3;0.012
11258.8;0.014
11259.3;0.008
11259.8;0.025
11260.3;0.021
11260.8;0.014
11261.3;0.023
11261.8;0.033
11262.3;0.016
11262.8;0.025
11263.3;0.017
11263.8;0.033
11264.3;0.021
11264.8;0.009
11265.3;0.026
11265.8;0.014
11266.3;0.008
11266.8;0.008
11267.3;0.019
11267.8;0.006
11268.3;0.005
11268.8;0.011
11269.3;0.016
11269.8;0.001
11270.3;0.022
11270.8;0.014
11271.3;0.024
11271.8;0.03
11272.3;0.023
11272.8;0.023
11273.3;0.026
11273.8;0.019
11274.3;0.021
11274.8;0.004
11275.3;0.023
11275.8;0.015
11276.3;0.015
11276.8;0.016
11277.3;0.009
11277.8;0.007
11278.3;0.011
11278.8;0.018
11279.3;0.024
11279.8;0.023
11280.3;0.018
11280.8;0.014
11281.3;0.005
11281.8;0.016
11282.3;0.027
11282.8;0.023
11283.3;0.013
11283.8;0.031
11284.3;0.003
11284.8;0.026
11285.3;0.014
11285.8;0.029
11286.3;0.014
11286.8;0.024
11287.3;0.011
11287.8;0.017
11288.3;0.026
11288.8;0.009
11289.3;0.029
11289.8;0.029
11290.3;0.021
11290.8;0.017
11291.3;0.029
11291.8;0.002
11292.3;0.019
11292.8;0.009
11293.3;0.021
11293.8;0.02
11294.3;0.013
11294.8;0.026
11295.3;0.021
11295.8;0.007
11296.3;0.018
11296.8;0.018
11297.3;0.021
11297.8;0.003
11298.3;0.013
11298.8;0.026
11299.3;0.037
11299.8;0.043
11300.3;0.007
11300.8;0.026
11301.3;0.019
11301.8;0.024
11302.3;0.009
11302.8;0.02
11303.3;0.023
11303.8;0.026
11304.3;0.01
11304.8;0.021
11305.3;0.04
11305.8;0.035
11306.3;0.037
11306.8;0.049
11307.3;0.047
11307.8;0.024
11308.3;0.051
11308.8;0.012
11309.3;0.014
11309.8;0.033
11310.3;0.025
11310.8;0.032
11311.3;0.022
11311.8;0.018
11312.3;0.016
11312.8;0.049
11313.3;0.027
11313.8;0.01
11314.3;0.027
11314.8;0.034
11315.3;0.012
11315.8;0.018
11316.3;0.032
11316.8;0.02
11317.3;0.015
11317.8;0.008
11318.3;0.021
11318.8;0.036
11319.3;0.015
11319.8;0.016
11320.3;0.019
11320.8;0.02
11321.3;0.021
11321.8;0.011
11322.3;0.024
11322.8;0.026
11323.3;0.035
11323.8;0.03
11324.3;0.02
11324.8;0.021
11325.3;0.018
11325.8;0.02
11326.3;0.021
11326.8;0.003
11327.3;0.012
11327.8;0.029
11328.3;0.01
11328.8;0.027
11329.3;0.017
11329.8;0.016
11330.3;0.023
11330.8;0.024
11331.3;0.022
11331.8;0.032
11332.3;0.026
11332.8;0.019
11333.3;0.035
11333.8;0.02
11334.3;0.009
11334.8;0.016
11335.3;0.008
11335.8;0.016
11336.3;0.017
11336.8;0.008
11337.3;0.036
11337.8;0.014
11338.3;0.028
11338.8;0.032
11339.3;0.011
11339.8;0.003
11340.3;0.009
11340.8;0.009
11341.3;0.013
11341.8;0.029
11342.3;0.005
11342.8;0.014
11343.3;0.014
11343.8;0.018
11344.3;0.014
11344.8;0.018
11345.3;0.017
11345.8;0.04
11346.3;0.03
11346.8;0.0
11347.3;0.022
11347.8;0.036
11348.3;0.023
11348.8;0.026
11349.3;0.015
11349.8;0.027
11350.3;0.042
11350.8;0.032
11351.3;0.038
11351.8;0.01
11352.3;0.017
11352.8;0.03
11353.3;0.014
11353.8;0.006
11354.3;0.016
11354.8;0.029
11355.3;0.023
11355.8;0.014
11356.3;0.008
11356.8;0.028
11357.3;0.02
11357.8;0.011
11358.3;0.016
11358.8;0.009
11359.3;0.007
11359.8;0.011
11360.3;0.017
11360.8;0.008
11361.3;0.024
11361.8;0.019
11362.3;0.027
11362.8;0.022
11363.3;0.004
11363.8;0.013
11364.3;0.011
11364.8;0.019
11365.3;0.009
11365.8;0.023
11366.3;0.023
11366.8;0.016
11367.3;0.036
11367.8;0.021
11368.3;0.003
11368.8;0.007
11369.3;0.015
11369.8;0.027
11370.3;0.032
11370.8;0.019
11371.3;0.022
11371.8;0.025
11372.3;0.016
11372.8;0.015
11373.3;0.015
11373.8;0.002
11374.3;0.01
11374.8;0.031
11375.3;0.025
11375.8;0.018
11376.3;0.022
11376.8;0.031
11377.3;0.023
11377.8;0.013
11378.3;0.021
11378.8;0.013
11379.3;0.039
11379.8;0.017
11380.3;0.035
11380.8;0.037
11381.3;0.019
11381.8;0.012
11382.3;0.016
11382.8;0.009
11383.3;0.009
11383.8;0.035
11384.3;0.022
11384.8;0.038
11385.3;0.007
11385.8;0.02
11386.3;0.009
11386.8;0.026
11387.3;0.015
11387.8;0.022
11388.3;0.025
11388.8;0.024
11389.3;0.034
11389.8;0.017
11390.3;0.016
11390.8;0.006
11391.3;0.016
11391.8;0.007
11392.3;0.017
11392.8;0.024
11393.3;0.024
11393.8;0.013
11394.3;0.027
11394.8;0.003
11395.3;0.011
11395.8;0.006
11396.3;0.025
11396.8;0.026
11397.3;0.029
11397.8;0.012
11398.3;0.037
11398.8;0.016
11399.3;0.017
11399.8;0.03
11400.3;0.022
11400.8;0.019
11401.3;0.033
11401.8;0.019
11402.3;0.046
11402.8;0.006
11403.3;0.017
11403.8;0.05
11404.3;0.023
11404.8;0.058
11405.3;0.022
11405.8;0.098
11406.3;0.02
11406.8;0.04
11407.3;0.016
11407.8;0.023
11408.3;0.031
11408.8;0.007
11409.3;0.034
11409.8;0.019
11410.3;0.007
11410.8;0.039
11411.3;0.046
11411.8;0.043
11412.3;0.02
11412.8;0.04
11413.3;0.045
11413.8;0.038
11414.3;0.006
11414.8;0.02
11415.3;0.021
11415.8;0.024
11416.3;0.014
11416.8;0.018
11417.3;0.019
11417.8;0.013
11418.3;0.025
11418.8;0.006
11419.3;0.036
11419.8;0.026
11420.3;0.023
11420.8;0.023
11421.3;0.034
11421.8;0.019
11422.3;0.025
11422.8;0.019
11423.3;0.03
11423.8;0.033
11424.3;0.028
11424.8;0.016
11425.3;0.037
11425.8;0.02
11426.3;0.019
11426.8;0.019
11427.3;0.013
11427.8;0.025
11428.3;0.008
11428.8;0.023
11429.3;0.008
11429.8;0.029
11430.3;0.023
11430.8;0.028
11431.3;0.004
11431.8;0.019
11432.3;0.011
11432.8;0.017
11433.3;0.003
11433.8;0.019
11434.3;0.031
11434.8;0.021
11435.3;0.027
11435.8;0.018
11436.3;0.032
11436.8;0.018
11437.3;0.01
11437.8;0.042
11438.3;0.041
11438.8;0.006
11439.3;0.03
11439.8;0.03
11440.3;0.028
11440.8;0.025
11441.3;0.001
11441.8;0.014
11442.3;0.031
11442.8;0.03
11443.3;0.025
11443.8;0.022
11444.3;0.004
11444.8;0.024
11445.3;0.011
11445.8;0.013
11446.3;0.009
11446.8;0.02
11447.3;0.007
11447.8;0.019
11448.3;0.037
11448.8;0.018
11449.3;0.023
11449.8;0.004
11450.3;0.007
11450.8;0.011
11451.3;0.036
11451.8;0.007
11452.3;0.039
11452.8;0.032
11453.3;0.015
11453.8;0.026
11454.3;0.019
11454.8;0.01
11455.3;0.015
11455.8;0.012
11456.3;0.021
11456.8;0.044
11457.3;0.006
11457.8;0.025
11458.3;0.012
11458.8;0.03
11459.3;0.02
11459.8;0.02
11460.3;0.02
11460.8;0.005
11461.3;0.017
11461.8;0.028
11462.3;0.023
11462.8;0.029
11463.3;0.024
11463.8;0.002
11464.3;0.007
11464.8;0.005
11465.3;0.035
11465.8;0.03
11466.3;0.025
11466.8;0.027
11467.3;0.035
11467.8;0.008
11468.3;0.01
11468.8;0.024
11469.3;0.011
11469.8;0.023
11470.3;0.021
11470.8;0.028
11471.3;0.024
11471.8;0.018
11472.3;0.01
11472.8;0.023
11473.3;0.019
11473.8;0.027
11474.3;0.002
11474.8;0.009
11475.3;0.023
11475.8;0.024
11476.3;0.02
11476.8;0.02
11477.3;0.02
11477.8;0.013
11478.3;0.017
11478.8;0.021
11479.3;0.035
11479.8;0.016
11480.3;0.027
11480.8;0.022
11481.3;0.027
11481.8;0.021
11482.3;0.011
11482.8;0.01
11483.3;0.012
11483.8;0.02
11484.3;0.017
11484.8;0.016
11485.3;0.018
11485.8;0.02
11486.3;0.021
11486.8;0.033
11487.3;0.012
11487.8;0.02
11488.3;0.009
11488.8;0.027
11489.3;0.032
11489.8;0.023
11490.3;0.018
11490.8;0.027
11491.3;0.026
11491.8;0.005
11492.3;0.023
11492.8;0.018
11493.3;0.02
11493.8;0.028
11494.3;0.03
11494.8;0.024
11495.3;0.034
11495.8;0.012
11496.3;0.028
11496.8;0.009
11497.3;0.03
11497.8;0.029
11498.3;0.026
11498.8;0.015
11499.3;0.027
11499.8;0.021
11500.3;0.04
11500.8;0.043
11501.3;0.017
11501.8;0.027
11502.3;0.022
11502.8;0.043
11503.3;0.034
11503.8;0.044
11504.3;0.007
11504.8;0.015
11505.3;0.006
11505.8;0.031
11506.3;0.002
11506.8;0.026
11507.3;0.023
11507.8;0.025
11508.3;0.012
11508.8;0.027
11509.3;0.027
11509.8;0.026
11510.3;0.027
11510.8;0.017
11511.3;0.009
11511.8;0.015
11512.3;0.018
11512.8;0.004
11513.3;0.024
11513.8;0.013
11514.3;0.022
11514.8;0.023
11515.3;0.018
11515.8;0.006
11516.3;0.029
11516.8;0.018
11517.3;0.018
11517.8;0.017
11518.3;0.028
11518.8;0.012
11519.3;0.024
11519.8;0.021
11520.3;0.02
11520.8;0.01
11521.3;0.033
11521.8;0.015
11522.3;0.011
11522.8;0.016
11523.3;0.007
11523.8;0.023
11524.3;0.007
11524.8;0.03
11525.3;0.005
11525.8;0.028
11526.3;0.018
11526.8;0.043
11527.3;0.017
11527.8;0.027
11528.3;0.03
11528.8;0.008
11529.3;0.021
11529.8;0.023
11530.3;0.02
11530.8;0.019
11531.3;0.017
11531.8;0.027
11532.3;0.028
11532.8;0.011
11533.3;0.025
11533.8;0.032
11534.3;0.051
11534.8;0.026
11535.3;0.032
11535.8;0.023
11536.3;0.01
11536.8;0.008
11537.3;0.025
11537.8;0.017
11538.3;0.033
11538.8;0.048
11539.3;0.019
11539.8;0.016
11540.3;0.012
11540.8;0.03
11541.3;0.039
11541.8;0.015
11542.3;0.01
11542.8;0.033
11543.3;0.022
11543.8;0.025
11544.3;0.017
11544.8;0.021
11545.3;0.029
11545.8;0.019
11546.3;0.02
11546.8;0.007
11547.3;0.026
11547.8;0.022
11548.3;0.023
11548.8;0.01
11549.3;0.02
11549.8;0.03
11550.3;0.017
11550.8;0.02
11551.3;0.035
11551.8;0.037
11552.3;0.027
11552.8;0.034
11553.3;0.025
11553.8;0.022
11554.3;0.044
11554.8;0.026
11555.3;0.004
11555.8;0.035
11556.3;0.012
11556.8;0.023
11557.3;0.013
11557.8;0.024
11558.3;0.03
11558.8;0.008
11559.3;0.022
11559.8;0.02
11560.3;0.014
11560.8;0.003
11561.3;0.013
11561.8;0.023
11562.3;0.032
11562.8;0.034
11563.3;0.011
11563.8;0.007
11564.3;0.023
11564.8;0.012
11565.3;0.03
11565.8;0.023
11566.3;0.026
11566.8;0.024
11567.3;0.013
11567.8;0.029
11568.3;0.021
11568.8;0.019
11569.3;0.015
11569.8;0.015
11570.3;0.026
11570.8;0.036
11571.3;0.036
11571.8;0.024
11572.3;0.032
11572.8;0.01
11573.3;0.017
11573.8;0.006
11574.3;0.024
11574.8;0.02
11575.3;0.028
11575.8;0.008
11576.3;0.018
11576.8;0.015
11577.3;0.009
11577.8;0.009
11578.3;0.014
11578.8;0.009
11579.3;0.026
11579.8;0.018
11580.3;0.032
11580.8;0.05
11581.3;0.002
11581.8;0.008
11582.3;0.009
11582.8;0.038
11583.3;0.019
11583.8;0.051
11584.3;0.01
11584.8;0.028
11585.3;0.025
11585.8;0.024
11586.3;0.014
11586.8;0.025
11587.3;0.013
11587.8;0.022
11588.3;0.031
11588.8;0.017
11589.3;0.014
11589.8;0.01
11590.3;0.031
11590.8;0.015
11591.3;0.029
11591.8;0.017
11592.3;0.031
11592.8;0.008
11593.3;0.033
11593.8;0.025
11594.3;0.027
11594.8;0.027
11595.3;0.019
11595.8;0.017
11596.3;0.014
11596.8;0.018
11597.3;0.023
11597.8;0.034
11598.3;0.013
11598.8;0.016
11599.3;0.006
11599.8;0.029
11600.3;0.01
11600.8;0.034
11601.3;0.04
11601.8;0.019
11602.3;0.016
11602.8;0.025
11603.3;0.023
11603.8;0.027
11604.3;0.03
11604.8;0.015
11605.3;0.03
11605.8;0.024
11606.3;0.018
11606.8;0.012
11607.3;0.02
11607.8;0.023
11608.3;0.033
11608.8;0.026
11609.3;0.012
11609.8;0.027
11610.3;0.022
11610.8;0.039
11611.3;0.01
11611.8;0.028
11612.3;0.01
11612.8;0.025
11613.3;0.014
11613.8;0.021
11614.3;0.025
11614.8;0.029
11615.3;0.027
11615.8;0.017
11616.3;0.03
11616.8;0.021
11617.3;0.038
11617.8;0.018
11618.3;0.053
11618.8;0.021
11619.3;0.034
11619.8;0.016
11620.3;0.039
11620.8;0.022
11621.3;0.037
11621.8;0.017
11622.3;0.03
11622.8;0.037
11623.3;0.026
11623.8;0.04
11624.3;0.022
11624.8;0.04
11625.3;0.027
11625.8;0.046
11626.3;0.017
11626.8;0.056
11627.3;0.014
11627.8;0.043
11628.3;0.031
11628.8;0.036
11629.3;0.025
11629.8;0.029
11630.3;0.021
11630.8;0.031
11631.3;0.036
11631.8;0.023
11632.3;0.037
11632.8;0.021
11633.3;0.04
11633.8;0.009
11634.3;0.037
11634.8;0.015
11635.3;0.047
11635.8;0.02
11636.3;0.033
11636.8;0.008
11637.3;0.026
11637.8;0.013
11638.3;0.015
11638.8;0.021
11639.3;0.019
11639.8;0.034
11640.3;0.014
11640.8;0.03
11641.3;0.005
11641.8;0.032
11642.3;0.011
11642.8;0.031
11643.3;0.025
11643.8;0.031
11644.3;0.014
11644.8;0.018
11645.3;0.03
11645.8;0.013
11646.3;0.01
11646.8;0.014
11647.3;0.027
11647.8;0.011
11648.3;0.015
11648.8;0.009
11649.3;0.031
11649.8;0.014
11650.3;0.022
11650.8;0.018
11651.3;0.021
11651.8;0.022
11652.3;0.016
11652.8;0.03
11653.3;0.012
11653.8;0.028
11654.3;0.011
11654.8;0.035
11655.3;0.008
11655.8;0.02
11656.3;0.008
11656.8;0.028
11657.3;0.008
11657.8;0.031
11658.3;0.022
11658.8;0.035
11659.3;0.028
11659.8;0.017
11660.3;0.028
11660.8;0.019
11661.3;0.044
11661.8;0.022
11662.3;0.042
11662.8;0.027
11663.3;0.035
11663.8;0.011
11664.3;0.029
11664.8;0.016
11665.3;0.011
11665.8;0.03
11666.3;0.035
11666.8;0.033
11667.3;0.031
11667.8;0.022
11668.3;0.025
11668.8;0.026
11669.3;0.004
11669.8;0.026
11670.3;0.01
11670.8;0.019
11671.3;0.008
11671.8;0.026
11672.3;0.009
11672.8;0.014
11673.3;0.025
11673.8;0.013
11674.3;0.026
11674.8;0.012
11675.3;0.026
11675.8;0.009
11676.3;0.024
11676.8;0.002
11677.3;0.018
11677.8;0.029
11678.3;0.001
11678.8;0.033
11679.3;0.007
11679.8;0.032
11680.3;0.017
11680.8;0.03
11681.3;0.018
11681.8;0.043
11682.3;0.008
11682.8;0.038
11683.3;0.019
11683.8;0.032
11684.3;0.044
11684.8;0.016
11685.3;0.029
11685.8;0.028
11686.3;0.039
11686.8;0.026
11687.3;0.053
11687.8;0.01
11688.3;0.045
11688.8;0.02
11689.3;0.048
11689.8;0.022
11690.3;0.036
11690.8;0.008
11691.3;0.048
11691.8;0.033
11692.3;0.028
11692.8;0.029
11693.3;0.014
11693.8;0.034
11694.3;0.019
11694.8;0.031
11695.3;0.032
11695.8;0.035
11696.3;0.01
11696.8;0.043
11697.3;0.014
11697.8;0.038
11698.3;0.015
11698.8;0.018
11699.3;0.02
11699.8;0.026
11700.3;0.034
11700.8;0.023
11701.3;0.032
11701.8;0.014
11702.3;0.025
11702.8;0.01
11703.3;0.018
11703.8;0.003
11704.3;0.02
11704.8;0.026
11705.3;0.031
11705.8;0.038
11706.3;0.009
11706.8;0.025
11707.3;0.008
11707.8;0.02
11708.3;0.007
11708.8;0.03
11709.3;0.017
11709.8;0.036
11710.3;0.02
11710.8;0.021
11711.3;0.016
11711.8;0.018
11712.3;0.026
11712.8;0.026
11713.3;0.032
11713.8;0.016
11714.3;0.05
11714.8;0.013
11715.3;0.039
11715.8;0.017
11716.3;0.038
11716.8;0.013
11717.3;0.04
11717.8;0.017
11718.3;0.048
11718.8;0.033
11719.3;0.021
11719.8;0.042
11720.3;0.024
11720.8;0.025
11721.3;0.031
11721.8;0.033
11722.3;0.017
11722.8;0.038
11723.3;0.013
11723.8;0.043
11724.3;0.012
11724.8;0.025
11725.3;0.02
11725.8;0.041
11726.3;0.008
11726.8;0.028
11727.3;0.026
11727.8;0.021
11728.3;0.032
11728.8;0.01
11729.3;0.019
11729.8;0.011
11730.3;0.019
11730.8;0.022
11731.3;0.024
11731.8;0.021
11732.3;0.02
11732.8;0.032
11733.3;0.014
11733.8;0.02
11734.3;0.013
11734.8;0.032
11735.3;0.004
11735.8;0.029
11736.3;0.026
11736.8;0.03
11737.3;0.019
11737.8;0.03
11738.3;0.021
11738.8;0.025
11739.3;0.028
11739.8;0.007
11740.3;0.037
11740.8;0.013
11741.3;0.043
11741.8;0.025
11742.3;0.049
11742.8;0.022
11743.3;0.043
11743.8;0.026
11744.3;0.056
11744.8;0.045
11745.3;0.035
11745.8;0.043
11746.3;0.037
11746.8;0.061
11747.3;0.05
11747.8;0.073
11748.3;0.052
11748.8;0.081
11749.3;0.058
11749.8;0.085
11750.3;0.063
11750.8;0.074
11751.3;0.042
11751.8;0.072
11752.3;0.062
11752.8;0.089
11753.3;0.083
11753.8;0.084
11754.3;0.083
11754.8;0.079
11755.3;0.072
11755.8;0.068
11756.3;0.085
11756.8;0.071
11757.3;0.085
11757.8;0.065
11758.3;0.085
11758.8;0.055
11759.3;0.09
11759.8;0.053
11760.3;0.08
11760.8;0.068
11761.3;0.075
11761.8;0.077
11762.3;0.073
11762.8;0.064
11763.3;0.053
11763.8;0.073
11764.3;0.047
11764.8;0.097
11765.3;0.052
11765.8;0.091
11766.3;0.058
11766.8;0.089
11767.3;0.056
11767.8;0.074
11768.3;0.069
11768.8;0.078
11769.3;0.087
11769.8;0.073
11770.3;0.084
11770.8;0.076
11771.3;0.094
11771.8;0.076
11772.3;0.09
11772.8;0.07
11773.3;0.084
11773.8;0.068
11774.3;0.085
11774.8;0.055
11775.3;0.073
11775.8;0.057
11776.3;0.062
11776.8;0.053
11777.3;0.063
11777.8;0.041
11778.3;0.055
11778.8;0.037
11779.3;0.044
11779.8;0.055
11780.3;0.028
11780.8;0.052
11781.3;0.029
11781.8;0.048
11782.3;0.024
11782.8;0.049
11783.3;0.023
11783.8;0.057
11784.3;0.026
11784.8;0.049
11785.3;0.03
11785.8;0.035
11786.3;0.042
11786.8;0.032
11787.3;0.033
11787.8;0.02
11788.3;0.039
11788.8;0.026
11789.3;0.045
11789.8;0.003
11790.3;0.036
11790.8;0.009
11791.3;0.024
11791.8;0.019
11792.3;0.037
11792.8;0.011
11793.3;0.043
11793.8;0.003
11794.3;0.04
11794.8;0.021
11795.3;0.043
11795.8;0.007
11796.3;0.029
11796.8;0.008
11797.3;0.033
11797.8;0.017
11798.3;0.042
11798.8;0.018
11799.3;0.036
11799.8;0.027
11800.3;0.026
11800.8;0.029
11801.3;0.011
11801.8;0.023
11802.3;0.024
11802.8;0.024
11803.3;0.024
11803.8;0.026
11804.3;0.02
11804.8;0.028
11805.3;0.024
11805.8;0.013
11806.3;0.006
11806.8;0.012
11807.3;0.025
11807.8;0.019
11808.3;0.022
11808.8;0.025
11809.3;0.02
11809.8;0.036
11810.3;0.007
11810.8;0.033
11811.3;0.018
11811.8;0.042
11812.3;0.033
11812.8;0.054
11813.3;0.031
11813.8;0.065
11814.3;0.034
11814.8;0.057
11815.3;0.059
11815.8;0.074
11816.3;0.061
11816.8;0.07
11817.3;0.043
11817.8;0.072
11818.3;0.048
11818.8;0.068
11819.3;0.066
11819.8;0.052
11820.3;0.052
11820.8;0.04
11821.3;0.057
11821.8;0.027
11822.3;0.065
11822.8;0.042
11823.3;0.077
11823.8;0.042
11824.3;0.066
11824.8;0.052
11825.3;0.058
11825.8;0.045
11826.3;0.067
11826.8;0.049
11827.3;0.03
11827.8;0.066
11828.3;0.038
11828.8;0.051
11829.3;0.027
11829.8;0.068
11830.3;0.053
11830.8;0.075
11831.3;0.056
11831.8;0.073
11832.3;0.033
11832.8;0.07
11833.3;0.067
11833.8;0.08
11834.3;0.07
11834.8;0.059
11835.3;0.08
11835.8;0.064
11836.3;0.116
11836.8;0.097
11837.3;0.142
11837.8;0.117
11838.3;0.146
11838.8;0.135
11839.3;0.168
11839.8;0.151
11840.3;0.184
11840.8;0.165
11841.3;0.169
11841.8;0.137
11842.3;0.157
11842.8;0.161
11843.3;0.137
11843.8;0.118
11844.3;0.114
11844.8;0.108
11845.3;0.094
11845.8;0.093
11846.3;0.056
11846.8;0.061
11847.3;0.034
11847.8;0.045
11848.3;0.039
11848.8;0.059
11849.3;0.026
11849.8;0.051
11850.3;0.038
11850.8;0.03
11851.3;0.048
11851.8;0.038
11852.3;0.079
11852.8;0.073
11853.3;0.106
11853.8;0.083
11854.3;0.108
11854.8;0.084
11855.3;0.12
11855.8;0.083
11856.3;0.086
11856.8;0.075
11857.3;0.082
11857.8;0.053
11858.3;0.06
11858.8;0.025
11859.3;0.058
11859.8;0.011
11860.3;0.048
11860.8;0.012
11861.3;0.029
11861.8;0.018
11862.3;0.01
11862.8;0.03
11863.3;0.027
11863.8;0.02
11864.3;0.032
11864.8;0.034
11865.3;0.049
11865.8;0.027
11866.3;0.033
11866.8;0.024
11867.3;0.04
11867.8;0.008
11868.3;0.047
11868.8;0.018
11869.3;0.042
11869.8;0.013
11870.3;0.033
11870.8;0.013
11871.3;0.014
11871.8;0.008
11872.3;0.015
11872.8;0.026
11873.3;0.016
11873.8;0.042
11874.3;0.025
11874.8;0.054
11875.3;0.02
11875.8;0.048
11876.3;0.029
11876.8;0.034
11877.3;0.021
11877.8;0.032
11878.3;0.015
11878.8;0.027
11879.3;0.018
11879.8;0.005
11880.3;0.017
11880.8;0.009
11881.3;0.029
11881.8;0.015
11882.3;0.031
11882.8;0.014
11883.3;0.023
11883.8;0.019
11884.3;0.016
11884.8;0.003
11885.3;0.021
11885.8;0.033
11886.3;0.005
11886.8;0.025
11887.3;0.009
11887.8;0.039
11888.3;0.019
11888.8;0.028
11889.3;0.006
11889.8;0.034
11890.3;0.01
11890.8;0.007
11891.3;0.008
11891.8;0.031
11892.3;0.05
11892.8;0.022
11893.3;0.027
11893.8;0.004
11894.3;0.034
11894.8;0.011
11895.3;0.032
11895.8;0.023
11896.3;0.031
11896.8;0.032
11897.3;0.017
11897.8;0.02
11898.3;0.02
11898.8;0.024
11899.3;0.022
11899.8;0.01
11900.3;0.024
11900.8;0.032
11901.3;0.014
11901.8;0.019
11902.3;0.013
11902.8;0.007
11903.3;0.029
11903.8;0.033
11904.3;0.007
11904.8;0.029
11905.3;0.024
11905.8;0.042
11906.3;0.022
11906.8;0.019
11907.3;0.032
11907.8;0.023
11908.3;0.036
11908.8;0.017
11909.3;0.031
11909.8;0.013
11910.3;0.018
11910.8;0.01
11911.3;0.021
11911.8;0.018
11912.3;0.005
11912.8;0.019
11913.3;0.014
11913.8;0.023
11914.3;0.006
11914.8;0.015
11915.3;0.014
11915.8;0.02
11916.3;0.004
11916.8;0.022
11917.3;0.019
11917.8;0.012
11918.3;0.012
11918.8;0.015
11919.3;0.039
11919.8;0.019
11920.3;0.028
11920.8;0.028
11921.3;0.011
11921.8;0.019
11922.3;0.022
11922.8;0.01
11923.3;0.022
11923.8;0.004
11924.3;0.017
11924.8;0.004
11925.3;0.012
11925.8;0.015
11926.3;0.021
11926.8;0.021
11927.3;0.015
11927.8;0.033
11928.3;0.021
11928.8;0.02
11929.3;0.007
11929.8;0.04
11930.3;0.012
11930.8;0.012
11931.3;0.022
11931.8;0.021
11932.3;0.022
11932.8;0.015
11933.3;0.029
11933.8;0.004
11934.3;0.019
11934.8;0.014
11935.3;0.027
11935.8;0.004
11936.3;0.028
11936.8;0.003
11937.3;0.027
11937.8;0.008
11938.3;0.022
11938.8;0.014
11939.3;0.016
11939.8;0.015
11940.3;0.014
11940.8;0.015
11941.3;0.024
11941.8;0.011
11942.3;0.025
11942.8;0.011
11943.3;0.015
11943.8;0.03
11944.3;0.008
11944.8;0.017
11945.3;0.031
11945.8;0.02
11946.3;0.014
11946.8;0.032
11947.3;0.014
11947.8;0.011
11948.3;0.031
11948.8;0.023
11949.3;0.011
11949.8;0.031
11950.3;0.016
11950.8;0.015
11951.3;0.027
11951.8;0.042
11952.3;0.014
11952.8;0.026
11953.3;0.005
11953.8;0.03
11954.3;0.02
11954.8;0.034
11955.3;0.017
11955.8;0.028
11956.3;0.004
11956.8;0.04
11957.3;0.02
11957.8;0.034
11958.3;0.023
11958.8;0.043
11959.3;0.021
11959.8;0.034
11960.3;0.018
11960.8;0.042
11961.3;0.027
11961.8;0.016
11962.3;0.014
11962.8;0.023
11963.3;0.048
11963.8;0.025
11964.3;0.026
11964.8;0.024
11965.3;0.024
11965.8;0.008
11966.3;0.038
11966.8;0.026
11967.3;0.035
11967.8;0.008
11968.3;0.032
11968.8;0.014
11969.3;0.028
11969.8;0.01
11970.3;0.02
11970.8;0.007
11971.3;0.027
11971.8;0.015
11972.3;0.03
11972.8;0.016
11973.3;0.035
11973.8;0.011
11974.3;0.024
11974.8;0.009
11975.3;0.012
11975.8;0.016
11976.3;0.03
11976.8;0.006
11977.3;0.033
11977.8;0.004
11978.3;0.01
11978.8;0.024
11979.3;0.01
11979.8;0.035
11980.3;0.013
11980.8;0.018
11981.3;0.021
11981.8;0.031
11982.3;0.023
11982.8;0.015
11983.3;0.034
11983.8;0.045
11984.3;0.013
11984.8;0.032
11985.3;0.019
11985.8;0.025
11986.3;0.013
11986.8;0.036
11987.3;0.035
11987.8;0.018
11988.3;0.027
11988.8;0.017
11989.3;0.024
11989.8;0.014
11990.3;0.012
11990.8;0.016
11991.3;0.029
11991.8;0.003
11992.3;0.005
11992.8;0.022
11993.3;0.018
11993.8;0.034
11994.3;0.017
11994.8;0.068
11995.3;0.041
11995.8;0.075
11996.3;0.024
11996.8;0.055
11997.3;0.048
11997.8;0.039
11998.3;0.034
11998.8;0.028
11999.3;0.026
11999.8;0.021
12000.3;0.028
12000.8;0.006
12001.3;0.016
12001.8;0.019
12002.3;0.033
12002.8;0.008
12003.3;0.016
12003.8;0.006
12004.3;0.027
12004.8;0.026
12005.3;0.017
12005.8;0.017
12006.3;0.02
12006.8;0.022
12007.3;0.004
12007.8;0.042
12008.3;0.029
12008.8;0.027
12009.3;0.011
12009.8;0.028
12010.3;0.015
12010.8;0.013
12011.3;0.012
12011.8;0.004
12012.3;0.005
12012.8;0.031
12013.3;0.028
12013.8;0.024
12014.3;0.01
12014.8;0.009
12015.3;0.018
12015.8;0.016
12016.3;0.021
12016.8;0.004
12017.3;0.03
12017.8;0.017
12018.3;0.041
12018.8;0.014
12019.3;0.018
12019.8;0.013
12020.3;0.03
12020.8;0.024
12021.3;0.021
12021.8;0.011
12022.3;0.002
12022.8;0.029
12023.3;0.017
12023.8;0.035
12024.3;0.018
12024.8;0.012
12025.3;0.014
12025.8;0.024
12026.3;0.018
12026.8;0.025
12027.3;0.018
12027.8;0.019
12028.3;0.024
12028.8;0.015
12029.3;0.044
12029.8;0.017
12030.3;0.022
12030.8;0.014
12031.3;0.023
12031.8;0.02
12032.3;0.012
12032.8;0.014
12033.3;0.021
12033.8;0.036
12034.3;0.018
12034.8;0.014
12035.3;0.016
12035.8;0.02
12036.3;0.014
12036.8;0.025
12037.3;0.014
12037.8;0.04
12038.3;0.005
12038.8;0.024
12039.3;0.011
12039.8;0.019
12040.3;0.012
12040.8;0.027
12041.3;0.01
12041.8;0.007
12042.3;0.01
12042.8;0.03
12043.3;0.013
12043.8;0.019
12044.3;0.018
12044.8;0.01
12045.3;0.019
12045.8;0.033
12046.3;0.026
12046.8;0.027
12047.3;0.031
12047.8;0.016
12048.3;0.019
12048.8;0.019
12049.3;0.033
12049.8;0.01
12050.3;0.011
12050.8;0.04
12051.3;0.046
12051.8;0.052
12052.3;0.016
12052.8;0.009
12053.3;0.013
12053.8;0.03
12054.3;0.022
12054.8;0.028
12055.3;0.014
12055.8;0.024
12056.3;0.021
12056.8;0.033
12057.3;0.016
12057.8;0.016
12058.3;0.048
12058.8;0.03
12059.3;0.028
12059.8;0.028
12060.3;0.039
12060.8;0.012
12061.3;0.027
12061.8;0.013
12062.3;0.031
12062.8;0.022
12063.3;0.035
12063.8;0.017
12064.3;0.016
12064.8;0.012
12065.3;0.011
12065.8;0.013
12066.3;0.022
12066.8;0.017
12067.3;0.016
12067.8;0.017
12068.3;0.041
12068.8;0.019
12069.3;0.031
12069.8;0.026
12070.3;0.026
12070.8;0.025
12071.3;0.04
12071.8;0.018
12072.3;0.022
12072.8;0.009
12073.3;0.04
12073.8;0.026
12074.3;0.02
12074.8;0.011
12075.3;0.028
12075.8;0.003
12076.3;0.02
12076.8;0.007
12077.3;0.033
12077.8;0.022
12078.3;0.019
12078.8;0.011
12079.3;0.018
12079.8;0.027
12080.3;0.009
12080.8;0.039
12081.3;0.033
12081.8;0.027
12082.3;0.036
12082.8;0.032
12083.3;0.046
12083.8;0.008
12084.3;0.058
12084.8;0.014
12085.3;0.027
12085.8;0.02
12086.3;0.045
12086.8;0.03
12087.3;0.046
12087.8;0.051
12088.3;0.042
12088.8;0.034
12089.3;0.036
12089.8;0.011
12090.3;0.038
12090.8;0.038
12091.3;0.005
12091.8;0.031
12092.3;0.015
12092.8;0.05
12093.3;0.036
12093.8;0.062
12094.3;0.008
12094.8;0.036
12095.3;0.038
12095.8;0.051
12096.3;0.014
12096.8;0.051
12097.3;0.029
12097.8;0.033
12098.3;0.031
12098.8;0.041
12099.3;0.045
12099.8;0.013
12100.3;0.033
12100.8;0.02
12101.3;0.024
12101.8;0.02
12102.3;0.036
12102.8;0.018
12103.3;0.031
12103.8;0.029
12104.3;0.039
12104.8;0.031
12105.3;0.032
12105.8;0.019
12106.3;0.03
12106.8;0.036
12107.3;0.025
12107.8;0.029
12108.3;0.032
12108.8;0.019
12109.3;0.033
12109.8;0.052
12110.3;0.023
12110.8;0.039
12111.3;0.014
12111.8;0.011
12112.3;0.017
12112.8;0.028
12113.3;0.011
12113.8;0.032
12114.3;0.009
12114.8;0.015
12115.3;0.016
12115.8;0.016
12116.3;0.031
12116.8;0.032
12117.3;0.022
12117.8;0.011
12118.3;0.035
12118.8;0.024
12119.3;0.026
12119.8;0.021
12120.3;0.028
12120.8;0.022
12121.3;0.013
12121.8;0.035
12122.3;0.02
12122.8;0.012
12123.3;0.013
12123.8;0.031
12124.3;0.008
12124.8;0.016
12125.3;0.026
12125.8;0.009
12126.3;0.024
12126.8;0.025
12127.3;0.015
12127.8;0.033
12128.3;0.022
12128.8;0.033
12129.3;0.035
12129.8;0.025
12130.3;0.015
12130.8;0.004
12131.3;0.008
12131.8;0.029
12132.3;0.033
12132.8;0.025
12133.3;0.023
12133.8;0.009
12134.3;0.005
12134.8;0.004
12135.3;0.011
12135.8;0.032
12136.3;0.013
12136.8;0.013
12137.3;0.018
12137.8;0.025
12138.3;0.027
12138.8;0.02
12139.3;0.021
12139.8;0.005
12140.3;0.007
12140.8;0.032
12141.3;0.023
12141.8;0.02
12142.3;0.031
12142.8;0.021
12143.3;0.014
12143.8;0.007
12144.3;0.013
12144.8;0.011
12145.3;0.022
12145.8;0.025
12146.3;0.036
12146.8;0.033
12147.3;0.025
12147.8;0.028
12148.3;0.008
12148.8;0.016
12149.3;0.01
12149.8;0.009
12150.3;0.009
12150.8;0.018
12151.3;0.025
12151.8;0.033
12152.3;0.017
12152.8;0.031
12153.3;0.02
12153.8;0.02
12154.3;0.022
12154.8;0.02
12155.3;0.032
12155.8;0.013
12156.3;0.024
12156.8;0.009
12157.3;0.029
12157.8;0.023
12158.3;0.028
12158.8;0.008
12159.3;0.023
12159.8;0.01
12160.3;0.036
12160.8;0.016
12161.3;0.015
12161.8;0.011
12162.3;0.01
12162.8;0.012
12163.3;0.011
12163.8;0.028
12164.3;0.016
12164.8;0.02
12165.3;0.015
12165.8;0.022
12166.3;0.033
12166.8;0.013
12167.3;0.014
12167.8;0.014
12168.3;0.0
12168.8;0.03
12169.3;0.028
12169.8;0.005
12170.3;0.03
12170.8;0.008
12171.3;0.034
12171.8;0.002
12172.3;0.01
12172.8;0.022
12173.3;0.026
12173.8;0.014
12174.3;0.038
12174.8;0.024
12175.3;0.009
12175.8;0.013
12176.3;0.006
12176.8;0.023
12177.3;0.014
12177.8;0.029
12178.3;0.02
12178.8;0.029
12179.3;0.013
12179.8;0.022
12180.3;0.023
12180.8;0.011
12181.3;0.001
12181.8;0.031
12182.3;0.01
12182.8;0.03
12183.3;0.039
12183.8;0.021
12184.3;0.026
12184.8;0.017
12185.3;0.02
12185.8;0.012
12186.3;0.017
12186.8;0.006
12187.3;0.022
12187.8;0.025
12188.3;0.031
12188.8;0.028
12189.3;0.032
12189.8;0.008
12190.3;0.023
12190.8;0.015
12191.3;0.011
12191.8;0.028
12192.3;0.015
12192.8;0.016
12193.3;0.01
12193.8;0.023
12194.3;0.011
12194.8;0.028
12195.3;0.024
12195.8;0.04
12196.3;0.028
12196.8;0.014
12197.3;0.022
12197.8;0.011
12198.3;0.022
12198.8;0.012
12199.3;0.037
12199.8;0.009
12200.3;0.024
12200.8;0.006
12201.3;0.018
12201.8;0.03
12202.3;0.021
12202.8;0.017
12203.3;0.022
12203.8;0.021
12204.3;0.027
12204.8;0.04
12205.3;0.017
12205.8;0.022
12206.3;0.015
12206.8;0.03
12207.3;0.028
12207.8;0.019
12208.3;0.007
12208.8;0.013
12209.3;0.025
12209.8;0.02
12210.3;0.02
12210.8;0.008
12211.3;0.024
12211.8;0.02
12212.3;0.041
12212.8;0.028
12213.3;0.036
12213.8;0.004
12214.3;0.025
12214.8;0.009
12215.3;0.025
12215.8;0.013
12216.3;0.012
12216.8;0.02
12217.3;0.013
12217.8;0.034
12218.3;0.011
12218.8;0.032
12219.3;0.015
12219.8;0.016
12220.3;0.013
12220.8;0.022
12221.3;0.009
12221.8;0.032
12222.3;0.013
12222.8;0.027
12223.3;0.014
12223.8;0.033
12224.3;0.014
12224.8;0.027
12225.3;0.016
12225.8;0.043
12226.3;0.06
12226.8;0.035
12227.3;0.027
12227.8;0.05
12228.3;0.041
12228.8;0.023
12229.3;0.037
12229.8;0.022
12230.3;0.027
12230.8;0.011
12231.3;0.006
12231.8;0.007
12232.3;0.02
12232.8;0.02
12233.3;0.008
12233.8;0.028
12234.3;0.017
12234.8;0.026
12235.3;0.008
12235.8;0.021
12236.3;0.013
12236.8;0.02
12237.3;0.011
12237.8;0.025
12238.3;0.012
12238.8;0.021
12239.3;0.014
12239.8;0.004
12240.3;0.025
12240.8;0.008
12241.3;0.032
12241.8;0.009
12242.3;0.024
12242.8;0.008
12243.3;0.032
12243.8;0.024
12244.3;0.018
12244.8;0.021
12245.3;0.017
12245.8;0.02
12246.3;0.025
12246.8;0.02
12247.3;0.004
12247.8;0.011
12248.3;0.024
12248.8;0.021
12249.3;0.027
12249.8;0.027
12250.3;0.015
12250.8;0.024
12251.3;0.018
12251.8;0.032
12252.3;0.02
12252.8;0.008
12253.3;0.014
12253.8;0.006
12254.3;0.026
12254.8;0.017
12255.3;0.021
12255.8;0.006
12256.3;0.024
12256.8;0.009
12257.3;0.017
12257.8;0.015
12258.3;0.011
12258.8;0.013
12259.3;0.028
12259.8;0.015
12260.3;0.019
12260.8;0.031
12261.3;0.008
12261.8;0.028
12262.3;0.013
12262.8;0.009
12263.3;0.012
12263.8;0.022
12264.3;0.014
12264.8;0.023
12265.3;0.024
12265.8;0.007
12266.3;0.032
12266.8;0.009
12267.3;0.011
12267.8;0.015
12268.3;0.024
12268.8;0.012
12269.3;0.03
12269.8;0.02
12270.3;0.02
12270.8;0.044
12271.3;0.021
12271.8;0.001
12272.3;0.013
12272.8;0.011
12273.3;0.02
12273.8;0.031
12274.3;0.018
12274.8;0.027
12275.3;0.017
12275.8;0.023
12276.3;0.016
12276.8;0.017
12277.3;0.013
12277.8;0.022
12278.3;0.014
12278.8;0.019
12279.3;0.029
12279.8;0.014
12280.3;0.014
12280.8;0.012
12281.3;0.015
12281.8;0.011
12282.3;0.016
12282.8;0.008
12283.3;0.018
12283.8;0.021
12284.3;0.019
12284.8;0.013
12285.3;0.01
12285.8;0.005
12286.3;0.018
12286.8;0.01
12287.3;0.004
12287.8;0.024
12288.3;0.018
12288.8;0.021
12289.3;0.012
12289.8;0.023
12290.3;0.001
12290.8;0.024
12291.3;0.002
12291.8;0.037
12292.3;0.016
12292.8;0.028
12293.3;0.013
12293.8;0.008
12294.3;0.012
12294.8;0.015
12295.3;0.01
12295.8;0.019
12296.3;0.027
12296.8;0.014
12297.3;0.031
12297.8;0.007
12298.3;0.014
12298.8;0.022
12299.3;0.021
12299.8;0.013
12300.3;0.034
12300.8;0.016
12301.3;0.018
12301.8;0.02
12302.3;0.016
12302.8;0.019
12303.3;0.013
12303.8;0.016
12304.3;0.014
12304.8;0.015
12305.3;0.027
12305.8;0.015
12306.3;0.027
12306.8;0.015
12307.3;0.012
12307.8;0.002
12308.3;0.04
12308.8;0.02
12309.3;0.016
12309.8;0.033
12310.3;0.01
12310.8;0.025
12311.3;0.023
12311.8;0.012
12312.3;0.002
12312.8;0.037
12313.3;0.013
12313.8;0.03
12314.3;0.031
12314.8;0.03
12315.3;0.011
12315.8;0.03
12316.3;0.005
12316.8;0.016
12317.3;0.025
12317.8;0.016
12318.3;0.006
12318.8;0.007
12319.3;0.012
12319.8;0.014
12320.3;0.017
12320.8;0.021
12321.3;0.032
12321.8;0.015
12322.3;0.036
12322.8;0.003
12323.3;0.03
12323.8;0.002
12324.3;0.032
12324.8;0.007
12325.3;0.043
12325.8;0.011
12326.3;0.039
12326.8;0.047
12327.3;0.023
12327.8;0.032
12328.3;0.019
12328.8;0.022
12329.3;0.026
12329.8;0.015
12330.3;0.018
12330.8;0.011
12331.3;0.006
12331.8;0.021
12332.3;0.015
12332.8;0.022
12333.3;0.005
12333.8;0.016
12334.3;0.029
12334.8;0.024
12335.3;0.022
12335.8;0.006
12336.3;0.018
12336.8;0.021
12337.3;0.043
12337.8;0.015
12338.3;0.017
12338.8;0.012
12339.3;0.009
12339.8;0.009
12340.3;0.012
12340.8;0.017
12341.3;0.003
12341.8;0.007
12342.3;0.018
12342.8;0.023
12343.3;0.012
12343.8;0.004
12344.3;0.011
12344.8;0.014
12345.3;0.018
12345.8;0.021
12346.3;0.015
12346.8;0.022
12347.3;0.022
12347.8;0.031
12348.3;0.01
12348.8;0.018
12349.3;0.013
12349.8;0.009
12350.3;0.011
12350.8;0.022
12351.3;0.036
12351.8;0.01
12352.3;0.017
12352.8;0.022
12353.3;0.007
12353.8;0.008
12354.3;0.014
12354.8;0.027
12355.3;0.025
12355.8;0.03
12356.3;0.031
12356.8;0.016
12357.3;0.008
12357.8;0.027
12358.3;0.023
12358.8;0.025
12359.3;0.01
12359.8;0.014
12360.3;0.015
12360.8;0.018
12361.3;0.007
12361.8;0.021
12362.3;0.029
12362.8;0.019
12363.3;0.027
12363.8;0.013
12364.3;0.015
12364.8;0.009
12365.3;0.021
12365.8;0.027
12366.3;0.027
12366.8;0.024
12367.3;0.029
12367.8;0.01
12368.3;0.028
12368.8;0.004
12369.3;0.019
12369.8;0.015
12370.3;0.016
12370.8;0.019
12371.3;0.032
12371.8;0.009
12372.3;0.044
12372.8;0.029
12373.3;0.016
12373.8;0.016
12374.3;0.011
12374.8;0.008
12375.3;0.018
12375.8;0.023
12376.3;0.029
12376.8;0.018
12377.3;0.02
12377.8;0.008
12378.3;0.018
12378.8;0.014
12379.3;0.018
12379.8;0.017
12380.3;0.03
12380.8;0.04
12381.3;0.009
12381.8;0.016
12382.3;0.02
12382.8;0.014
12383.3;0.013
12383.8;0.028
12384.3;0.032
12384.8;0.027
12385.3;0.018
12385.8;0.028
12386.3;0.005
12386.8;0.015
12387.3;0.021
12387.8;0.019
12388.3;0.028
12388.8;0.032
12389.3;0.03
12389.8;0.028
12390.3;0.008
12390.8;0.014
12391.3;0.021
12391.8;0.005
12392.3;0.025
12392.8;0.007
12393.3;0.015
12393.8;0.02
12394.3;0.028
12394.8;0.031
12395.3;0.012
12395.8;0.008
12396.3;0.008
12396.8;0.005
12397.3;0.014
12397.8;0.03
12398.3;0.024
12398.8;0.029
12399.3;0.029
12399.8;0.011
12400.3;0.008
12400.8;0.007
12401.3;0.009
12401.8;0.018
12402.3;0.035
12402.8;0.019
12403.3;0.035
12403.8;0.012
12404.3;0.014
12404.8;0.002
12405.3;0.014
12405.8;0.009
12406.3;0.012
12406.8;0.024
12407.3;0.022
12407.8;0.03
12408.3;0.019
12408.8;0.014
12409.3;0.007
12409.8;0.008
12410.3;0.009
12410.8;0.03
12411.3;0.011
12411.8;0.038
12412.3;0.016
12412.8;0.029
12413.3;0.01
12413.8;0.008
12414.3;0.015
12414.8;0.003
12415.3;0.019
12415.8;0.027
12416.3;0.025
12416.8;0.018
12417.3;0.038
12417.8;0.007
12418.3;0.022
12418.8;0.014
12419.3;0.017
12419.8;0.009
12420.3;0.018
12420.8;0.018
12421.3;0.027
12421.8;0.013
12422.3;0.012
12422.8;0.017
12423.3;0.004
12423.8;0.028
12424.3;0.025
12424.8;0.02
12425.3;0.022
12425.8;0.006
12426.3;0.034
12426.8;0.024
12427.3;0.013
12427.8;0.03
12428.3;0.012
12428.8;0.021
12429.3;0.01
12429.8;0.002
12430.3;0.013
12430.8;0.016
12431.3;0.05
12431.8;0.008
12432.3;0.016
12432.8;0.016
12433.3;0.027
12433.8;0.02
12434.3;0.036
12434.8;0.028
12435.3;0.017
12435.8;0.02
12436.3;0.025
12436.8;0.003
12437.3;0.029
12437.8;0.008
12438.3;0.029
12438.8;0.018
12439.3;0.023
12439.8;0.027
12440.3;0.014
12440.8;0.015
12441.3;0.018
12441.8;0.048
12442.3;0.025
12442.8;0.028
12443.3;0.011
12443.8;0.016
12444.3;0.005
12444.8;0.031
12445.3;0.021
12445.8;0.01
12446.3;0.009
12446.8;0.026
12447.3;0.022
12447.8;0.03
12448.3;0.03
12448.8;0.001
12449.3;0.022
12449.8;0.012
12450.3;0.016
12450.8;0.011
12451.3;0.027
12451.8;0.023
12452.3;0.015
12452.8;0.02
12453.3;0.019
12453.8;0.006
12454.3;0.017
12454.8;0.012
12455.3;0.02
12455.8;0.009
12456.3;0.02
12456.8;0.012
12457.3;0.038
12457.8;0.03
12458.3;0.013
12458.8;0.014
12459.3;0.007
12459.8;0.013
12460.3;0.015
12460.8;0.029
12461.3;0.028
12461.8;0.025
12462.3;0.022
12462.8;0.022
12463.3;0.006
12463.8;0.037
12464.3;0.03
12464.8;0.039
12465.3;0.018
12465.8;0.018
12466.3;0.022
12466.8;0.009
12467.3;0.01
12467.8;0.007
12468.3;0.028
12468.8;0.016
12469.3;0.015
12469.8;0.023
12470.3;0.019
12470.8;0.007
12471.3;0.016
12471.8;0.012
12472.3;0.017
12472.8;0.015
12473.3;0.02
12473.8;0.006
12474.3;0.023
12474.8;0.022
12475.3;0.027
12475.8;0.037
12476.3;0.008
12476.8;0.012
12477.3;0.024
12477.8;0.025
12478.3;0.011
12478.8;0.038
12479.3;0.004
12479.8;0.02
12480.3;0.005
12480.8;0.01
12481.3;0.005
12481.8;0.023
12482.3;0.022
12482.8;0.041
12483.3;0.033
12483.8;0.013
12484.3;0.01
12484.8;0.036
12485.3;0.027
12485.8;0.052
12486.3;0.025
12486.8;0.035
12487.3;0.024
12487.8;0.036
12488.3;0.014
12488.8;0.063
12489.3;0.065
12489.8;0.056
12490.3;0.049
12490.8;0.048
12491.3;0.021
12491.8;0.018
12492.3;0.023
12492.8;0.043
12493.3;0.021
12493.8;0.018
12494.3;0.011
12494.8;0.003
12495.3;0.004
12495.8;0.02
12496.3;0.008
12496.8;0.017
12497.3;0.019
12497.8;0.036
12498.3;0.009
12498.8;0.032
12499.3;0.005
12499.8;0.026
12500.3;0.031
12500.8;0.029
12501.3;0.031
12501.8;0.009
12502.3;0.014
12502.8;0.011
12503.3;0.004
12503.8;0.021
12504.3;0.024
12504.8;0.013
12505.3;0.013
12505.8;0.008
12506.3;0.024
12506.8;0.055
12507.3;0.061
12507.8;0.018
12508.3;0.035
12508.8;0.013
12509.3;0.026
12509.8;0.024
12510.3;0.003
12510.8;0.012
12511.3;0.032
12511.8;0.01
12512.3;0.026
12512.8;0.024
12513.3;0.015
12513.8;0.018
12514.3;0.011
12514.8;0.029
12515.3;0.033
12515.8;0.01
12516.3;0.033
12516.8;0.017
12517.3;0.031
12517.8;0.011
12518.3;0.013
12518.8;0.012
12519.3;0.006
12519.8;0.009
12520.3;0.018
12520.8;0.036
12521.3;0.033
12521.8;0.025
12522.3;0.017
12522.8;0.015
12523.3;0.008
12523.8;0.014
12524.3;0.015
12524.8;0.017
12525.3;0.011
12525.8;0.03
12526.3;0.025
12526.8;0.019
12527.3;0.023
12527.8;0.009
12528.3;0.003
12528.8;0.033
12529.3;0.02
12529.8;0.023
12530.3;0.019
12530.8;0.021
12531.3;0.026
12531.8;0.008
12532.3;0.02
12532.8;0.005
12533.3;0.012
12533.8;0.007
12534.3;0.034
12534.8;0.017
12535.3;0.028
12535.8;0.024
12536.3;0.008
12536.8;0.013
12537.3;0.016
12537.8;0.01
12538.3;0.016
12538.8;0.03
12539.3;0.022
12539.8;0.025
12540.3;0.006
12540.8;0.023
12541.3;0.018
12541.8;0.009
12542.3;0.013
12542.8;0.026
12543.3;0.014
12543.8;0.014
12544.3;0.035
12544.8;0.023
12545.3;0.019
12545.8;0.014
12546.3;0.034
12546.8;0.008
12547.3;0.01
12547.8;0.013
12548.3;0.022
12548.8;0.018
12549.3;0.045
12549.8;0.034
12550.3;0.031
12550.8;0.01
12551.3;0.013
12551.8;0.015
12552.3;0.014
12552.8;0.023
12553.3;0.012
12553.8;0.041
12554.3;0.015
12554.8;0.042
12555.3;0.003
12555.8;0.032
12556.3;0.01
12556.8;0.021
12557.3;0.01
12557.8;0.027
12558.3;0.022
12558.8;0.033
12559.3;0.024
12559.8;0.019
12560.3;0.034
12560.8;0.024
12561.3;0.016
12561.8;0.022
12562.3;0.028
12562.8;0.027
12563.3;0.034
12563.8;0.012
12564.3;0.036
12564.8;0.019
12565.3;0.029
12565.8;0.004
12566.3;0.031
12566.8;0.006
12567.3;0.034
12567.8;0.018
12568.3;0.028
12568.8;0.023
12569.3;0.012
12569.8;0.021
12570.3;0.009
12570.8;0.025
12571.3;0.021
12571.8;0.027
12572.3;0.004
12572.8;0.034
12573.3;0.023
12573.8;0.032
12574.3;0.02
12574.8;0.024
12575.3;0.013
12575.8;0.022
12576.3;0.03
12576.8;0.021
12577.3;0.02
12577.8;0.005
12578.3;0.032
12578.8;0.024
12579.3;0.021
12579.8;0.015
12580.3;0.03
12580.8;0.005
12581.3;0.027
12581.8;0.012
12582.3;0.023
12582.8;0.013
12583.3;0.019
12583.8;0.017
12584.3;0.009
12584.8;0.018
12585.3;0.02
12585.8;0.03
12586.3;0.015
12586.8;0.028
12587.3;0.007
12587.8;0.022
12588.3;0.022
12588.8;0.022
12589.3;0.025
12589.8;0.013
12590.3;0.013
12590.8;0.024
12591.3;0.019
12591.8;0.02
12592.3;0.017
12592.8;0.008
12593.3;0.009
12593.8;0.011
12594.3;0.011
12594.8;0.018
12595.3;0.011
12595.8;0.026
12596.3;0.007
12596.8;0.022
12597.3;0.011
12597.8;0.011
12598.3;0.009
12598.8;0.022
12599.3;0.017
12599.8;0.023
12600.3;0.014
12600.8;0.017
12601.3;0.033
12601.8;0.017
12602.3;0.023
12602.8;0.01
12603.3;0.025
12603.8;0.008
12604.3;0.027
12604.8;0.029
12605.3;0.001
12605.8;0.019
12606.3;0.017
12606.8;0.017
12607.3;0.032
12607.8;0.024
12608.3;0.026
12608.8;0.034
12609.3;0.012
12609.8;0.011
12610.3;0.016
12610.8;0.024
12611.3;0.01
12611.8;0.028
12612.3;0.023
12612.8;0.038
12613.3;0.021
12613.8;0.018
12614.3;0.015
12614.8;0.024
12615.3;0.019
12615.8;0.018
12616.3;0.024
12616.8;0.025
12617.3;0.038
12617.8;0.014
12618.3;0.03
12618.8;0.003
12619.3;0.017
12619.8;0.008
12620.3;0.04
12620.8;0.019
12621.3;0.021
12621.8;0.012
12622.3;0.038
12622.8;0.027
12623.3;0.004
12623.8;0.002
12624.3;0.019
12624.8;0.017
12625.3;0.039
12625.8;0.031
12626.3;0.016
12626.8;0.05
12627.3;0.013
12627.8;0.009
12628.3;0.033
12628.8;0.017
12629.3;0.008
12629.8;0.05
12630.3;0.046
12630.8;0.03
12631.3;0.035
12631.8;0.018
12632.3;0.009
12632.8;0.03
12633.3;0.03
12633.8;0.015
12634.3;0.031
12634.8;0.023
12635.3;0.021
12635.8;0.012
12636.3;0.016
12636.8;0.018
12637.3;0.043
12637.8;0.028
12638.3;0.025
12638.8;0.026
12639.3;0.015
12639.8;0.016
12640.3;0.029
12640.8;0.004
12641.3;0.025
12641.8;0.024
12642.3;0.022
12642.8;0.03
12643.3;0.008
12643.8;0.033
12644.3;0.007
12644.8;0.021
12645.3;0.009
12645.8;0.017
12646.3;0.004
12646.8;0.017
12647.3;0.018
12647.8;0.016
12648.3;0.017
12648.8;0.011
12649.3;0.017
12649.8;0.015
12650.3;0.012
12650.8;0.015
12651.3;0.02
12651.8;0.001
12652.3;0.036
12652.8;0.011
12653.3;0.025
12653.8;0.008
12654.3;0.023
12654.8;0.008
12655.3;0.038
12655.8;0.02
12656.3;0.018
12656.8;0.03
12657.3;0.023
12657.8;0.007
12658.3;0.028
12658.8;0.02
12659.3;0.015
12659.8;0.027
12660.3;0.027
12660.8;0.024
12661.3;0.008
12661.8;0.013
12662.3;0.016
12662.8;0.038
12663.3;0.016
12663.8;0.029
12664.3;0.025
12664.8;0.013
12665.3;0.017
12665.8;0.024
12666.3;0.017
12666.8;0.014
12667.3;0.025
12667.8;0.017
12668.3;0.017
12668.8;0.011
12669.3;0.02
12669.8;0.003
12670.3;0.042
12670.8;0.012
12671.3;0.032
12671.8;0.016
12672.3;0.015
12672.8;0.012
12673.3;0.021
12673.8;0.011
12674.3;0.022
12674.8;0.033
12675.3;0.012
12675.8;0.021
12676.3;0.02
12676.8;0.018
12677.3;0.018
12677.8;0.021
12678.3;0.007
12678.8;0.034
12679.3;0.016
12679.8;0.021
12680.3;0.002
12680.8;0.03
12681.3;0.011
12681.8;0.02
12682.3;0.017
12682.8;0.016
12683.3;0.019
12683.8;0.015
12684.3;0.016
12684.8;0.012
12685.3;0.029
12685.8;0.02
12686.3;0.018
12686.8;0.005
12687.3;0.015
12687.8;0.006
12688.3;0.02
12688.8;0.004
12689.3;0.04
12689.8;0.031
12690.3;0.031
12690.8;0.023
12691.3;0.013
12691.8;0.024
12692.3;0.012
12692.8;0.013
12693.3;0.009
12693.8;0.019
12694.3;0.009
12694.8;0.014
12695.3;0.003
12695.8;0.017
12696.3;0.013
12696.8;0.023
12697.3;0.011
12697.8;0.01
12698.3;0.011
12698.8;0.014
12699.3;0.009
12699.8;0.017
12700.3;0.019
12700.8;0.019
12701.3;0.029
12701.8;0.011
12702.3;0.029
12702.8;0.005
12703.3;0.017
12703.8;0.018
12704.3;0.024
12704.8;0.015
12705.3;0.031
12705.8;0.013
12706.3;0.021
12706.8;0.014
12707.3;0.002
12707.8;0.015
12708.3;0.013
12708.8;0.017
12709.3;0.016
12709.8;0.016
12710.3;0.003
12710.8;0.022
12711.3;0.017
12711.8;0.025
12712.3;0.015
12712.8;0.019
12713.3;0.016
12713.8;0.012
12714.3;0.006
12714.8;0.018
12715.3;0.008
12715.8;0.016
12716.3;0.023
12716.8;0.018
12717.3;0.026
12717.8;0.009
12718.3;0.015
12718.8;0.004
12719.3;0.029
12719.8;0.004
12720.3;0.037
12720.8;0.013
12721.3;0.025
12721.8;0.006
12722.3;0.019
12722.8;0.01
12723.3;0.017
12723.8;0.014
12724.3;0.022
12724.8;0.009
12725.3;0.022
12725.8;0.01
12726.3;0.02
12726.8;0.007
12727.3;0.022
12727.8;0.025
12728.3;0.014
12728.8;0.02
12729.3;0.008
12729.8;0.03
12730.3;0.006
12730.8;0.033
12731.3;0.02
12731.8;0.026
12732.3;0.012
12732.8;0.035
12733.3;0.002
12733.8;0.03
12734.3;0.011
12734.8;0.026
12735.3;0.005
12735.8;0.025
12736.3;0.002
12736.8;0.017
12737.3;0.007
12737.8;0.012
12738.3;0.011
12738.8;0.013
12739.3;0.019
12739.8;0.014
12740.3;0.014
12740.8;0.02
12741.3;0.001
12741.8;0.022
12742.3;0.019
12742.8;0.017
12743.3;0.029
12743.8;0.017
12744.3;0.017
12744.8;0.004
12745.3;0.033
12745.8;0.008
12746.3;0.021
12746.8;0.007
12747.3;0.02
12747.8;0.008
12748.3;0.022
12748.8;0.008
12749.3;0.002
12749.8;0.024
12750.3;0.013
12750.8;0.031
12751.3;0.007
12751.8;0.023
12752.3;0.023
12752.8;0.035
12753.3;0.02
12753.8;0.039
12754.3;0.019
12754.8;0.048
12755.3;0.069
12755.8;0.104
12756.3;0.052
12756.8;0.065
12757.3;0.027
12757.8;0.056
12758.3;0.028
12758.8;0.052
12759.3;0.028
12759.8;0.043
12760.3;0.032
12760.8;0.047
12761.3;0.024
12761.8;0.033
12762.3;0.024
12762.8;0.032
12763.3;0.018
12763.8;0.051
12764.3;0.011
12764.8;0.039
12765.3;0.014
12765.8;0.039
12766.3;0.009
12766.8;0.03
12767.3;0.018
12767.8;0.04
12768.3;0.004
12768.8;0.013
12769.3;0.016
12769.8;0.022
12770.3;0.019
12770.8;0.015
12771.3;0.024
12771.8;0.02
12772.3;0.036
12772.8;0.008
12773.3;0.027
12773.8;0.015
12774.3;0.021
12774.8;0.016
12775.3;0.024
12775.8;0.007
12776.3;0.023
12776.8;0.014
12777.3;0.022
12777.8;0.021
12778.3;0.013
12778.8;0.022
12779.3;0.018
12779.8;0.022
12780.3;0.015
12780.8;0.024
12781.3;0.008
12781.8;0.037
12782.3;0.016
12782.8;0.029
12783.3;0.006
12783.8;0.027
12784.3;0.009
12784.8;0.019
12785.3;0.013
12785.8;0.014
12786.3;0.016
12786.8;0.025
12787.3;0.008
12787.8;0.021
12788.3;0.02
12788.8;0.027
12789.3;0.016
12789.8;0.024
12790.3;0.025
12790.8;0.02
12791.3;0.02
12791.8;0.018
12792.3;0.015
12792.8;0.023
12793.3;0.016
12793.8;0.023
12794.3;0.017
12794.8;0.012
12795.3;0.02
12795.8;0.013
12796.3;0.015
12796.8;0.012
12797.3;0.016
12797.8;0.009
12798.3;0.013
12798.8;0.019
12799.3;0.014
12799.8;0.013
12800.3;0.019
12800.8;0.017
12801.3;0.015
12801.8;0.016
12802.3;0.017
12802.8;0.012
12803.3;0.003
12803.8;0.014
12804.3;0.008
12804.8;0.021
12805.3;0.019
12805.8;0.024
12806.3;0.017
12806.8;0.02
12807.3;0.001
12807.8;0.017
12808.3;0.013
12808.8;0.019
12809.3;0.01
12809.8;0.024
12810.3;0.012
12810.8;0.016
12811.3;0.019
12811.8;0.013
12812.3;0.014
12812.8;0.019
12813.3;0.017
12813.8;0.013
12814.3;0.018
12814.8;0.011
12815.3;0.018
12815.8;0.016
12816.3;0.016
12816.8;0.018
12817.3;0.01
12817.8;0.012
12818.3;0.018
12818.8;0.019
12819.3;0.011
12819.8;0.018
12820.3;0.018
12820.8;0.007
12821.3;0.007
12821.8;0.02
12822.3;0.011
12822.8;0.01
12823.3;0.02
12823.8;0.022
12824.3;0.011
12824.8;0.011
12825.3;0.019
12825.8;0.012
12826.3;0.005
12826.8;0.017
12827.3;0.019
12827.8;0.015
12828.3;0.019
12828.8;0.029
12829.3;0.017
12829.8;0.008
12830.3;0.011
12830.8;0.02
12831.3;0.005
12831.8;0.015
12832.3;0.017
12832.8;0.017
12833.3;0.014
12833.8;0.018
12834.3;0.017
12834.8;0.011
12835.3;0.017
12835.8;0.022
12836.3;0.011
12836.8;0.009
12837.3;0.025
12837.8;0.015
12838.3;0.006
12838.8;0.013
12839.3;0.029
12839.8;0.009
12840.3;0.007
12840.8;0.017
12841.3;0.014
12841.8;0.003
12842.3;0.019
12842.8;0.021
12843.3;0.014
12843.8;0.022
12844.3;0.017
12844.8;0.019
12845.3;0.01
12845.8;0.014
12846.3;0.015
12846.8;0.02
12847.3;0.009
12847.8;0.021
12848.3;0.015
12848.8;0.016
12849.3;0.02
12849.8;0.007
12850.3;0.01
12850.8;0.014
12851.3;0.02
12851.8;0.01
12852.3;0.014
12852.8;0.011
12853.3;0.015
12853.8;0.017
12854.3;0.017
12854.8;0.018
12855.3;0.01
12855.8;0.018
12856.3;0.014
12856.8;0.013
12857.3;0.013
12857.8;0.019
12858.3;0.022
12858.8;0.011
12859.3;0.02
12859.8;0.011
12860.3;0.01
12860.8;0.008
12861.3;0.017
12861.8;0.021
12862.3;0.026
12862.8;0.018
12863.3;0.012
12863.8;0.011
12864.3;0.006
12864.8;0.017
12865.3;0.011
12865.8;0.018
12866.3;0.009
12866.8;0.016
12867.3;0.011
12867.8;0.02
12868.3;0.016
12868.8;0.012
12869.3;0.022
12869.8;0.026
12870.3;0.015
12870.8;0.01
12871.3;0.008
12871.8;0.005
12872.3;0.016
12872.8;0.019
12873.3;0.023
12873.8;0.012
12874.3;0.01
12874.8;0.013
12875.3;0.015
12875.8;0.01
12876.3;0.007
12876.8;0.014
12877.3;0.021
12877.8;0.024
12878.3;0.022
12878.8;0.008
12879.3;0.009
12879.8;0.017
12880.3;0.022
12880.8;0.021
12881.3;0.02
12881.8;0.014
12882.3;0.005
12882.8;0.006
12883.3;0.009
12883.8;0.016
12884.3;0.008
12884.8;0.022
12885.3;0.025
12885.8;0.037
12886.3;0.002
12886.8;0.014
12887.3;0.024
12887.8;0.011
12888.3;0.011
12888.8;0.023
12889.3;0.027
12889.8;0.016
12890.3;0.01
12890.8;0.01
12891.3;0.028
12891.8;0.005
12892.3;0.014
12892.8;0.008
12893.3;0.025
12893.8;0.006
12894.3;0.015
12894.8;0.017
12895.3;0.016
12895.8;0.016
12896.3;0.02
12896.8;0.019
12897.3;0.018
12897.8;0.014
12898.3;0.006
12898.8;0.021
12899.3;0.01
12899.8;0.015
12900.3;0.01
12900.8;0.025
12901.3;0.009
12901.8;0.019
12902.3;0.011
12902.8;0.014
12903.3;0.011
12903.8;0.025
12904.3;0.007
12904.8;0.014
12905.3;0.021
12905.8;0.016
12906.3;0.018
12906.8;0.009
12907.3;0.021
12907.8;0.015
12908.3;0.016
12908.8;0.01
12909.3;0.011
12909.8;0.008
12910.3;0.015
12910.8;0.015
12911.3;0.022
12911.8;0.008
12912.3;0.023
12912.8;0.015
12913.3;0.02
12913.8;0.02
12914.3;0.005
12914.8;0.007
12915.3;0.008
12915.8;0.029
12916.3;0.01
12916.8;0.012
12917.3;0.019
12917.8;0.018
12918.3;0.015
12918.8;0.027
12919.3;0.021
12919.8;0.012
12920.3;0.005
12920.8;0.019
12921.3;0.016
12921.8;0.012
12922.3;0.01
12922.8;0.017
12923.3;0.023
12923.8;0.016
12924.3;0.014
12924.8;0.018
12925.3;0.009
12925.8;0.011
12926.3;0.025
12926.8;0.012
12927.3;0.015
12927.8;0.009
12928.3;0.017
12928.8;0.019
12929.3;0.011
12929.8;0.021
12930.3;0.022
12930.8;0.017
12931.3;0.008
12931.8;0.007
12932.3;0.023
12932.8;0.004
12933.3;0.006
12933.8;0.021
12934.3;0.007
12934.8;0.014
12935.3;0.013
12935.8;0.025
12936.3;0.012
12936.8;0.013
12937.3;0.023
12937.8;0.017
12938.3;0.026
12938.8;0.01
12939.3;0.02
12939.8;0.019
12940.3;0.005
12940.8;0.019
12941.3;0.022
12941.8;0.008
12942.3;0.008
12942.8;0.016
12943.3;0.011
12943.8;0.015
12944.3;0.012
12944.8;0.017
12945.3;0.017
12945.8;0.018
12946.3;0.021
12946.8;0.017
12947.3;0.024
12947.8;0.008
12948.3;0.01
12948.8;0.022
12949.3;0.013
12949.8;0.003
12950.3;0.01
12950.8;0.014
12951.3;0.01
12951.8;0.027
12952.3;0.026
12952.8;0.007
12953.3;0.02
12953.8;0.017
12954.3;0.015
12954.8;0.029
12955.3;0.014
12955.8;0.014
12956.3;0.024
12956.8;0.009
12957.3;0.019
12957.8;0.017
12958.3;0.009
12958.8;0.004
12959.3;0.018
12959.8;0.018
12960.3;0.01
12960.8;0.017
12961.3;0.015
12961.8;0.006
12962.3;0.023
12962.8;0.023
12963.3;0.012
12963.8;0.025
12964.3;0.015
12964.8;0.016
12965.3;0.023
12965.8;0.02
12966.3;0.006
12966.8;0.018
12967.3;0.014
12967.8;0.009
12968.3;0.018
12968.8;0.017
12969.3;0.012
12969.8;0.007
12970.3;0.018
12970.8;0.013
12971.3;0.021
12971.8;0.013
12972.3;0.011
12972.8;0.019
12973.3;0.013
12973.8;0.023
12974.3;0.009
12974.8;0.017
12975.3;0.013
12975.8;0.015
12976.3;0.019
12976.8;0.011
12977.3;0.015
12977.8;0.018
12978.3;0.01
12978.8;0.012
12979.3;0.027
12979.8;0.011
12980.3;0.014
12980.8;0.012
12981.3;0.014
12981.8;0.017
12982.3;0.017
12982.8;0.015
12983.3;0.01
12983.8;0.017
12984.3;0.019
12984.8;0.017
12985.3;0.01
12985.8;0.024
12986.3;0.009
12986.8;0.014
12987.3;0.017
12987.8;0.015
12988.3;0.016
12988.8;0.012
12989.3;0.013
12989.8;0.014
12990.3;0.025
12990.8;0.015
12991.3;0.011
12991.8;0.016
12992.3;0.014
12992.8;0.019
12993.3;0.017
12993.8;0.015
12994.3;0.013
12994.8;0.023
12995.3;0.009
12995.8;0.017
12996.3;0.019
12996.8;0.011
12997.3;0.013
12997.8;0.013
12998.3;0.021
12998.8;0.011
12999.3;0.021
12999.8;0.005
13000.3;0.012
13000.8;0.017
13001.3;0.013
13001.8;0.017
13002.3;0.008
13002.8;0.018
13003.3;0.016
13003.8;0.016
13004.3;0.012
13004.8;0.016
13005.3;0.012
13005.8;0.016
13006.3;0.018
13006.8;0.014
13007.3;0.022
13007.8;0.009
13008.3;0.014
13008.8;0.009
13009.3;0.017
13009.8;0.019
13010.3;0.013
13010.8;0.015
13011.3;0.019
13011.8;0.022
13012.3;0.01
13012.8;0.013
13013.3;0.012
13013.8;0.008
13014.3;0.015
13014.8;0.013
13015.3;0.013
13015.8;0.016
13016.3;0.017
13016.8;0.01
13017.3;0.016
13017.8;0.015
13018.3;0.013
13018.8;0.01
13019.3;0.013
13019.8;0.017
13020.3;0.015
13020.8;0.017
13021.3;0.016
13021.8;0.015
13022.3;0.01
13022.8;0.021
13023.3;0.016
13023.8;0.012
13024.3;0.014
13024.8;0.018
13025.3;0.015
13025.8;0.012
13026.3;0.022
13026.8;0.012
13027.3;0.013
13027.8;0.01
13028.3;0.009
13028.8;0.015
13029.3;0.01
13029.8;0.018
13030.3;0.011
13030.8;0.022
13031.3;0.022
13031.8;0.007
13032.3;0.013
13032.8;0.012
13033.3;0.01
13033.8;0.015
13034.3;0.018
13034.8;0.019
13035.3;0.016
13035.8;0.017
13036.3;0.016
13036.8;0.016
13037.3;0.012
13037.8;0.012
13038.3;0.015
13038.8;0.014
13039.3;0.014
13039.8;0.018
13040.3;0.009
13040.8;0.018
13041.3;0.015
13041.8;0.016
13042.3;0.018
13042.8;0.021
13043.3;0.012
13043.8;0.018
13044.3;0.015
13044.8;0.014
13045.3;0.023
13045.8;0.01
13046.3;0.022
13046.8;0.009
13047.3;0.024
13047.8;0.01
13048.3;0.018
13048.8;0.015
13049.3;0.006
13049.8;0.015
13050.3;0.015
13050.8;0.018
13051.3;0.012
13051.8;0.019
13052.3;0.021
13052.8;0.007
13053.3;0.009
13053.8;0.024
13054.3;0.006
13054.8;0.029
13055.3;0.013
13055.8;0.029
13056.3;0.015
13056.8;0.024
13057.3;0.009
13057.8;0.013
13058.3;0.018
13058.8;0.016
13059.3;0.011
13059.8;0.007
13060.3;0.027
13060.8;0.006
13061.3;0.029
13061.8;0.005
13062.3;0.015
13062.8;0.015
13063.3;0.019
13063.8;0.007
13064.3;0.015
13064.8;0.015
13065.3;0.014
13065.8;0.019
13066.3;0.02
13066.8;0.006
13067.3;0.019
13067.8;0.023
13068.3;0.016
13068.8;0.018
13069.3;0.016
13069.8;0.008
13070.3;0.019
13070.8;0.014
13071.3;0.004
13071.8;0.017
13072.3;0.013
13072.8;0.014
13073.3;0.012
13073.8;0.012
13074.3;0.013
13074.8;0.014
13075.3;0.015
13075.8;0.017
13076.3;0.019
13076.8;0.014
13077.3;0.012
13077.8;0.021
13078.3;0.01
13078.8;0.012
13079.3;0.027
13079.8;0.014
13080.3;0.008
13080.8;0.023
13081.3;0.011
13081.8;0.019
13082.3;0.014
13082.8;0.017
13083.3;0.004
13083.8;0.021
13084.3;0.012
13084.8;0.003
13085.3;0.01
13085.8;0.028
13086.3;0.018
13086.8;0.018
13087.3;0.018
13087.8;0.007
13088.3;0.021
13088.8;0.011
13089.3;0.022
13089.8;0.008
13090.3;0.017
13090.8;0.015
13091.3;0.018
13091.8;0.01
13092.3;0.018
13092.8;0.019
13093.3;0.019
13093.8;0.019
13094.3;0.013
13094.8;0.017
13095.3;0.008
13095.8;0.027
13096.3;0.004
13096.8;0.025
13097.3;0.014
13097.8;0.021
13098.3;0.003
13098.8;0.019
13099.3;0.015
13099.8;0.016
13100.3;0.008
13100.8;0.017
13101.3;0.015
13101.8;0.009
13102.3;0.015
13102.8;0.006
13103.3;0.017
13103.8;0.012
13104.3;0.019
13104.8;0.012
13105.3;0.017
13105.8;0.013
13106.3;0.02
13106.8;0.01
13107.3;0.022
13107.8;0.011
13108.3;0.02
13108.8;0.014
13109.3;0.016
13109.8;0.012
13110.3;0.017
13110.8;0.013
13111.3;0.016
13111.8;0.012
13112.3;0.011
13112.8;0.014
13113.3;0.014
13113.8;0.015
13114.3;0.014
13114.8;0.021
13115.3;0.01
13115.8;0.013
13116.3;0.016
13116.8;0.01
13117.3;0.02
13117.8;0.014
13118.3;0.02
13118.8;0.006
13119.3;0.022
13119.8;0.003
13120.3;0.018
13120.8;0.009
13121.3;0.02
13121.8;0.01
13122.3;0.018
13122.8;0.015
13123.3;0.005
13123.8;0.018
13124.3;0.004
13124.8;0.024
13125.3;0.008
13125.8;0.028
13126.3;0.005
13126.8;0.02
13127.3;0.007
13127.8;0.015
13128.3;0.012
13128.8;0.018
13129.3;0.016
13129.8;0.012
13130.3;0.021
13130.8;0.011
13131.3;0.014
13131.8;0.01
13132.3;0.017
13132.8;0.009
13133.3;0.018
13133.8;0.016
13134.3;0.011
13134.8;0.016
13135.3;0.014
13135.8;0.015
13136.3;0.01
13136.8;0.021
13137.3;0.011
13137.8;0.02
13138.3;0.015
13138.8;0.016
13139.3;0.011
13139.8;0.016
13140.3;0.009
13140.8;0.014
13141.3;0.015
13141.8;0.015
13142.3;0.013
13142.8;0.019
13143.3;0.012
13143.8;0.013
13144.3;0.015
13144.8;0.014
13145.3;0.016
13145.8;0.018
13146.3;0.018
13146.8;0.011
13147.3;0.015
13147.8;0.011
13148.3;0.013
13148.8;0.015
13149.3;0.02
13149.8;0.012
13150.3;0.021
13150.8;0.015
13151.3;0.017
13151.8;0.009
13152.3;0.015
13152.8;0.011
13153.3;0.012
13153.8;0.019
13154.3;0.013
13154.8;0.015
13155.3;0.012
13155.8;0.017
13156.3;0.008
13156.8;0.019
13157.3;0.012
13157.8;0.017
13158.3;0.016
13158.8;0.017
13159.3;0.011
13159.8;0.01
13160.3;0.017
13160.8;0.008
13161.3;0.019
13161.8;0.012
13162.3;0.018
13162.8;0.01
13163.3;0.02
13163.8;0.007
13164.3;0.013
13164.8;0.012
13165.3;0.015
13165.8;0.012
13166.3;0.016
13166.8;0.017
13167.3;0.008
13167.8;0.018
13168.3;0.009
13168.8;0.014
13169.3;0.011
13169.8;0.021
13170.3;0.01
13170.8;0.019
13171.3;0.013
13171.8;0.011
13172.3;0.012
13172.8;0.015
13173.3;0.013
13173.8;0.012
13174.3;0.02
13174.8;0.009
13175.3;0.018
13175.8;0.011
13176.3;0.016
13176.8;0.006
13177.3;0.019
13177.8;0.013
13178.3;0.014
13178.8;0.014
13179.3;0.014
13179.8;0.011
13180.3;0.01
13180.8;0.014
13181.3;0.01
13181.8;0.016
13182.3;0.013
13182.8;0.016
13183.3;0.013
13183.8;0.015
13184.3;0.011
13184.8;0.012
13185.3;0.015
13185.8;0.013
13186.3;0.015
13186.8;0.015
13187.3;0.013
13187.8;0.011
13188.3;0.013
13188.8;0.014
13189.3;0.012
13189.8;0.016
13190.3;0.014
13190.8;0.013
13191.3;0.014
13191.8;0.015
13192.3;0.013
13192.8;0.015
13193.3;0.015
13193.8;0.012
13194.3;0.013
13194.8;0.014
13195.3;0.014
13195.8;0.012
13196.3;0.016
13196.8;0.012
13197.3;0.013
13197.8;0.014
13198.3;0.014
13198.8;0.015
13199.3;0.012
13199.8;0.015
13200.3;0.011
13200.8;0.018
13201.3;0.011
13201.8;0.017
13202.3;0.011
13202.8;0.017
13203.3;0.012
13203.8;0.015
13204.3;0.012
13204.8;0.014
13205.3;0.015
13205.8;0.012
13206.3;0.016
13206.8;0.01
13207.3;0.019
13207.8;0.009
13208.3;0.019
13208.8;0.008
13209.3;0.018
13209.8;0.009
13210.3;0.017
13210.8;0.01
13211.3;0.016
13211.8;0.013
13212.3;0.013
13212.8;0.017
13213.3;0.008
13213.8;0.019
13214.3;0.008
13214.8;0.021
13215.3;0.007
13215.8;0.02
13216.3;0.008
13216.8;0.018
13217.3;0.01
13217.8;0.017
13218.3;0.013
13218.8;0.012
13219.3;0.017
13219.8;0.007
13220.3;0.019
13220.8;0.007
13221.3;0.021
13221.8;0.006
13222.3;0.02
13222.8;0.005
13223.3;0.018
13223.8;0.008
13224.3;0.017
13224.8;0.013
13225.3;0.013
13225.8;0.017
13226.3;0.01
13226.8;0.019
13227.3;0.007
13227.8;0.02
13228.3;0.006
13228.8;0.022
13229.3;0.008
13229.8;0.019
13230.3;0.01
13230.8;0.015
13231.3;0.013
13231.8;0.012
13232.3;0.017
13232.8;0.011
13233.3;0.02
13233.8;0.008
13234.3;0.018
13234.8;0.005
13235.3;0.017
13235.8;0.01
13236.3;0.019
13236.8;0.013
13237.3;0.016
13237.8;0.013
13238.3;0.01
13238.8;0.013
13239.3;0.009
13239.8;0.019
13240.3;0.01
13240.8;0.022
13241.3;0.008
13241.8;0.017
13242.3;0.006
13242.8;0.015
13243.3;0.013
13243.8;0.017
13244.3;0.016
13244.8;0.014
13245.3;0.016
13245.8;0.009
13246.3;0.015
13246.8;0.009
13247.3;0.021
13247.8;0.011
13248.3;0.022
13248.8;0.007
13249.3;0.017
13249.8;0.005
13250.3;0.014
13250.8;0.011
13251.3;0.019
13251.8;0.017
13252.3;0.017
13252.8;0.018
13253.3;0.012
13253.8;0.013
13254.3;0.013
13254.8;0.019
13255.3;0.016
13255.8;0.021
13256.3;0.009
13256.8;0.018
13257.3;0.005
13257.8;0.017
13258.3;0.009
13258.8;0.021
13259.3;0.011
13259.8;0.02
13260.3;0.014
13260.8;0.017
13261.3;0.014
13261.8;0.018
13262.3;0.015
13262.8;0.014
13263.3;0.019
13263.8;0.009
13264.3;0.019
13264.8;0.005
13265.3;0.022
13265.8;0.004
13266.3;0.023
13266.8;0.005
13267.3;0.024
13267.8;0.007
13268.3;0.023
13268.8;0.012
13269.3;0.015
13269.8;0.011
13270.3;0.014
13270.8;0.018
13271.3;0.011
13271.8;0.023
13272.3;0.006
13272.8;0.022
13273.3;0.005
13273.8;0.024
13274.3;0.005
13274.8;0.027
13275.3;0.005
13275.8;0.02
13276.3;0.006
13276.8;0.017
13277.3;0.012
13277.8;0.017
13278.3;0.021
13278.8;0.013
13279.3;0.021
13279.8;0.011
13280.3;0.019
13280.8;0.016
13281.3;0.024
13281.8;0.011
13282.3;0.023
13282.8;0.006
13283.3;0.015
13283.8;0.005
13284.3;0.022
13284.8;0.013
13285.3;0.02
13285.8;0.016
13286.3;0.015
13286.8;0.015
13287.3;0.013
13287.8;0.013
13288.3;0.014
13288.8;0.019
13289.3;0.012
13289.8;0.021
13290.3;0.009
13290.8;0.017
13291.3;0.006
13291.8;0.015
13292.3;0.007
13292.8;0.02
13293.3;0.015
13293.8;0.019
13294.3;0.018
13294.8;0.007
13295.3;0.009
13295.8;0.005
13296.3;0.02
13296.8;0.016
13297.3;0.026
13297.8;0.017
13298.3;0.016
13298.8;0.006
13299.3;0.007
13299.8;0.014
13300.3;0.02
13300.8;0.026
13301.3;0.019
13301.8;0.02
13302.3;0.011
13302.8;0.006
13303.3;0.007
13303.8;0.025
13304.3;0.024
13304.8;0.023
13305.3;0.025
13305.8;0.005
13306.3;0.01
13306.8;0.014
13307.3;0.021
13307.8;0.016
13308.3;0.03
13308.8;0.011
13309.3;0.017
13309.8;0.006
13310.3;0.012
13310.8;0.007
13311.3;0.019
13311.8;0.021
13312.3;0.017
13312.8;0.024
13313.3;0.01
13313.8;0.018
13314.3;0.011
13314.8;0.019
13315.3;0.012
13315.8;0.021
13316.3;0.01
13316.8;0.018
13317.3;0.011
13317.8;0.01
13318.3;0.011
13318.8;0.012
13319.3;0.018
13319.8;0.013
13320.3;0.023
13320.8;0.011
13321.3;0.019
13321.8;0.006
13322.3;0.018
13322.8;0.007
13323.3;0.025
13323.8;0.014
13324.3;0.022
13324.8;0.018
13325.3;0.015
13325.8;0.014
13326.3;0.016
13326.8;0.018
13327.3;0.014
13327.8;0.022
13328.3;0.009
13328.8;0.018
13329.3;0.006
13329.8;0.02
13330.3;0.01
13330.8;0.02
13331.3;0.013
13331.8;0.012
13332.3;0.014
13332.8;0.009
13333.3;0.018
13333.8;0.007
13334.3;0.022
13334.8;0.008
13335.3;0.02
13335.8;0.009
13336.3;0.018
13336.8;0.014
13337.3;0.019
13337.8;0.019
13338.3;0.011
13338.8;0.023
13339.3;0.003
13339.8;0.029
13340.3;0.007
13340.8;0.032
13341.3;0.01
13341.8;0.034
13342.3;0.015
13342.8;0.034
13343.3;0.019
13343.8;0.03
13344.3;0.021
13344.8;0.024
13345.3;0.026
13345.8;0.023
13346.3;0.03
13346.8;0.014
13347.3;0.032
13347.8;0.013
13348.3;0.034
13348.8;0.013
13349.3;0.036
13349.8;0.01
13350.3;0.034
13350.8;0.027
13351.3;0.032
13351.8;0.027
13352.3;0.031
13352.8;0.029
13353.3;0.028
13353.8;0.041
13354.3;0.021
13354.8;0.038
13355.3;0.015
13355.8;0.03
13356.3;0.012
13356.8;0.04
13357.3;0.017
13357.8;0.036
13358.3;0.027
13358.8;0.031
13359.3;0.037
13359.8;0.039
13360.3;0.042
13360.8;0.036
13361.3;0.047
13361.8;0.026
13362.3;0.053
13362.8;0.032
13363.3;0.05
13363.8;0.027
13364.3;0.049
13364.8;0.02
13365.3;0.05
13365.8;0.031
13366.3;0.042
13366.8;0.026
13367.3;0.035
13367.8;0.036
13368.3;0.038
13368.8;0.047
13369.3;0.031
13369.8;0.048
13370.3;0.028
13370.8;0.051
13371.3;0.033
13371.8;0.054
13372.3;0.022
13372.8;0.045
13373.3;0.017
13373.8;0.037
13374.3;0.022
13374.8;0.034
13375.3;0.021
13375.8;0.025
13376.3;0.034
13376.8;0.022
13377.3;0.039
13377.8;0.021
13378.3;0.034
13378.8;0.011
13379.3;0.038
13379.8;0.014
13380.3;0.038
13380.8;0.015
13381.3;0.032
13381.8;0.024
13382.3;0.033
13382.8;0.033
13383.3;0.034
13383.8;0.032
13384.3;0.022
13384.8;0.033
13385.3;0.017
13385.8;0.037
13386.3;0.011
13386.8;0.029
13387.3;0.008
13387.8;0.032
13388.3;0.022
13388.8;0.038
13389.3;0.023
13389.8;0.03
13390.3;0.029
13390.8;0.03
13391.3;0.035
13391.8;0.025
13392.3;0.032
13392.8;0.012
13393.3;0.033
13393.8;0.012
13394.3;0.042
13394.8;0.013
13395.3;0.037
13395.8;0.016
13396.3;0.037
13396.8;0.024
13397.3;0.04
13397.8;0.025
13398.3;0.032
13398.8;0.024
13399.3;0.026
13399.8;0.029
13400.3;0.027
13400.8;0.026
13401.3;0.02
13401.8;0.021
13402.3;0.014
13402.8;0.023
13403.3;0.012
13403.8;0.019
13404.3;0.015
13404.8;0.014
13405.3;0.014
13405.8;0.013
13406.3;0.011
13406.8;0.014
13407.3;0.013
13407.8;0.014
13408.3;0.017
13408.8;0.012
13409.3;0.012
13409.8;0.017
13410.3;0.012
13410.8;0.017
13411.3;0.016
13411.8;0.014
13412.3;0.016
13412.8;0.014
13413.3;0.013
13413.8;0.012
13414.3;0.015
13414.8;0.011
13415.3;0.02
13415.8;0.012
13416.3;0.02
13416.8;0.012
13417.3;0.02
13417.8;0.016
13418.3;0.024
13418.8;0.016
13419.3;0.022
13419.8;0.02
13420.3;0.022
13420.8;0.028
13421.3;0.022
13421.8;0.029
13422.3;0.023
13422.8;0.03
13423.3;0.017
13423.8;0.033
13424.3;0.014
13424.8;0.033
13425.3;0.012
13425.8;0.031
13426.3;0.005
13426.8;0.029
13427.3;0.003
13427.8;0.029
13428.3;0.005
13428.8;0.027
13429.3;0.007
13429.8;0.024
13430.3;0.013
13430.8;0.022
13431.3;0.016
13431.8;0.022
13432.3;0.016
13432.8;0.021
13433.3;0.015
13433.8;0.021
13434.3;0.015
13434.8;0.017
13435.3;0.014
13435.8;0.018
13436.3;0.014
13436.8;0.013
13437.3;0.016
13437.8;0.011
13438.3;0.018
13438.8;0.007
13439.3;0.021
13439.8;0.007
13440.3;0.024
13440.8;0.004
13441.3;0.026
13441.8;0.006
13442.3;0.027
13442.8;0.006
13443.3;0.027
13443.8;0.005
13444.3;0.026
13444.8;0.001
13445.3;0.026
13445.8;0.003
13446.3;0.026
13446.8;0.008
13447.3;0.023
13447.8;0.011
13448.3;0.022
13448.8;0.015
13449.3;0.02
13449.8;0.019
13450.3;0.015
13450.8;0.022
13451.3;0.011
13451.8;0.025
13452.3;0.008
13452.8;0.027
13453.3;0.004
13453.8;0.028
13454.3;0.003
13454.8;0.029
13455.3;0.004
13455.8;0.029
13456.3;0.008
13456.8;0.026
13457.3;0.009
13457.8;0.02
13458.3;0.015
13458.8;0.013
13459.3;0.02
13459.8;0.009
13460.3;0.029
13460.8;0.012
13461.3;0.03
13461.8;0.01
13462.3;0.033
13462.8;0.01
13463.3;0.025
13463.8;0.006
13464.3;0.02
13464.8;0.008
13465.3;0.02
13465.8;0.012
13466.3;0.019
13466.8;0.016
13467.3;0.021
13467.8;0.015
13468.3;0.018
13468.8;0.019
13469.3;0.018
13469.8;0.018
13470.3;0.016
13470.8;0.02
13471.3;0.014
13471.8;0.02
13472.3;0.016
13472.8;0.015
13473.3;0.011
13473.8;0.018
13474.3;0.011
13474.8;0.018
13475.3;0.007
13475.8;0.026
13476.3;0.004
13476.8;0.027
13477.3;0.007
13477.8;0.028
13478.3;0.005
13478.8;0.023
13479.3;0.011
13479.8;0.019
13480.3;0.017
13480.8;0.021
13481.3;0.018
13481.8;0.018
13482.3;0.023
13482.8;0.021
13483.3;0.016
13483.8;0.011
13484.3;0.022
13484.8;0.003
13485.3;0.022
13485.8;0.004
13486.3;0.026
13486.8;0.007
13487.3;0.027
13487.8;0.009
13488.3;0.022
13488.8;0.013
13489.3;0.022
13489.8;0.015
13490.3;0.017
13490.8;0.022
13491.3;0.021
13491.8;0.015
13492.3;0.016
13492.8;0.013
13493.3;0.014
13493.8;0.013
13494.3;0.018
13494.8;0.022
13495.3;0.015
13495.8;0.022
13496.3;0.015
13496.8;0.02
13497.3;0.014
13497.8;0.015
13498.3;0.016
13498.8;0.007
13499.3;0.023
13499.8;0.01
13500.3;0.018
13500.8;0.004
13501.3;0.02
13501.8;0.009
13502.3;0.012
13502.8;0.017
13503.3;0.016
13503.8;0.016
13504.3;0.015
13504.8;0.019
13505.3;0.015
13505.8;0.02
13506.3;0.016
13506.8;0.016
13507.3;0.01
13507.8;0.021
13508.3;0.011
13508.8;0.017
13509.3;0.007
13509.8;0.021
13510.3;0.012
13510.8;0.015
13511.3;0.018
13511.8;0.012
13512.3;0.016
13512.8;0.011
13513.3;0.018
13513.8;0.012
13514.3;0.014
13514.8;0.02
13515.3;0.008
13515.8;0.022
13516.3;0.006
13516.8;0.027
13517.3;0.003
13517.8;0.026
13518.3;0.01
13518.8;0.02
13519.3;0.008
13519.8;0.023
13520.3;0.008
13520.8;0.02
13521.3;0.015
13521.8;0.027
13522.3;0.014
13522.8;0.02
13523.3;0.017
13523.8;0.022
13524.3;0.018
13524.8;0.02
13525.3;0.018
13525.8;0.017
13526.3;0.018
13526.8;0.017
13527.3;0.012
13527.8;0.012
13528.3;0.011
13528.8;0.014
13529.3;0.007
13529.8;0.017
13530.3;0.015
13530.8;0.015
13531.3;0.014
13531.8;0.015
13532.3;0.015
13532.8;0.01
13533.3;0.014
13533.8;0.011
13534.3;0.01
13534.8;0.013
13535.3;0.014
13535.8;0.015
13536.3;0.013
13536.8;0.017
13537.3;0.015
13537.8;0.013
13538.3;0.018
13538.8;0.012
13539.3;0.019
13539.8;0.011
13540.3;0.023
13540.8;0.006
13541.3;0.023
13541.8;0.008
13542.3;0.026
13542.8;0.007
13543.3;0.027
13543.8;0.005
13544.3;0.021
13544.8;0.008
13545.3;0.023
13545.8;0.009
13546.3;0.017
13546.8;0.018
13547.3;0.013
13547.8;0.017
13548.3;0.012
13548.8;0.02
13549.3;0.007
13549.8;0.017
13550.3;0.011
13550.8;0.015
13551.3;0.008
13551.8;0.015
13552.3;0.012
13552.8;0.009
13553.3;0.013
13553.8;0.014
13554.3;0.013
13554.8;0.011
13555.3;0.015
13555.8;0.014
13556.3;0.009
13556.8;0.018
13557.3;0.01
13557.8;0.015
13558.3;0.004
13558.8;0.02
13559.3;0.009
13559.8;0.018
13560.3;0.009
13560.8;0.022
13561.3;0.01
13561.8;0.022
13562.3;0.013
13562.8;0.019
13563.3;0.007
13563.8;0.023
13564.3;0.007
13564.8;0.02
13565.3;0.005
13565.8;0.026
13566.3;0.002
13566.8;0.025
13567.3;0.003
13567.8;0.028
13568.3;0.005
13568.8;0.03
13569.3;0.008
13569.8;0.027
13570.3;0.01
13570.8;0.031
13571.3;0.022
13571.8;0.025
13572.3;0.022
13572.8;0.024
13573.3;0.027
13573.8;0.023
13574.3;0.025
13574.8;0.018
13575.3;0.017
13575.8;0.019
13576.3;0.017
13576.8;0.013
13577.3;0.013
13577.8;0.018
13578.3;0.013
13578.8;0.016
13579.3;0.014
13579.8;0.017
13580.3;0.008
13580.8;0.013
13581.3;0.014
13581.8;0.009
13582.3;0.013
13582.8;0.008
13583.3;0.016
13583.8;0.008
13584.3;0.014
13584.8;0.014
13585.3;0.016
13585.8;0.013
13586.3;0.014
13586.8;0.018
13587.3;0.009
13587.8;0.02
13588.3;0.009
13588.8;0.021
13589.3;0.004
13589.8;0.02
13590.3;0.006
13590.8;0.017
13591.3;0.009
13591.8;0.017
13592.3;0.013
13592.8;0.011
13593.3;0.017
13593.8;0.012
13594.3;0.018
13594.8;0.009
13595.3;0.021
13595.8;0.008
13596.3;0.016
13596.8;0.009
13597.3;0.017
13597.8;0.008
13598.3;0.014
13598.8;0.012
13599.3;0.014
13599.8;0.01
13600.3;0.015
13600.8;0.012
13601.3;0.016
13601.8;0.011
13602.3;0.02
13602.8;0.009
13603.3;0.018
13603.8;0.007
13604.3;0.021
13604.8;0.003
13605.3;0.02
13605.8;0.006
13606.3;0.019
13606.8;0.006
13607.3;0.02
13607.8;0.011
13608.3;0.017
13608.8;0.011
13609.3;0.017
13609.8;0.011
13610.3;0.014
13610.8;0.013
13611.3;0.015
13611.8;0.013
13612.3;0.014
13612.8;0.015
13613.3;0.013
13613.8;0.014
13614.3;0.013
13614.8;0.013
13615.3;0.013
13615.8;0.014
13616.3;0.012
13616.8;0.016
13617.3;0.012
13617.8;0.015
13618.3;0.012
13618.8;0.014
13619.3;0.012
13619.8;0.013
13620.3;0.013
13620.8;0.016
13621.3;0.015
13621.8;0.016
13622.3;0.015
13622.8;0.016
13623.3;0.013
13623.8;0.013
13624.3;0.014
13624.8;0.013
13625.3;0.012
13625.8;0.015
13626.3;0.012
13626.8;0.014
13627.3;0.012
13627.8;0.013
13628.3;0.013
13628.8;0.014
13629.3;0.016
13629.8;0.012
13630.3;0.017
13630.8;0.008
13631.3;0.018
13631.8;0.007
13632.3;0.02
13632.8;0.006
13633.3;0.021
13633.8;0.007
13634.3;0.018
13634.8;0.01
13635.3;0.017
13635.8;0.011
13636.3;0.013
13636.8;0.016
13637.3;0.009
13637.8;0.019
13638.3;0.007
13638.8;0.017
13639.3;0.004
13639.8;0.017
13640.3;0.007
13640.8;0.019
13641.3;0.013
13641.8;0.017
13642.3;0.014
13642.8;0.011
13643.3;0.011
13643.8;0.014
13644.3;0.016
13644.8;0.018
13645.3;0.02
13645.8;0.013
13646.3;0.016
13646.8;0.007
13647.3;0.014
13647.8;0.007
13648.3;0.02
13648.8;0.012
13649.3;0.021
13649.8;0.013
13650.3;0.014
13650.8;0.012
13651.3;0.012
13651.8;0.015
13652.3;0.013
13652.8;0.016
13653.3;0.012
13653.8;0.013
13654.3;0.012
13654.8;0.015
13655.3;0.015
13655.8;0.016
13656.3;0.012
13656.8;0.012
13657.3;0.007
13657.8;0.016
13658.3;0.014
13658.8;0.019
13659.3;0.019
13659.8;0.013
13660.3;0.015
13660.8;0.002
13661.3;0.015
13661.8;0.01
13662.3;0.023
13662.8;0.012
13663.3;0.02
13663.8;0.012
13664.3;0.011
13664.8;0.01
13665.3;0.016
13665.8;0.014
13666.3;0.018
13666.8;0.016
13667.3;0.014
13667.8;0.012
13668.3;0.013
13668.8;0.019
13669.3;0.011
13669.8;0.019
13670.3;0.007
13670.8;0.015
13671.3;0.004
13671.8;0.022
13672.3;0.016
13672.8;0.024
13673.3;0.021
13673.8;0.008
13674.3;0.014
13674.8;0.009
13675.3;0.017
13675.8;0.018
13676.3;0.025
13676.8;0.014
13677.3;0.02
13677.8;0.009
13678.3;0.012
13678.8;0.009
13679.3;0.021
13679.8;0.014
13680.3;0.018
13680.8;0.013
13681.3;0.014
13681.8;0.014
13682.3;0.015
13682.8;0.029
13683.3;0.011
13683.8;0.021
13684.3;0.009
13684.8;0.012
13685.3;0.013
13685.8;0.028
13686.3;0.027
13686.8;0.026
13687.3;0.03
13687.8;0.009
13688.3;0.011
13688.8;0.021
13689.3;0.018
13689.8;0.03
13690.3;0.033
13690.8;0.027
13691.3;0.025
13691.8;0.018
13692.3;0.005
13692.8;0.005
13693.3;0.029
13693.8;0.02
13694.3;0.03
13694.8;0.027
13695.3;0.018
13695.8;0.015
13696.3;0.004
13696.8;0.014
13697.3;0.009
13697.8;0.021
13698.3;0.012
13698.8;0.023
13699.3;0.013
13699.8;0.016
13700.3;0.015
13700.8;0.009
13701.3;0.013
13701.8;0.012
13702.3;0.012
13702.8;0.016
13703.3;0.019
13703.8;0.018
13704.3;0.019
13704.8;0.014
13705.3;0.013
13705.8;0.005
13706.3;0.012
13706.8;0.006
13707.3;0.023
13707.8;0.017
13708.3;0.02
13708.8;0.021
13709.3;0.01
13709.8;0.013
13710.3;0.003
13710.8;0.016
13711.3;0.012
13711.8;0.019
13712.3;0.018
13712.8;0.018
13713.3;0.012
13713.8;0.013
13714.3;0.013
13714.8;0.013
13715.3;0.011
13715.8;0.016
13716.3;0.013
13716.8;0.015
13717.3;0.018
13717.8;0.015
13718.3;0.017
13718.8;0.009
13719.3;0.017
13719.8;0.004
13720.3;0.012
13720.8;0.008
13721.3;0.021
13721.8;0.013
13722.3;0.018
13722.8;0.018
13723.3;0.011
13723.8;0.012
13724.3;0.006
13724.8;0.015
13725.3;0.013
13725.8;0.018
13726.3;0.016
13726.8;0.02
13727.3;0.012
13727.8;0.016
13728.3;0.01
13728.8;0.013
13729.3;0.01
13729.8;0.015
13730.3;0.012
13730.8;0.014
13731.3;0.017
13731.8;0.016
13732.3;0.02
13732.8;0.01
13733.3;0.017
13733.8;0.003
13734.3;0.008
13734.8;0.01
13735.3;0.022
13735.8;0.02
13736.3;0.022
13736.8;0.023
13737.3;0.011
13737.8;0.009
13738.3;0.006
13738.8;0.017
13739.3;0.018
13739.8;0.028
13740.3;0.023
13740.8;0.021
13741.3;0.013
13741.8;0.008
13742.3;0.002
13742.8;0.016
13743.3;0.015
13743.8;0.024
13744.3;0.022
13744.8;0.015
13745.3;0.018
13745.8;0.008
13746.3;0.01
13746.8;0.007
13747.3;0.017
13747.8;0.011
13748.3;0.018
13748.8;0.014
13749.3;0.019
13749.8;0.016
13750.3;0.016
13750.8;0.014
13751.3;0.005
13751.8;0.005
13752.3;0.013
13752.8;0.019
13753.3;0.022
13753.8;0.027
13754.3;0.018
13754.8;0.016
13755.3;0.005
13755.8;0.005
13756.3;0.016
13756.8;0.023
13757.3;0.023
13757.8;0.027
13758.3;0.02
13758.8;0.014
13759.3;0.005
13759.8;0.008
13760.3;0.016
13760.8;0.02
13761.3;0.027
13761.8;0.021
13762.3;0.019
13762.8;0.008
13763.3;0.006
13763.8;0.007
13764.3;0.018
13764.8;0.018
13765.3;0.021
13765.8;0.014
13766.3;0.011
13766.8;0.006
13767.3;0.013
13767.8;0.015
13768.3;0.021
13768.8;0.018
13769.3;0.014
13769.8;0.009
13770.3;0.009
13770.8;0.012
13771.3;0.017
13771.8;0.022
13772.3;0.02
13772.8;0.016
13773.3;0.011
13773.8;0.007
13774.3;0.007
13774.8;0.018
13775.3;0.024
13775.8;0.023
13776.3;0.024
13776.8;0.011
13777.3;0.007
13777.8;0.008
13778.3;0.015
13778.8;0.023
13779.3;0.029
13779.8;0.021
13780.3;0.024
13780.8;0.005
13781.3;0.009
13781.8;0.016
13782.3;0.019
13782.8;0.022
13783.3;0.033
13783.8;0.013
13784.3;0.024
13784.8;0.005
13785.3;0.006
13785.8;0.009
13786.3;0.026
13786.8;0.019
13787.3;0.027
13787.8;0.018
13788.3;0.01
13788.8;0.005
13789.3;0.009
13789.8;0.014
13790.3;0.018
13790.8;0.025
13791.3;0.017
13791.8;0.016
13792.3;0.01
13792.8;0.009
13793.3;0.006
13793.8;0.02
13794.3;0.018
13794.8;0.017
13795.3;0.02
13795.8;0.011
13796.3;0.01
13796.8;0.011
13797.3;0.016
13797.8;0.014
13798.3;0.021
13798.8;0.015
13799.3;0.012
13799.8;0.009
13800.3;0.012
13800.8;0.011
13801.3;0.012
13801.8;0.023
13802.3;0.01
13802.8;0.019
13803.3;0.005
13803.8;0.019
13804.3;0.006
13804.8;0.025
13805.3;0.006
13805.8;0.029
13806.3;0.003
13806.8;0.026
13807.3;0.008
13807.8;0.022
13808.3;0.008
13808.8;0.022
13809.3;0.005
13809.8;0.024
13810.3;0.006
13810.8;0.02
13811.3;0.01
13811.8;0.012
13812.3;0.009
13812.8;0.016
13813.3;0.015
13813.8;0.012
13814.3;0.021
13814.8;0.008
13815.3;0.016
13815.8;0.007
13816.3;0.021
13816.8;0.002
13817.3;0.024
13817.8;0.005
13818.3;0.024
13818.8;0.006
13819.3;0.028
13819.8;0.006
13820.3;0.027
13820.8;0.004
13821.3;0.026
13821.8;0.007
13822.3;0.027
13822.8;0.01
13823.3;0.022
13823.8;0.012
13824.3;0.017
13824.8;0.012
13825.3;0.014
13825.8;0.017
13826.3;0.008
13826.8;0.026
13827.3;0.009
13827.8;0.025
13828.3;0.008
13828.8;0.024
13829.3;0.006
13829.8;0.025
13830.3;0.005
13830.8;0.022
13831.3;0.008
13831.8;0.02
13832.3;0.008
13832.8;0.011
13833.3;0.014
13833.8;0.01
13834.3;0.018
13834.8;0.012
13835.3;0.02
13835.8;0.006
13836.3;0.018
13836.8;0.006
13837.3;0.017
13837.8;0.014
13838.3;0.019
13838.8;0.017
13839.3;0.019
13839.8;0.015
13840.3;0.015
13840.8;0.018
13841.3;0.012
13841.8;0.023
13842.3;0.012
13842.8;0.022
13843.3;0.007
13843.8;0.02
13844.3;0.008
13844.8;0.018
13845.3;0.013
13845.8;0.015
13846.3;0.014
13846.8;0.012
13847.3;0.018
13847.8;0.014
13848.3;0.018
13848.8;0.016
13849.3;0.02
13849.8;0.008
13850.3;0.023
13850.8;0.005
13851.3;0.022
13851.8;0.009
13852.3;0.024
13852.8;0.007
13853.3;0.015
13853.8;0.01
13854.3;0.017
13854.8;0.014
13855.3;0.02
13855.8;0.017
13856.3;0.017
13856.8;0.014
13857.3;0.008
13857.8;0.014
13858.3;0.009
13858.8;0.017
13859.3;0.018
13859.8;0.019
13860.3;0.018
13860.8;0.018
13861.3;0.016
13861.8;0.013
13862.3;0.024
13862.8;0.017
13863.3;0.025
13863.8;0.01
13864.3;0.03
13864.8;0.007
13865.3;0.026
13865.8;0.006
13866.3;0.03
13866.8;0.008
13867.3;0.03
13867.8;0.005
13868.3;0.027
13868.8;0.01
13869.3;0.029
13869.8;0.008
13870.3;0.02
13870.8;0.016
13871.3;0.017
13871.8;0.015
13872.3;0.009
13872.8;0.021
13873.3;0.009
13873.8;0.015
13874.3;0.012
13874.8;0.017
13875.3;0.008
13875.8;0.017
13876.3;0.015
13876.8;0.014
13877.3;0.018
13877.8;0.01
13878.3;0.024
13878.8;0.003
13879.3;0.031
13879.8;0.003
13880.3;0.026
13880.8;0.001
13881.3;0.029
13881.8;0.003
13882.3;0.024
13882.8;0.005
13883.3;0.029
13883.8;0.009
13884.3;0.025
13884.8;0.013
13885.3;0.021
13885.8;0.016
13886.3;0.018
13886.8;0.014
13887.3;0.015
13887.8;0.014
13888.3;0.018
13888.8;0.011
13889.3;0.011
13889.8;0.017
13890.3;0.009
13890.8;0.015
13891.3;0.013
13891.8;0.017
13892.3;0.012
13892.8;0.013
13893.3;0.017
13893.8;0.012
13894.3;0.011
13894.8;0.016
13895.3;0.014
13895.8;0.012
13896.3;0.016
13896.8;0.012
13897.3;0.018
13897.8;0.011
13898.3;0.02
13898.8;0.012
13899.3;0.015
13899.8;0.016
13900.3;0.015
13900.8;0.013
13901.3;0.01
13901.8;0.017
13902.3;0.011
13902.8;0.016
13903.3;0.008
13903.8;0.019
13904.3;0.005
13904.8;0.02
13905.3;0.008
13905.8;0.014
13906.3;0.009
13906.8;0.014
13907.3;0.013
13907.8;0.011
13908.3;0.017
13908.8;0.011
13909.3;0.017
13909.8;0.008
13910.3;0.019
13910.8;0.011
13911.3;0.016
13911.8;0.013
13912.3;0.017
13912.8;0.013
13913.3;0.014
13913.8;0.016
13914.3;0.011
13914.8;0.018
13915.3;0.011
13915.8;0.019
13916.3;0.01
13916.8;0.019
13917.3;0.011
13917.8;0.015
13918.3;0.01
13918.8;0.015
13919.3;0.013
13919.8;0.013
13920.3;0.013
13920.8;0.014
13921.3;0.014
13921.8;0.014
13922.3;0.015
13922.8;0.013
13923.3;0.016
13923.8;0.01
13924.3;0.017
13924.8;0.008
13925.3;0.016
13925.8;0.008
13926.3;0.017
13926.8;0.006
13927.3;0.02
13927.8;0.007
13928.3;0.021
13928.8;0.008
13929.3;0.019
13929.8;0.01
13930.3;0.015
13930.8;0.012
13931.3;0.013
13931.8;0.016
13932.3;0.01
13932.8;0.019
13933.3;0.009
13933.8;0.022
13934.3;0.003
13934.8;0.026
13935.3;0.002
13935.8;0.026
13936.3;0.006
13936.8;0.02
13937.3;0.009
13937.8;0.015
13938.3;0.014
13938.8;0.013
13939.3;0.015
13939.8;0.011
13940.3;0.015
13940.8;0.011
13941.3;0.019
13941.8;0.011
13942.3;0.02
13942.8;0.01
13943.3;0.016
13943.8;0.013
13944.3;0.012
13944.8;0.015
13945.3;0.011
13945.8;0.014
13946.3;0.014
13946.8;0.011
13947.3;0.015
13947.8;0.012
13948.3;0.016
13948.8;0.012
13949.3;0.016
13949.8;0.008
13950.3;0.02
13950.8;0.008
13951.3;0.022
13951.8;0.008
13952.3;0.025
13952.8;0.01
13953.3;0.021
13953.8;0.017
13954.3;0.02
13954.8;0.022
13955.3;0.023
13955.8;0.022
13956.3;0.023
13956.8;0.018
13957.3;0.017
13957.8;0.018
13958.3;0.01
13958.8;0.017
13959.3;0.015
13959.8;0.013
13960.3;0.021
13960.8;0.005
13961.3;0.022
13961.8;0.004
13962.3;0.021
13962.8;0.004
13963.3;0.024
13963.8;0.002
13964.3;0.026
13964.8;0.005
13965.3;0.028
13965.8;0.008
13966.3;0.024
13966.8;0.011
13967.3;0.024
13967.8;0.011
13968.3;0.021
13968.8;0.013
13969.3;0.019
13969.8;0.016
13970.3;0.016
13970.8;0.014
13971.3;0.018
13971.8;0.014
13972.3;0.015
13972.8;0.018
13973.3;0.011
13973.8;0.016
13974.3;0.014
13974.8;0.011
13975.3;0.018
13975.8;0.009
13976.3;0.019
13976.8;0.011
13977.3;0.015
13977.8;0.017
13978.3;0.02
13978.8;0.015
13979.3;0.02
13979.8;0.009
13980.3;0.017
13980.8;0.01
13981.3;0.013
13981.8;0.014
13982.3;0.017
13982.8;0.01
13983.3;0.017
13983.8;0.009
13984.3;0.018
13984.8;0.011
13985.3;0.015
13985.8;0.01
13986.3;0.018
13986.8;0.008
13987.3;0.02
13987.8;0.01
13988.3;0.016
13988.8;0.011
13989.3;0.014
13989.8;0.011
13990.3;0.016
13990.8;0.011
13991.3;0.016
13991.8;0.014
13992.3;0.014
13992.8;0.014
13993.3;0.014
13993.8;0.012
13994.3;0.016
13994.8;0.011
13995.3;0.017
13995.8;0.014
13996.3;0.013
13996.8;0.014
13997.3;0.014
13997.8;0.01
13998.3;0.017
13998.8;0.009
13999.3;0.013
13999.8;0.015
14000.3;0.01
14000.8;0.016
14001.3;0.011
14001.8;0.015
14002.3;0.011
14002.8;0.015
14003.3;0.009
14003.8;0.019
14004.3;0.007
14004.8;0.017
14005.3;0.01
14005.8;0.011
14006.3;0.013
14006.8;0.014
14007.3;0.012
14007.8;0.015
14008.3;0.013
14008.8;0.012
14009.3;0.015
14009.8;0.009
14010.3;0.017
14010.8;0.011
14011.3;0.014
14011.8;0.013
14012.3;0.015
14012.8;0.012
14013.3;0.015
14013.8;0.009
14014.3;0.015
14014.8;0.013
14015.3;0.01
14015.8;0.014
14016.3;0.012
14016.8;0.012
14017.3;0.014
14017.8;0.013
14018.3;0.013
14018.8;0.014
14019.3;0.012
14019.8;0.013
14020.3;0.014
14020.8;0.012
14021.3;0.015
14021.8;0.013
14022.3;0.012
14022.8;0.014
14023.3;0.012
14023.8;0.012
14024.3;0.013
14024.8;0.013
14025.3;0.013
14025.8;0.014
14026.3;0.011
14026.8;0.017
14027.3;0.011
14027.8;0.015
14028.3;0.011
14028.8;0.014
14029.3;0.012
14029.8;0.015
14030.3;0.012
14030.8;0.014
14031.3;0.012
14031.8;0.012
14032.3;0.013
14032.8;0.011
14033.3;0.014
14033.8;0.013
14034.3;0.013
14034.8;0.012
14035.3;0.015
14035.8;0.012
14036.3;0.014
14036.8;0.011
14037.3;0.013
14037.8;0.012
14038.3;0.013
14038.8;0.012
14039.3;0.013
14039.8;0.013
14040.3;0.013
14040.8;0.014
14041.3;0.009
14041.8;0.013
14042.3;0.011
14042.8;0.014
14043.3;0.011
14043.8;0.012
14044.3;0.012
14044.8;0.014
14045.3;0.012
14045.8;0.013
14046.3;0.013
14046.8;0.011
14047.3;0.013
14047.8;0.011
14048.3;0.014
14048.8;0.012
14049.3;0.015
14049.8;0.011
14050.3;0.015
14050.8;0.01
14051.3;0.014
14051.8;0.012
14052.3;0.014
14052.8;0.013
14053.3;0.013
14053.8;0.014
14054.3;0.013
14054.8;0.015
14055.3;0.012
14055.8;0.015
14056.3;0.011
14056.8;0.014
14057.3;0.011
14057.8;0.015
14058.3;0.011
14058.8;0.014
14059.3;0.013
14059.8;0.014
14060.3;0.015
14060.8;0.012
14061.3;0.014
14061.8;0.012
14062.3;0.015
14062.8;0.012
14063.3;0.014
14063.8;0.012
14064.3;0.015
14064.8;0.011
14065.3;0.015
14065.8;0.013
14066.3;0.013
14066.8;0.013
14067.3;0.014
14067.8;0.015
14068.3;0.011
14068.8;0.015
14069.3;0.009
14069.8;0.015
14070.3;0.011
14070.8;0.016
14071.3;0.011
14071.8;0.016
14072.3;0.012
14072.8;0.014
14073.3;0.014
14073.8;0.012
14074.3;0.016
14074.8;0.011
14075.3;0.017
14075.8;0.01
14076.3;0.017
14076.8;0.009
14077.3;0.019
14077.8;0.009
14078.3;0.017
14078.8;0.01
14079.3;0.014
14079.8;0.01
14080.3;0.013
14080.8;0.012
14081.3;0.011
14081.8;0.015
14082.3;0.01
14082.8;0.015
14083.3;0.01
14083.8;0.015
14084.3;0.011
14084.8;0.014
14085.3;0.012
14085.8;0.013
14086.3;0.015
14086.8;0.012
14087.3;0.016
14087.8;0.011
14088.3;0.014
14088.8;0.012
14089.3;0.015
14089.8;0.013
14090.3;0.013
14090.8;0.013
14091.3;0.011
14091.8;0.016
14092.3;0.012
14092.8;0.017
14093.3;0.01
14093.8;0.014
14094.3;0.011
14094.8;0.016
14095.3;0.011
14095.8;0.017
14096.3;0.009
14096.8;0.017
14097.3;0.009
14097.8;0.017
14098.3;0.009
14098.8;0.016
14099.3;0.01
14099.8;0.018
14100.3;0.008
14100.8;0.019
14101.3;0.008
14101.8;0.018
14102.3;0.008
14102.8;0.018
14103.3;0.009
14103.8;0.019
14104.3;0.006
14104.8;0.019
14105.3;0.007
14105.8;0.019
14106.3;0.008
14106.8;0.017
14107.3;0.009
14107.8;0.019
14108.3;0.007
14108.8;0.019
14109.3;0.007
14109.8;0.02
14110.3;0.006
14110.8;0.017
14111.3;0.008
14111.8;0.019
14112.3;0.01
14112.8;0.014
14113.3;0.012
14113.8;0.016
14114.3;0.012
14114.8;0.014
14115.3;0.013
14115.8;0.014
14116.3;0.013
14116.8;0.011
14117.3;0.013
14117.8;0.015
14118.3;0.013
14118.8;0.013
14119.3;0.011
14119.8;0.014
14120.3;0.014
14120.8;0.011
14121.3;0.015
14121.8;0.012
14122.3;0.018
14122.8;0.01
14123.3;0.018
14123.8;0.011
14124.3;0.021
14124.8;0.009
14125.3;0.019
14125.8;0.01
14126.3;0.021
14126.8;0.007
14127.3;0.015
14127.8;0.013
14128.3;0.015
14128.8;0.012
14129.3;0.011
14129.8;0.016
14130.3;0.014
14130.8;0.011
14131.3;0.011
14131.8;0.013
14132.3;0.017
14132.8;0.011
14133.3;0.017
14133.8;0.013
14134.3;0.023
14134.8;0.009
14135.3;0.019
14135.8;0.013
14136.3;0.021
14136.8;0.01
14137.3;0.014
14137.8;0.015
14138.3;0.016
14138.8;0.012
14139.3;0.011
14139.8;0.017
14140.3;0.015
14140.8;0.015
14141.3;0.012
14141.8;0.016
14142.3;0.018
14142.8;0.012
14143.3;0.019
14143.8;0.014
14144.3;0.024
14144.8;0.01
14145.3;0.02
14145.8;0.014
14146.3;0.023
14146.8;0.007
14147.3;0.017
14147.8;0.011
14148.3;0.018
14148.8;0.011
14149.3;0.01
14149.8;0.016
14150.3;0.012
14150.8;0.016
14151.3;0.007
14151.8;0.018
14152.3;0.01
14152.8;0.015
14153.3;0.008
14153.8;0.015
14154.3;0.015
14154.8;0.013
14155.3;0.01
14155.8;0.014
14156.3;0.013
14156.8;0.015
14157.3;0.008
14157.8;0.018
14158.3;0.009
14158.8;0.02
14159.3;0.002
14159.8;0.022
14160.3;0.005
14160.8;0.024
14161.3;0.0
14161.8;0.024
14162.3;0.005
14162.8;0.022
14163.3;0.005
14163.8;0.022
14164.3;0.009
14164.8;0.019
14165.3;0.01
14165.8;0.019
14166.3;0.013
14166.8;0.017
14167.3;0.01
14167.8;0.016
14168.3;0.012
14168.8;0.018
14169.3;0.008
14169.8;0.018
14170.3;0.011
14170.8;0.018
14171.3;0.008
14171.8;0.015
14172.3;0.01
14172.8;0.015
14173.3;0.009
14173.8;0.013
14174.3;0.014
14174.8;0.013
14175.3;0.014
14175.8;0.012
14176.3;0.015
14176.8;0.01
14177.3;0.012
14177.8;0.01
14178.3;0.012
14178.8;0.014
14179.3;0.011
14179.8;0.014
14180.3;0.013
14180.8;0.017
14181.3;0.009
14181.8;0.016
14182.3;0.01
14182.8;0.017
14183.3;0.01
14183.8;0.015
14184.3;0.012
14184.8;0.013
14185.3;0.012
14185.8;0.013
14186.3;0.013
14186.8;0.013
14187.3;0.012
14187.8;0.012
14188.3;0.012
14188.8;0.015
14189.3;0.01
14189.8;0.013
14190.3;0.011
14190.8;0.015
14191.3;0.011
14191.8;0.015
14192.3;0.011
14192.8;0.015
14193.3;0.013
14193.8;0.013
14194.3;0.014
14194.8;0.013
14195.3;0.01
14195.8;0.013
14196.3;0.01
14196.8;0.014
14197.3;0.012
14197.8;0.015
14198.3;0.01
14198.8;0.015
14199.3;0.012
14199.8;0.015
14200.3;0.013
14200.8;0.014
14201.3;0.014
14201.8;0.011
14202.3;0.017
14202.8;0.009
14203.3;0.017
14203.8;0.007
14204.3;0.02
14204.8;0.008
14205.3;0.018
14205.8;0.009
14206.3;0.017
14206.8;0.012
14207.3;0.016
14207.8;0.013
14208.3;0.012
14208.8;0.014
14209.3;0.011
14209.8;0.016
14210.3;0.01
14210.8;0.016
14211.3;0.01
14211.8;0.016
14212.3;0.012
14212.8;0.014
14213.3;0.013
14213.8;0.012
14214.3;0.014
14214.8;0.012
14215.3;0.015
14215.8;0.01
14216.3;0.015
14216.8;0.011
14217.3;0.015
14217.8;0.011
14218.3;0.013
14218.8;0.013
14219.3;0.013
14219.8;0.015
14220.3;0.01
14220.8;0.016
14221.3;0.011
14221.8;0.016
14222.3;0.01
14222.8;0.016
14223.3;0.009
14223.8;0.016
14224.3;0.01
14224.8;0.015
14225.3;0.011
14225.8;0.015
14226.3;0.009
14226.8;0.015
14227.3;0.01
14227.8;0.016
14228.3;0.01
14228.8;0.016
14229.3;0.011
14229.8;0.015
14230.3;0.012
14230.8;0.016
14231.3;0.014
14231.8;0.014
14232.3;0.017
14232.8;0.012
14233.3;0.018
14233.8;0.009
14234.3;0.021
14234.8;0.007
14235.3;0.022
14235.8;0.004
14236.3;0.021
14236.8;0.004
14237.3;0.023
14237.8;0.006
14238.3;0.022
14238.8;0.009
14239.3;0.02
14239.8;0.011
14240.3;0.017
14240.8;0.014
14241.3;0.017
14241.8;0.016
14242.3;0.013
14242.8;0.018
14243.3;0.01
14243.8;0.018
14244.3;0.008
14244.8;0.018
14245.3;0.007
14245.8;0.017
14246.3;0.009
14246.8;0.016
14247.3;0.009
14247.8;0.017
14248.3;0.011
14248.8;0.017
14249.3;0.008
14249.8;0.016
14250.3;0.01
14250.8;0.015
14251.3;0.009
14251.8;0.015
14252.3;0.01
14252.8;0.016
14253.3;0.009
14253.8;0.015
14254.3;0.01
14254.8;0.016
14255.3;0.011
14255.8;0.015
14256.3;0.01
14256.8;0.014
14257.3;0.014
14257.8;0.012
14258.3;0.015
14258.8;0.013
14259.3;0.016
14259.8;0.01
14260.3;0.016
14260.8;0.011
14261.3;0.017
14261.8;0.009
14262.3;0.017
14262.8;0.009
14263.3;0.015
14263.8;0.009
14264.3;0.014
14264.8;0.01
14265.3;0.016
14265.8;0.009
14266.3;0.016
14266.8;0.01
14267.3;0.015
14267.8;0.011
14268.3;0.015
14268.8;0.011
14269.3;0.014
14269.8;0.011
14270.3;0.014
14270.8;0.012
14271.3;0.013
14271.8;0.013
14272.3;0.013
14272.8;0.014
14273.3;0.011
14273.8;0.014
14274.3;0.011
14274.8;0.015
14275.3;0.012
14275.8;0.014
14276.3;0.01
14276.8;0.015
14277.3;0.011
14277.8;0.014
14278.3;0.01
14278.8;0.014
14279.3;0.012
14279.8;0.014
14280.3;0.012
14280.8;0.015
14281.3;0.012
14281.8;0.012
14282.3;0.012
14282.8;0.013
14283.3;0.012
14283.8;0.012
14284.3;0.014
14284.8;0.012
14285.3;0.013
14285.8;0.012
14286.3;0.015
14286.8;0.012
14287.3;0.013
14287.8;0.011
14288.3;0.013
14288.8;0.011
14289.3;0.013
14289.8;0.013
14290.3;0.013
14290.8;0.012
14291.3;0.013
14291.8;0.013
14292.3;0.011
14292.8;0.013
14293.3;0.012
14293.8;0.013
14294.3;0.013
14294.8;0.013
14295.3;0.012
14295.8;0.013
14296.3;0.013
14296.8;0.012
14297.3;0.012
14297.8;0.015
14298.3;0.011
14298.8;0.016
14299.3;0.011
14299.8;0.014
14300.3;0.011
14300.8;0.014
14301.3;0.013
14301.8;0.011
14302.3;0.014
14302.8;0.012
14303.3;0.015
14303.8;0.009
14304.3;0.014
14304.8;0.012
14305.3;0.014
14305.8;0.012
14306.3;0.014
14306.8;0.011
14307.3;0.013
14307.8;0.013
14308.3;0.016
14308.8;0.011
14309.3;0.015
14309.8;0.012
14310.3;0.013
14310.8;0.012
14311.3;0.013
14311.8;0.014
14312.3;0.011
14312.8;0.015
14313.3;0.013
14313.8;0.011
14314.3;0.013
14314.8;0.012
14315.3;0.017
14315.8;0.011
14316.3;0.015
14316.8;0.014
14317.3;0.011
14317.8;0.015
14318.3;0.01
14318.8;0.019
14319.3;0.005
14319.8;0.019
14320.3;0.011
14320.8;0.015
14321.3;0.011
14321.8;0.014
14322.3;0.015
14322.8;0.009
14323.3;0.015
14323.8;0.014
14324.3;0.012
14324.8;0.013
14325.3;0.013
14325.8;0.015
14326.3;0.011
14326.8;0.013
14327.3;0.016
14327.8;0.01
14328.3;0.015
14328.8;0.01
14329.3;0.018
14329.8;0.009
14330.3;0.016
14330.8;0.015
14331.3;0.009
14331.8;0.014
14332.3;0.013
14332.8;0.014
14333.3;0.014
14333.8;0.01
14334.3;0.019
14334.8;0.005
14335.3;0.017
14335.8;0.01
14336.3;0.016
14336.8;0.012
14337.3;0.016
14337.8;0.02
14338.3;0.006
14338.8;0.017
14339.3;0.009
14339.8;0.016
14340.3;0.011
14340.8;0.014
14341.3;0.016
14341.8;0.009
14342.3;0.014
14342.8;0.012
14343.3;0.015
14343.8;0.01
14344.3;0.015
14344.8;0.017
14345.3;0.007
14345.8;0.015
14346.3;0.013
14346.8;0.011
14347.3;0.014
14347.8;0.011
14348.3;0.015
14348.8;0.013
14349.3;0.01
14349.8;0.016
14350.3;0.013
14350.8;0.012
14351.3;0.013
14351.8;0.016
14352.3;0.011
14352.8;0.017
14353.3;0.02
14353.8;0.008
14354.3;0.02
14354.8;0.005
14355.3;0.022
14355.8;0.009
14356.3;0.015
14356.8;0.014
14357.3;0.013
14357.8;0.011
14358.3;0.016
14358.8;0.016
14359.3;0.008
14359.8;0.016
14360.3;0.015
14360.8;0.01
14361.3;0.015
14361.8;0.012
14362.3;0.014
14362.8;0.015
14363.3;0.009
14363.8;0.019
14364.3;0.01
14364.8;0.012
14365.3;0.014
14365.8;0.017
14366.3;0.006
14366.8;0.019
14367.3;0.014
14367.8;0.011
14368.3;0.015
14368.8;0.011
14369.3;0.013
14369.8;0.014
14370.3;0.01
14370.8;0.018
14371.3;0.016
14371.8;0.009
14372.3;0.022
14372.8;0.006
14373.3;0.015
14373.8;0.011
14374.3;0.02
14374.8;0.005
14375.3;0.019
14375.8;0.011
14376.3;0.019
14376.8;0.013
14377.3;0.014
14377.8;0.015
14378.3;0.011
14378.8;0.011
14379.3;0.016
14379.8;0.015
14380.3;0.009
14380.8;0.018
14381.3;0.009
14381.8;0.01
14382.3;0.015
14382.8;0.013
14383.3;0.012
14383.8;0.016
14384.3;0.008
14384.8;0.017
14385.3;0.009
14385.8;0.009
14386.3;0.021
14386.8;0.009
14387.3;0.016
14387.8;0.015
14388.3;0.015
14388.8;0.008
14389.3;0.015
14389.8;0.01
14390.3;0.017
14390.8;0.013
14391.3;0.016
14391.8;0.013
14392.3;0.012
14392.8;0.009
14393.3;0.013
14393.8;0.014
14394.3;0.012
14394.8;0.021
14395.3;0.011
14395.8;0.014
14396.3;0.015
14396.8;0.01
14397.3;0.011
14397.8;0.014
14398.3;0.009
14398.8;0.021
14399.3;0.01
14399.8;0.017
14400.3;0.015
14400.8;0.009
14401.3;0.01
14401.8;0.015
14402.3;0.014
14402.8;0.015
14403.3;0.016
14403.8;0.014
14404.3;0.014
14404.8;0.01
14405.3;0.014
14405.8;0.009
14406.3;0.016
14406.8;0.011
14407.3;0.019
14407.8;0.011
14408.3;0.013
14408.8;0.012
14409.3;0.014
14409.8;0.006
14410.3;0.021
14410.8;0.006
14411.3;0.019
14411.8;0.011
14412.3;0.014
14412.8;0.01
14413.3;0.011
14413.8;0.006
14414.3;0.018
14414.8;0.007
14415.3;0.02
14415.8;0.011
14416.3;0.018
14416.8;0.011
14417.3;0.011
14417.8;0.01
14418.3;0.013
14418.8;0.013
14419.3;0.02
14419.8;0.011
14420.3;0.017
14420.8;0.01
14421.3;0.012
14421.8;0.012
14422.3;0.016
14422.8;0.016
14423.3;0.021
14423.8;0.013
14424.3;0.02
14424.8;0.009
14425.3;0.016
14425.8;0.011
14426.3;0.015
14426.8;0.014
14427.3;0.018
14427.8;0.014
14428.3;0.019
14428.8;0.008
14429.3;0.015
14429.8;0.01
14430.3;0.01
14430.8;0.016
14431.3;0.01
14431.8;0.018
14432.3;0.009
14432.8;0.016
14433.3;0.008
14433.8;0.013
14434.3;0.006
14434.8;0.02
14435.3;0.008
14435.8;0.02
14436.3;0.009
14436.8;0.017
14437.3;0.013
14437.8;0.013
14438.3;0.014
14438.8;0.013
14439.3;0.014
14439.8;0.015
14440.3;0.013
14440.8;0.013
14441.3;0.017
14441.8;0.01
14442.3;0.016
14442.8;0.013
14443.3;0.014
14443.8;0.015
14444.3;0.014
14444.8;0.017
14445.3;0.013
14445.8;0.015
14446.3;0.01
14446.8;0.014
14447.3;0.008
14447.8;0.019
14448.3;0.009
14448.8;0.023
14449.3;0.01
14449.8;0.015
14450.3;0.01
14450.8;0.012
14451.3;0.012
14451.8;0.015
14452.3;0.013
14452.8;0.013
14453.3;0.013
14453.8;0.008
14454.3;0.015
14454.8;0.006
14455.3;0.02
14455.8;0.011
14456.3;0.016
14456.8;0.012
14457.3;0.012
14457.8;0.01
14458.3;0.015
14458.8;0.012
14459.3;0.017
14459.8;0.014
14460.3;0.013
14460.8;0.016
14461.3;0.007
14461.8;0.018
14462.3;0.009
14462.8;0.017
14463.3;0.011
14463.8;0.014
14464.3;0.009
14464.8;0.016
14465.3;0.011
14465.8;0.019
14466.3;0.012
14466.8;0.016
14467.3;0.014
14467.8;0.011
14468.3;0.016
14468.8;0.01
14469.3;0.014
14469.8;0.012
14470.3;0.009
14470.8;0.012
14471.3;0.011
14471.8;0.012
14472.3;0.014
14472.8;0.015
14473.3;0.01
14473.8;0.018
14474.3;0.01
14474.8;0.02
14475.3;0.008
14475.8;0.019
14476.3;0.007
14476.8;0.014
14477.3;0.005
14477.8;0.016
14478.3;0.009
14478.8;0.02
14479.3;0.009
14479.8;0.017
14480.3;0.008
14480.8;0.014
14481.3;0.014
14481.8;0.018
14482.3;0.016
14482.8;0.015
14483.3;0.01
14483.8;0.012
14484.3;0.011
14484.8;0.015
14485.3;0.016
14485.8;0.016
14486.3;0.012
14486.8;0.01
14487.3;0.007
14487.8;0.013
14488.3;0.013
14488.8;0.021
14489.3;0.018
14489.8;0.018
14490.3;0.008
14490.8;0.01
14491.3;0.009
14491.8;0.019
14492.3;0.014
14492.8;0.02
14493.3;0.012
14493.8;0.008
14494.3;0.004
14494.8;0.011
14495.3;0.014
14495.8;0.022
14496.3;0.021
14496.8;0.016
14497.3;0.012
14497.8;0.005
14498.3;0.013
14498.8;0.015
14499.3;0.021
14499.8;0.018
14500.3;0.016
14500.8;0.009
14501.3;0.005
14501.8;0.008
14502.3;0.016
14502.8;0.018
14503.3;0.022
14503.8;0.016
14504.3;0.014
14504.8;0.006
14505.3;0.009
14505.8;0.018
14506.3;0.02
14506.8;0.018
14507.3;0.018
14507.8;0.008
14508.3;0.007
14508.8;0.009
14509.3;0.011
14509.8;0.017
14510.3;0.018
14510.8;0.014
14511.3;0.016
14511.8;0.007
14512.3;0.011
14512.8;0.012
14513.3;0.018
14513.8;0.014
14514.3;0.018
14514.8;0.01
14515.3;0.014
14515.8;0.006
14516.3;0.015
14516.8;0.009
14517.3;0.019
14517.8;0.008
14518.3;0.018
14518.8;0.008
14519.3;0.018
14519.8;0.008
14520.3;0.019
14520.8;0.007
14521.3;0.017
14521.8;0.008
14522.3;0.017
14522.8;0.009
14523.3;0.018
14523.8;0.009
14524.3;0.014
14524.8;0.007
14525.3;0.013
14525.8;0.011
14526.3;0.017
14526.8;0.016
14527.3;0.014
14527.8;0.013
14528.3;0.008
14528.8;0.013
14529.3;0.011
14529.8;0.02
14530.3;0.011
14530.8;0.02
14531.3;0.006
14531.8;0.013
14532.3;0.007
14532.8;0.018
14533.3;0.012
14533.8;0.021
14534.3;0.011
14534.8;0.015
14535.3;0.005
14535.8;0.012
14536.3;0.011
14536.8;0.017
14537.3;0.016
14537.8;0.018
14538.3;0.012
14538.8;0.012
14539.3;0.009
14539.8;0.014
14540.3;0.012
14540.8;0.019
14541.3;0.013
14541.8;0.014
14542.3;0.012
14542.8;0.012
14543.3;0.011
14543.8;0.018
14544.3;0.014
14544.8;0.018
14545.3;0.014
14545.8;0.011
14546.3;0.015
14546.8;0.012
14547.3;0.015
14547.8;0.017
14548.3;0.016
14548.8;0.016
14549.3;0.014
14549.8;0.01
14550.3;0.013
14550.8;0.011
14551.3;0.016
14551.8;0.016
14552.3;0.018
14552.8;0.012
14553.3;0.016
14553.8;0.004
14554.3;0.017
14554.8;0.005
14555.3;0.024
14555.8;0.007
14556.3;0.026
14556.8;0.003
14557.3;0.022
14557.8;0.004
14558.3;0.023
14558.8;0.003
14559.3;0.026
14559.8;0.006
14560.3;0.023
14560.8;0.009
14561.3;0.019
14561.8;0.005
14562.3;0.017
14562.8;0.006
14563.3;0.019
14563.8;0.011
14564.3;0.018
14564.8;0.01
14565.3;0.016
14565.8;0.006
14566.3;0.013
14566.8;0.008
14567.3;0.018
14567.8;0.013
14568.3;0.019
14568.8;0.01
14569.3;0.017
14569.8;0.007
14570.3;0.012
14570.8;0.012
14571.3;0.015
14571.8;0.016
14572.3;0.017
14572.8;0.012
14573.3;0.014
14573.8;0.007
14574.3;0.015
14574.8;0.007
14575.3;0.022
14575.8;0.008
14576.3;0.025
14576.8;0.003
14577.3;0.021
14577.8;0.003
14578.3;0.022
14578.8;0.007
14579.3;0.026
14579.8;0.006
14580.3;0.024
14580.8;0.005
14581.3;0.022
14581.8;0.008
14582.3;0.019
14582.8;0.01
14583.3;0.017
14583.8;0.012
14584.3;0.016
14584.8;0.009
14585.3;0.015
14585.8;0.011
14586.3;0.014
14586.8;0.012
14587.3;0.013
14587.8;0.013
14588.3;0.014
14588.8;0.014
14589.3;0.014
14589.8;0.013
14590.3;0.011
14590.8;0.013
14591.3;0.01
14591.8;0.017
14592.3;0.014
14592.8;0.016
14593.3;0.014
14593.8;0.012
14594.3;0.01
14594.8;0.011
14595.3;0.013
14595.8;0.013
14596.3;0.016
14596.8;0.012
14597.3;0.016
14597.8;0.008
14598.3;0.013
14598.8;0.007
14599.3;0.016
14599.8;0.01
14600.3;0.018
14600.8;0.011
14601.3;0.014
14601.8;0.011
14602.3;0.014
14602.8;0.013
14603.3;0.013
14603.8;0.014
14604.3;0.012
14604.8;0.016
14605.3;0.01
14605.8;0.014
14606.3;0.009
14606.8;0.016
14607.3;0.009
14607.8;0.017
14608.3;0.008
14608.8;0.018
14609.3;0.007
14609.8;0.017
14610.3;0.007
14610.8;0.018
14611.3;0.007
14611.8;0.018
14612.3;0.008
14612.8;0.018
14613.3;0.009
14613.8;0.019
14614.3;0.01
14614.8;0.016
14615.3;0.011
14615.8;0.016
14616.3;0.012
14616.8;0.016
14617.3;0.011
14617.8;0.015
14618.3;0.011
14618.8;0.013
14619.3;0.012
14619.8;0.013
14620.3;0.014
14620.8;0.013
14621.3;0.014
14621.8;0.011
14622.3;0.014
14622.8;0.012
14623.3;0.014
14623.8;0.013
14624.3;0.013
14624.8;0.011
14625.3;0.014
14625.8;0.011
14626.3;0.012
14626.8;0.011
14627.3;0.013
14627.8;0.012
14628.3;0.013
14628.8;0.013
14629.3;0.011
14629.8;0.011
14630.3;0.013
14630.8;0.012
14631.3;0.015
14631.8;0.012
14632.3;0.011
14632.8;0.013
14633.3;0.011
14633.8;0.013
14634.3;0.013
14634.8;0.013
14635.3;0.015
14635.8;0.014
14636.3;0.014
14636.8;0.012
14637.3;0.012
14637.8;0.011
14638.3;0.012
14638.8;0.011
14639.3;0.015
14639.8;0.012
14640.3;0.015
14640.8;0.012
14641.3;0.013
14641.8;0.011
14642.3;0.014
14642.8;0.011
14643.3;0.015
14643.8;0.012
14644.3;0.016
14644.8;0.011
14645.3;0.014
14645.8;0.012
14646.3;0.015
14646.8;0.012
14647.3;0.014
14647.8;0.015
14648.3;0.015
14648.8;0.012
14649.3;0.014
14649.8;0.01
14650.3;0.011
14650.8;0.011
14651.3;0.016
14651.8;0.011
14652.3;0.013
14652.8;0.013
14653.3;0.014
14653.8;0.011
14654.3;0.014
14654.8;0.011
14655.3;0.012
14655.8;0.013
14656.3;0.017
14656.8;0.013
14657.3;0.014
14657.8;0.013
14658.3;0.013
14658.8;0.01
14659.3;0.013
14659.8;0.015
14660.3;0.012
14660.8;0.014
14661.3;0.012
14661.8;0.013
14662.3;0.009
14662.8;0.013
14663.3;0.011
14663.8;0.015
14664.3;0.011
14664.8;0.018
14665.3;0.009
14665.8;0.014
14666.3;0.007
14666.8;0.018
14667.3;0.007
14667.8;0.019
14668.3;0.011
14668.8;0.019
14669.3;0.006
14669.8;0.019
14670.3;0.005
14670.8;0.014
14671.3;0.01
14671.8;0.02
14672.3;0.01
14672.8;0.019
14673.3;0.012
14673.8;0.015
14674.3;0.006
14674.8;0.013
14675.3;0.012
14675.8;0.011
14676.3;0.015
14676.8;0.017
14677.3;0.013
14677.8;0.009
14678.3;0.015
14678.8;0.009
14679.3;0.012
14679.8;0.012
14680.3;0.021
14680.8;0.008
14681.3;0.018
14681.8;0.009
14682.3;0.015
14682.8;0.005
14683.3;0.017
14683.8;0.008
14684.3;0.017
14684.8;0.01
14685.3;0.021
14685.8;0.007
14686.3;0.014
14686.8;0.007
14687.3;0.017
14687.8;0.007
14688.3;0.019
14688.8;0.013
14689.3;0.017
14689.8;0.007
14690.3;0.018
14690.8;0.007
14691.3;0.013
14691.8;0.01
14692.3;0.018
14692.8;0.008
14693.3;0.02
14693.8;0.011
14694.3;0.015
14694.8;0.005
14695.3;0.018
14695.8;0.007
14696.3;0.017
14696.8;0.01
14697.3;0.022
14697.8;0.01
14698.3;0.017
14698.8;0.008
14699.3;0.017
14699.8;0.005
14700.3;0.02
14700.8;0.01
14701.3;0.019
14701.8;0.005
14702.3;0.019
14702.8;0.006
14703.3;0.014
14703.8;0.006
14704.3;0.02
14704.8;0.008
14705.3;0.018
14705.8;0.011
14706.3;0.016
14706.8;0.009
14707.3;0.015
14707.8;0.01
14708.3;0.015
14708.8;0.012
14709.3;0.016
14709.8;0.011
14710.3;0.013
14710.8;0.012
14711.3;0.012
14711.8;0.01
14712.3;0.013
14712.8;0.014
14713.3;0.014
14713.8;0.014
14714.3;0.012
14714.8;0.013
14715.3;0.011
14715.8;0.013
14716.3;0.011
14716.8;0.015
14717.3;0.012
14717.8;0.014
14718.3;0.011
14718.8;0.014
14719.3;0.011
14719.8;0.014
14720.3;0.01
14720.8;0.015
14721.3;0.011
14721.8;0.014
14722.3;0.01
14722.8;0.014
14723.3;0.01
14723.8;0.014
14724.3;0.011
14724.8;0.015
14725.3;0.011
14725.8;0.016
14726.3;0.011
14726.8;0.015
14727.3;0.011
14727.8;0.015
14728.3;0.011
14728.8;0.014
14729.3;0.009
14729.8;0.016
14730.3;0.01
14730.8;0.014
14731.3;0.009
14731.8;0.015
14732.3;0.009
14732.8;0.015
14733.3;0.01
14733.8;0.016
14734.3;0.009
14734.8;0.017
14735.3;0.01
14735.8;0.015
14736.3;0.009
14736.8;0.017
14737.3;0.01
14737.8;0.016
14738.3;0.011
14738.8;0.016
14739.3;0.009
14739.8;0.017
14740.3;0.011
14740.8;0.016
14741.3;0.011
14741.8;0.015
14742.3;0.011
14742.8;0.016
14743.3;0.01
14743.8;0.017
14744.3;0.012
14744.8;0.016
14745.3;0.01
14745.8;0.015
14746.3;0.01
14746.8;0.015
14747.3;0.013
14747.8;0.017
14748.3;0.013
14748.8;0.014
14749.3;0.01
14749.8;0.013
14750.3;0.011
14750.8;0.015
14751.3;0.013
14751.8;0.013
14752.3;0.013
14752.8;0.014
14753.3;0.01
14753.8;0.012
14754.3;0.011
14754.8;0.014
14755.3;0.013
14755.8;0.014
14756.3;0.015
14756.8;0.009
14757.3;0.014
14757.8;0.01
14758.3;0.015
14758.8;0.01
14759.3;0.019
14759.8;0.012
14760.3;0.015
14760.8;0.008
14761.3;0.017
14761.8;0.009
14762.3;0.017
14762.8;0.009
14763.3;0.017
14763.8;0.008
14764.3;0.016
14764.8;0.011
14765.3;0.015
14765.8;0.011
14766.3;0.017
14766.8;0.01
14767.3;0.013
14767.8;0.011
14768.3;0.017
14768.8;0.012
14769.3;0.012
14769.8;0.012
14770.3;0.01
14770.8;0.011
14771.3;0.015
14771.8;0.017
14772.3;0.013
14772.8;0.013
14773.3;0.01
14773.8;0.012
14774.3;0.008
14774.8;0.015
14775.3;0.015
14775.8;0.015
14776.3;0.012
14776.8;0.016
14777.3;0.014
14777.8;0.009
14778.3;0.013
14778.8;0.011
14779.3;0.016
14779.8;0.011
14780.3;0.018
14780.8;0.013
14781.3;0.013
14781.8;0.008
14782.3;0.017
14782.8;0.006
14783.3;0.017
14783.8;0.013
14784.3;0.02
14784.8;0.006
14785.3;0.014
14785.8;0.008
14786.3;0.017
14786.8;0.009
14787.3;0.02
14787.8;0.01
14788.3;0.014
14788.8;0.01
14789.3;0.015
14789.8;0.013
14790.3;0.011
14790.8;0.015
14791.3;0.009
14791.8;0.013
14792.3;0.011
14792.8;0.02
14793.3;0.011
14793.8;0.014
14794.3;0.011
14794.8;0.014
14795.3;0.006
14795.8;0.019
14796.3;0.014
14796.8;0.02
14797.3;0.009
14797.8;0.015
14798.3;0.007
14798.8;0.009
14799.3;0.012
14799.8;0.016
14800.3;0.016
14800.8;0.014
14801.3;0.016
14801.8;0.011
14802.3;0.006
14802.8;0.009
14803.3;0.014
14803.8;0.018
14804.3;0.017
14804.8;0.024
14805.3;0.012
14805.8;0.01
14806.3;0.004
14806.8;0.011
14807.3;0.017
14807.8;0.021
14808.3;0.023
14808.8;0.018
14809.3;0.01
14809.8;0.008
14810.3;0.007
14810.8;0.015
14811.3;0.018
14811.8;0.022
14812.3;0.021
14812.8;0.013
14813.3;0.011
14813.8;0.005
14814.3;0.01
14814.8;0.014
14815.3;0.019
14815.8;0.019
14816.3;0.014
14816.8;0.015
14817.3;0.008
14817.8;0.004
14818.3;0.014
14818.8;0.013
14819.3;0.025
14819.8;0.011
14820.3;0.023
14820.8;0.005
14821.3;0.009
14821.8;0.009
14822.3;0.016
14822.8;0.019
14823.3;0.017
14823.8;0.017
14824.3;0.012
14824.8;0.006
14825.3;0.01
14825.8;0.009
14826.3;0.019
14826.8;0.014
14827.3;0.016
14827.8;0.018
14828.3;0.004
14828.8;0.016
14829.3;0.005
14829.8;0.022
14830.3;0.007
14830.8;0.024
14831.3;0.009
14831.8;0.016
14832.3;0.008
14832.8;0.011
14833.3;0.011
14833.8;0.017
14834.3;0.015
14834.8;0.02
14835.3;0.015
14835.8;0.013
14836.3;0.01
14836.8;0.009
14837.3;0.016
14837.8;0.007
14838.3;0.027
14838.8;0.008
14839.3;0.026
14839.8;0.009
14840.3;0.022
14840.8;0.003
14841.3;0.019
14841.8;0.009
14842.3;0.016
14842.8;0.017
14843.3;0.012
14843.8;0.016
14844.3;0.008
14844.8;0.014
14845.3;0.009
14845.8;0.017
14846.3;0.011
14846.8;0.021
14847.3;0.013
14847.8;0.023
14848.3;0.012
14848.8;0.024
14849.3;0.008
14849.8;0.024
14850.3;0.01
14850.8;0.016
14851.3;0.015
14851.8;0.009
14852.3;0.019
14852.8;0.006
14853.3;0.021
14853.8;0.004
14854.3;0.02
14854.8;0.005
14855.3;0.018
14855.8;0.01
14856.3;0.018
14856.8;0.016
14857.3;0.017
14857.8;0.015
14858.3;0.013
14858.8;0.014
14859.3;0.013
14859.8;0.021
14860.3;0.009
14860.8;0.026
14861.3;0.001
14861.8;0.023
14862.3;0.006
14862.8;0.02
14863.3;0.007
14863.8;0.025
14864.3;0.014
14864.8;0.017
14865.3;0.015
14865.8;0.006
14866.3;0.012
14866.8;0.013
14867.3;0.018
14867.8;0.016
14868.3;0.024
14868.8;0.011
14869.3;0.015
14869.8;0.005
14870.3;0.013
14870.8;0.005
14871.3;0.021
14871.8;0.016
14872.3;0.02
14872.8;0.019
14873.3;0.012
14873.8;0.015
14874.3;0.013
14874.8;0.013
14875.3;0.019
14875.8;0.022
14876.3;0.015
14876.8;0.019
14877.3;0.01
14877.8;0.01
14878.3;0.009
14878.8;0.015
14879.3;0.015
14879.8;0.016
14880.3;0.017
14880.8;0.014
14881.3;0.017
14881.8;0.014
14882.3;0.019
14882.8;0.014
14883.3;0.02
14883.8;0.007
14884.3;0.02
14884.8;0.004
14885.3;0.021
14885.8;0.004
14886.3;0.023
14886.8;0.011
14887.3;0.021
14887.8;0.012
14888.3;0.018
14888.8;0.011
14889.3;0.019
14889.8;0.019
14890.3;0.014
14890.8;0.024
14891.3;0.005
14891.8;0.017
14892.3;0.004
14892.8;0.023
14893.3;0.004
14893.8;0.031
14894.3;0.016
14894.8;0.025
14895.3;0.019
14895.8;0.016
14896.3;0.009
14896.8;0.023
14897.3;0.015
14897.8;0.02
14898.3;0.023
14898.8;0.01
14899.3;0.017
14899.8;0.003
14900.3;0.015
14900.8;0.01
14901.3;0.027
14901.8;0.014
14902.3;0.026
14902.8;0.016
14903.3;0.01
14903.8;0.006
14904.3;0.014
14904.8;0.012
14905.3;0.023
14905.8;0.025
14906.3;0.015
14906.8;0.023
14907.3;0.004
14907.8;0.011
14908.3;0.013
14908.8;0.022
14909.3;0.017
14909.8;0.026
14910.3;0.01
14910.8;0.017
14911.3;0.001
14911.8;0.01
14912.3;0.008
14912.8;0.02
14913.3;0.017
14913.8;0.016
14914.3;0.017
14914.8;0.008
14915.3;0.011
14915.8;0.011
14916.3;0.016
14916.8;0.014
14917.3;0.017
14917.8;0.013
14918.3;0.014
14918.8;0.011
14919.3;0.013
14919.8;0.01
14920.3;0.012
14920.8;0.013
14921.3;0.017
14921.8;0.013
14922.3;0.012
14922.8;0.013
14923.3;0.009
14923.8;0.01
14924.3;0.013
14924.8;0.013
14925.3;0.017
14925.8;0.011
14926.3;0.019
14926.8;0.009
14927.3;0.012
14927.8;0.011
14928.3;0.017
14928.8;0.012
14929.3;0.015
14929.8;0.014
14930.3;0.01
14930.8;0.01
14931.3;0.012
14931.8;0.017
14932.3;0.013
14932.8;0.016
14933.3;0.012
14933.8;0.012
14934.3;0.011
14934.8;0.015
14935.3;0.016
14935.8;0.01
14936.3;0.014
14936.8;0.009
14937.3;0.011
14937.8;0.013
14938.3;0.016
14938.8;0.018
14939.3;0.014
14939.8;0.012
14940.3;0.009
14940.8;0.013
14941.3;0.008
14941.8;0.02
14942.3;0.014
14942.8;0.019
14943.3;0.006
14943.8;0.014
14944.3;0.011
14944.8;0.01
14945.3;0.017
14945.8;0.017
14946.3;0.015
14946.8;0.01
14947.3;0.015
14947.8;0.006
14948.3;0.017
14948.8;0.014
14949.3;0.017
14949.8;0.013
14950.3;0.014
14950.8;0.017
14951.3;0.01
14951.8;0.017
14952.3;0.009
14952.8;0.022
14953.3;0.003
14953.8;0.022
14954.3;0.006
14954.8;0.022
14955.3;0.004
14955.8;0.022
14956.3;0.003
14956.8;0.018
14957.3;0.006
14957.8;0.019
14958.3;0.014
14958.8;0.015
14959.3;0.014
14959.8;0.011
14960.3;0.006
14960.8;0.013
14961.3;0.019
14961.8;0.012
14962.3;0.017
14962.8;0.012
14963.3;0.011
14963.8;0.008
14964.3;0.016
14964.8;0.016
14965.3;0.02
14965.8;0.015
14966.3;0.016
14966.8;0.012
14967.3;0.015
14967.8;0.019
14968.3;0.022
14968.8;0.016
14969.3;0.016
14969.8;0.012
14970.3;0.015
14970.8;0.011
14971.3;0.019
14971.8;0.014
14972.3;0.018
14972.8;0.006
14973.3;0.019
14973.8;0.013
14974.3;0.015
14974.8;0.014
14975.3;0.02
14975.8;0.008
14976.3;0.024
14976.8;0.018
14977.3;0.018
14977.8;0.02
14978.3;0.018
14978.8;0.015
14979.3;0.016
14979.8;0.008
14980.3;0.017
14980.8;0.012
14981.3;0.013
14981.8;0.015
14982.3;0.017
14982.8;0.007
14983.3;0.021
14983.8;0.007
14984.3;0.016
14984.8;0.012
14985.3;0.016
14985.8;0.015
14986.3;0.012
14986.8;0.013
14987.3;0.012
14987.8;0.02
14988.3;0.002
14988.8;0.027
14989.3;0.007
14989.8;0.021
14990.3;0.005
14990.8;0.023
14991.3;0.002
14991.8;0.024
14992.3;0.006
14992.8;0.017
14993.3;0.012
14993.8;0.009
14994.3;0.019
14994.8;0.007
14995.3;0.018
14995.8;0.011
14996.3;0.019
14996.8;0.005
14997.3;0.027
14997.8;0.007
14998.3;0.021
14998.8;0.006
14999.3;0.02
14999.8;0.008
15000.3;0.018
15000.8;0.005
15001.3;0.022
15001.8;0.009
15002.3;0.011
15002.8;0.013
15003.3;0.013
15003.8;0.011
15004.3;0.018
15004.8;0.011
15005.3;0.013
15005.8;0.017
15006.3;0.007
15006.8;0.014
15007.3;0.01
15007.8;0.017
15008.3;0.012
15008.8;0.013
15009.3;0.01
15009.8;0.022
15010.3;0.009
15010.8;0.011
15011.3;0.016
15011.8;0.014
15012.3;0.012
15012.8;0.01
15013.3;0.016
15013.8;0.012
15014.3;0.016
15014.8;0.005
15015.3;0.018
15015.8;0.01
15016.3;0.015
15016.8;0.012
15017.3;0.012
15017.8;0.014
15018.3;0.012
15018.8;0.012
15019.3;0.007
15019.8;0.021
15020.3;0.007
15020.8;0.017
15021.3;0.006
15021.8;0.016
15022.3;0.012
15022.8;0.014
15023.3;0.013
15023.8;0.014
15024.3;0.011
15024.8;0.006
15025.3;0.018
15025.8;0.012
15026.3;0.023
15026.8;0.007
15027.3;0.012
15027.8;0.007
15028.3;0.016
15028.8;0.011
15029.3;0.011
15029.8;0.015
15030.3;0.009
15030.8;0.016
15031.3;0.006
15031.8;0.023
15032.3;0.007
15032.8;0.017
15033.3;0.003
15033.8;0.022
15034.3;0.011
15034.8;0.023
15035.3;0.009
15035.8;0.019
15036.3;0.012
15036.8;0.018
15037.3;0.007
15037.8;0.013
15038.3;0.011
15038.8;0.011
15039.3;0.01
15039.8;0.012
15040.3;0.016
15040.8;0.01
15041.3;0.015
15041.8;0.016
15042.3;0.017
15042.8;0.005
15043.3;0.01
15043.8;0.017
15044.3;0.021
15044.8;0.019
15045.3;0.013
15045.8;0.015
15046.3;0.004
15046.8;0.017
15047.3;0.005
15047.8;0.019
15048.3;0.004
15048.8;0.019
15049.3;0.005
15049.8;0.025
15050.3;0.01
15050.8;0.02
15051.3;0.01
15051.8;0.015
15052.3;0.011
15052.8;0.025
15053.3;0.01
15053.8;0.016
15054.3;0.018
15054.8;0.019
15055.3;0.015
15055.8;0.015
15056.3;0.01
15056.8;0.007
15057.3;0.004
15057.8;0.016
15058.3;0.015
15058.8;0.014
15059.3;0.004
15059.8;0.022
15060.3;0.007
15060.8;0.018
15061.3;0.009
15061.8;0.011
15062.3;0.008
15062.8;0.021
15063.3;0.024
15063.8;0.015
15064.3;0.015
15064.8;0.012
15065.3;0.013
15065.8;0.01
15066.3;0.012
15066.8;0.017
15067.3;0.003
15067.8;0.018
15068.3;0.013
15068.8;0.024
15069.3;0.005
15069.8;0.021
15070.3;0.007
15070.8;0.027
15071.3;0.007
15071.8;0.031
15072.3;0.012
15072.8;0.032
15073.3;0.009
15073.8;0.035
15074.3;0.01
15074.8;0.019
15075.3;0.004
15075.8;0.015
15076.3;0.006
15076.8;0.022
15077.3;0.008
15077.8;0.017
15078.3;0.019
15078.8;0.02
15079.3;0.019
15079.8;0.02
15080.3;0.018
15080.8;0.021
15081.3;0.02
15081.8;0.027
15082.3;0.017
15082.8;0.021
15083.3;0.017
15083.8;0.014
15084.3;0.017
15084.8;0.014
15085.3;0.011
15085.8;0.009
15086.3;0.014
15086.8;0.01
15087.3;0.021
15087.8;0.008
15088.3;0.013
15088.8;0.005
15089.3;0.017
15089.8;0.006
15090.3;0.018
15090.8;0.007
15091.3;0.021
15091.8;0.008
15092.3;0.025
15092.8;0.008
15093.3;0.019
15093.8;0.004
15094.3;0.019
15094.8;0.007
15095.3;0.019
15095.8;0.009
15096.3;0.018
15096.8;0.012
15097.3;0.01
15097.8;0.019
15098.3;0.008
15098.8;0.015
15099.3;0.002
15099.8;0.021
15100.3;0.005
15100.8;0.022
15101.3;0.007
15101.8;0.02
15102.3;0.008
15102.8;0.016
15103.3;0.014
15103.8;0.013
15104.3;0.013
15104.8;0.01
15105.3;0.018
15105.8;0.01
15106.3;0.018
15106.8;0.009
15107.3;0.015
15107.8;0.008
15108.3;0.016
15108.8;0.012
15109.3;0.011
15109.8;0.011
15110.3;0.015
15110.8;0.014
15111.3;0.013
15111.8;0.013
15112.3;0.014
15112.8;0.009
15113.3;0.017
15113.8;0.011
15114.3;0.019
15114.8;0.006
15115.3;0.019
15115.8;0.007
15116.3;0.017
15116.8;0.009
15117.3;0.018
15117.8;0.008
15118.3;0.013
15118.8;0.015
15119.3;0.01
15119.8;0.013
15120.3;0.009
15120.8;0.018
15121.3;0.007
15121.8;0.016
15122.3;0.008
15122.8;0.017
15123.3;0.008
15123.8;0.016
15124.3;0.016
15124.8;0.011
15125.3;0.016
15125.8;0.012
15126.3;0.018
15126.8;0.008
15127.3;0.015
15127.8;0.013
15128.3;0.014
15128.8;0.013
15129.3;0.013
15129.8;0.014
15130.3;0.006
15130.8;0.018
15131.3;0.007
15131.8;0.017
15132.3;0.006
15132.8;0.021
15133.3;0.006
15133.8;0.017
15134.3;0.009
15134.8;0.017
15135.3;0.009
15135.8;0.015
15136.3;0.012
15136.8;0.016
15137.3;0.01
15137.8;0.013
15138.3;0.011
15138.8;0.011
15139.3;0.01
15139.8;0.016
15140.3;0.01
15140.8;0.019
15141.3;0.009
15141.8;0.02
15142.3;0.009
15142.8;0.02
15143.3;0.007
15143.8;0.02
15144.3;0.004
15144.8;0.026
15145.3;0.004
15145.8;0.024
15146.3;0.004
15146.8;0.022
15147.3;0.003
15147.8;0.018
15148.3;0.005
15148.8;0.023
15149.3;0.007
15149.8;0.022
15150.3;0.007
15150.8;0.017
15151.3;0.012
15151.8;0.016
15152.3;0.011
15152.8;0.016
15153.3;0.011
15153.8;0.022
15154.3;0.007
15154.8;0.019
15155.3;0.01
15155.8;0.02
15156.3;0.003
15156.8;0.02
15157.3;0.011
15157.8;0.026
15158.3;0.003
15158.8;0.023
15159.3;0.003
15159.8;0.021
15160.3;0.006
15160.8;0.021
15161.3;0.012
15161.8;0.018
15162.3;0.007
15162.8;0.016
15163.3;0.011
15163.8;0.012
15164.3;0.016
15164.8;0.004
15165.3;0.019
15165.8;0.008
15166.3;0.021
15166.8;0.007
15167.3;0.014
15167.8;0.011
15168.3;0.01
15168.8;0.007
15169.3;0.018
15169.8;0.015
15170.3;0.014
15170.8;0.011
15171.3;0.006
15171.8;0.015
15172.3;0.005
15172.8;0.016
15173.3;0.017
15173.8;0.015
15174.3;0.011
15174.8;0.011
15175.3;0.012
15175.8;0.015
15176.3;0.014
15176.8;0.01
15177.3;0.021
15177.8;0.013
15178.3;0.021
15178.8;0.004
15179.3;0.022
15179.8;0.007
15180.3;0.018
15180.8;0.01
15181.3;0.021
15181.8;0.019
15182.3;0.022
15182.8;0.009
15183.3;0.015
15183.8;0.013
15184.3;0.016
15184.8;0.019
15185.3;0.009
15185.8;0.021
15186.3;0.007
15186.8;0.017
15187.3;0.009
15187.8;0.021
15188.3;0.008
15188.8;0.02
15189.3;0.006
15189.8;0.022
15190.3;0.013
15190.8;0.013
15191.3;0.015
15191.8;0.006
15192.3;0.019
15192.8;0.004
15193.3;0.017
15193.8;0.016
15194.3;0.017
15194.8;0.01
15195.3;0.009
15195.8;0.007
15196.3;0.013
15196.8;0.015
15197.3;0.01
15197.8;0.023
15198.3;0.012
15198.8;0.017
15199.3;0.007
15199.8;0.02
15200.3;0.009
15200.8;0.018
15201.3;0.004
15201.8;0.02
15202.3;0.01
15202.8;0.018
15203.3;0.004
15203.8;0.012
15204.3;0.011
15204.8;0.005
15205.3;0.017
15205.8;0.01
15206.3;0.018
15206.8;0.01
15207.3;0.011
15207.8;0.012
15208.3;0.011
15208.8;0.012
15209.3;0.016
15209.8;0.019
15210.3;0.023
15210.8;0.015
15211.3;0.02
15211.8;0.015
15212.3;0.016
15212.8;0.016
15213.3;0.006
15213.8;0.013
15214.3;0.004
15214.8;0.016
15215.3;0.001
15215.8;0.016
15216.3;0.009
15216.8;0.015
15217.3;0.018
15217.8;0.014
15218.3;0.022
15218.8;0.014
15219.3;0.019
15219.8;0.018
15220.3;0.013
15220.8;0.012
15221.3;0.009
15221.8;0.016
15222.3;0.017
15222.8;0.009
15223.3;0.014
15223.8;0.009
15224.3;0.018
15224.8;0.008
15225.3;0.009
15225.8;0.006
15226.3;0.011
15226.8;0.017
15227.3;0.01
15227.8;0.017
15228.3;0.011
15228.8;0.023
15229.3;0.019
15229.8;0.018
15230.3;0.015
15230.8;0.009
15231.3;0.014
15231.8;0.014
15232.3;0.008
15232.8;0.007
15233.3;0.008
15233.8;0.015
15234.3;0.012
15234.8;0.013
15235.3;0.007
15235.8;0.016
15236.3;0.019
15236.8;0.015
15237.3;0.014
15237.8;0.008
15238.3;0.016
15238.8;0.018
15239.3;0.016
15239.8;0.014
15240.3;0.008
15240.8;0.018
15241.3;0.015
15241.8;0.017
15242.3;0.008
15242.8;0.006
15243.3;0.014
15243.8;0.013
15244.3;0.01
15244.8;0.002
15245.3;0.016
15245.8;0.018
15246.3;0.02
15246.8;0.016
15247.3;0.01
15247.8;0.016
15248.3;0.021
15248.8;0.02
15249.3;0.015
15249.8;0.007
15250.3;0.013
15250.8;0.014
15251.3;0.014
15251.8;0.008
15252.3;0.006
15252.8;0.014
15253.3;0.015
15253.8;0.016
15254.3;0.004
15254.8;0.012
15255.3;0.016
15255.8;0.02
15256.3;0.014
15256.8;0.009
15257.3;0.014
15257.8;0.019
15258.3;0.021
15258.8;0.017
15259.3;0.008
15259.8;0.01
15260.3;0.016
15260.8;0.017
15261.3;0.01
15261.8;0.004
15262.3;0.011
15262.8;0.016
15263.3;0.014
15263.8;0.007
15264.3;0.009
15264.8;0.016
15265.3;0.021
15265.8;0.017
15266.3;0.009
15266.8;0.012
15267.3;0.017
15267.8;0.019
15268.3;0.015
15268.8;0.008
15269.3;0.009
15269.8;0.015
15270.3;0.014
15270.8;0.011
15271.3;0.005
15271.8;0.007
15272.3;0.015
15272.8;0.015
15273.3;0.01
15273.8;0.008
15274.3;0.015
15274.8;0.017
15275.3;0.016
15275.8;0.011
15276.3;0.011
15276.8;0.015
15277.3;0.018
15277.8;0.015
15278.3;0.01
15278.8;0.01
15279.3;0.013
15279.8;0.016
15280.3;0.014
15280.8;0.006
15281.3;0.011
15281.8;0.013
15282.3;0.014
15282.8;0.012
15283.3;0.009
15283.8;0.013
15284.3;0.016
15284.8;0.017
15285.3;0.014
15285.8;0.009
15286.3;0.012
15286.8;0.015
15287.3;0.017
15287.8;0.012
15288.3;0.01
15288.8;0.014
15289.3;0.014
15289.8;0.011
15290.3;0.01
15290.8;0.008
15291.3;0.011
15291.8;0.014
15292.3;0.013
15292.8;0.011
15293.3;0.011
15293.8;0.015
15294.3;0.015
15294.8;0.011
15295.3;0.011
15295.8;0.01
15296.3;0.012
15296.8;0.015
15297.3;0.013
15297.8;0.011
15298.3;0.011
15298.8;0.013
15299.3;0.013
15299.8;0.01
15300.3;0.012
15300.8;0.012
15301.3;0.014
15301.8;0.014
15302.3;0.011
15302.8;0.011
15303.3;0.013
15303.8;0.013
15304.3;0.014
15304.8;0.011
15305.3;0.014
15305.8;0.014
15306.3;0.011
15306.8;0.014
15307.3;0.011
15307.8;0.011
15308.3;0.012
15308.8;0.013
15309.3;0.014
15309.8;0.009
15310.3;0.012
15310.8;0.012
15311.3;0.009
15311.8;0.013
15312.3;0.013
15312.8;0.012
15313.3;0.011
15313.8;0.012
15314.3;0.015
15314.8;0.01
15315.3;0.01
15315.8;0.014
15316.3;0.01
15316.8;0.012
15317.3;0.014
15317.8;0.013
15318.3;0.012
15318.8;0.01
15319.3;0.017
15319.8;0.01
15320.3;0.01
15320.8;0.015
15321.3;0.01
15321.8;0.012
15322.3;0.012
15322.8;0.013
15323.3;0.013
15323.8;0.009
15324.3;0.016
15324.8;0.013
15325.3;0.008
15325.8;0.015
15326.3;0.011
15326.8;0.013
15327.3;0.013
15327.8;0.012
15328.3;0.014
15328.8;0.011
15329.3;0.014
15329.8;0.013
15330.3;0.009
15330.8;0.013
15331.3;0.013
15331.8;0.01
15332.3;0.013
15332.8;0.011
15333.3;0.015
15333.8;0.009
15334.3;0.013
15334.8;0.015
15335.3;0.007
15335.8;0.013
15336.3;0.014
15336.8;0.014
15337.3;0.011
15337.8;0.012
15338.3;0.014
15338.8;0.012
15339.3;0.01
15339.8;0.015
15340.3;0.01
15340.8;0.013
15341.3;0.015
15341.8;0.012
15342.3;0.013
15342.8;0.011
15343.3;0.015
15343.8;0.01
15344.3;0.012
15344.8;0.014
15345.3;0.012
15345.8;0.01
15346.3;0.014
15346.8;0.012
15347.3;0.011
15347.8;0.013
15348.3;0.012
15348.8;0.014
15349.3;0.009
15349.8;0.016
15350.3;0.011
15350.8;0.012
15351.3;0.013
15351.8;0.013
15352.3;0.011
15352.8;0.012
15353.3;0.013
15353.8;0.014
15354.3;0.01
15354.8;0.012
15355.3;0.015
15355.8;0.009
15356.3;0.014
15356.8;0.011
15357.3;0.013
15357.8;0.01
15358.3;0.012
15358.8;0.013
15359.3;0.011
15359.8;0.013
15360.3;0.012
15360.8;0.011
15361.3;0.011
15361.8;0.014
15362.3;0.01
15362.8;0.014
15363.3;0.01
15363.8;0.014
15364.3;0.011
15364.8;0.01
15365.3;0.014
15365.8;0.009
15366.3;0.013
15366.8;0.011
15367.3;0.014
15367.8;0.01
15368.3;0.011
15368.8;0.012
15369.3;0.014
15369.8;0.011
15370.3;0.013
15370.8;0.012
15371.3;0.012
15371.8;0.014
15372.3;0.011
15372.8;0.013
15373.3;0.009
15373.8;0.014
15374.3;0.01
15374.8;0.013
15375.3;0.012
15375.8;0.014
15376.3;0.012
15376.8;0.013
15377.3;0.012
15377.8;0.011
15378.3;0.013
15378.8;0.011
15379.3;0.015
15379.8;0.008
15380.3;0.014
15380.8;0.011
15381.3;0.013
15381.8;0.011
15382.3;0.014
15382.8;0.012
15383.3;0.012
15383.8;0.012
15384.3;0.011
15384.8;0.012
15385.3;0.011
15385.8;0.014
15386.3;0.01
15386.8;0.014
15387.3;0.011
15387.8;0.012
15388.3;0.012
15388.8;0.013
15389.3;0.012
15389.8;0.011
15390.3;0.012
15390.8;0.011
15391.3;0.014
15391.8;0.011
15392.3;0.016
15392.8;0.011
15393.3;0.012
15393.8;0.013
15394.3;0.013
15394.8;0.012
15395.3;0.012
15395.8;0.013
15396.3;0.012
15396.8;0.013
15397.3;0.011
15397.8;0.013
15398.3;0.011
15398.8;0.014
15399.3;0.011
15399.8;0.012
15400.3;0.014
15400.8;0.01
15401.3;0.013
15401.8;0.013
15402.3;0.012
15402.8;0.014
15403.3;0.011
15403.8;0.012
15404.3;0.014
15404.8;0.01
15405.3;0.013
15405.8;0.012
15406.3;0.013
15406.8;0.011
15407.3;0.014
15407.8;0.01
15408.3;0.011
15408.8;0.013
15409.3;0.01
15409.8;0.014
15410.3;0.011
15410.8;0.012
15411.3;0.012
15411.8;0.012
15412.3;0.011
15412.8;0.011
15413.3;0.014
15413.8;0.009
15414.3;0.015
15414.8;0.011
15415.3;0.012
15415.8;0.016
15416.3;0.008
15416.8;0.015
15417.3;0.014
15417.8;0.011
15418.3;0.014
15418.8;0.01
15419.3;0.013
15419.8;0.012
15420.3;0.013
15420.8;0.011
15421.3;0.011
15421.8;0.015
15422.3;0.01
15422.8;0.013
15423.3;0.013
15423.8;0.01
15424.3;0.016
15424.8;0.008
15425.3;0.015
15425.8;0.013
15426.3;0.009
15426.8;0.014
15427.3;0.012
15427.8;0.011
15428.3;0.013
15428.8;0.015
15429.3;0.008
15429.8;0.018
15430.3;0.009
15430.8;0.013
15431.3;0.017
15431.8;0.008
15432.3;0.016
15432.8;0.012
15433.3;0.01
15433.8;0.013
15434.3;0.011
15434.8;0.012
15435.4;0.012
15435.9;0.012
15436.4;0.013
15436.9;0.013
15437.4;0.017
15437.9;0.006
15438.4;0.02
15438.9;0.014
15439.4;0.014
15439.9;0.021
15440.4;0.003
15440.9;0.019
15441.4;0.011
15441.9;0.012
15442.4;0.013
15442.9;0.013
15443.4;0.01
15443.9;0.014
15444.4;0.014
15444.9;0.01
15445.4;0.014
15445.9;0.012
15446.4;0.011
15446.9;0.017
15447.4;0.009
15447.9;0.013
15448.4;0.015
15448.9;0.008
15449.4;0.013
15449.9;0.013
15450.4;0.01
15450.9;0.01
15451.4;0.017
15451.9;0.009
15452.4;0.016
15452.9;0.019
15453.4;0.007
15453.9;0.023
15454.4;0.01
15454.9;0.016
15455.4;0.02
15455.9;0.005
15456.4;0.02
15456.9;0.008
15457.4;0.012
15457.9;0.013
15458.4;0.014
15458.9;0.009
15459.4;0.014
15459.9;0.01
15460.4;0.011
15460.9;0.015
15461.4;0.015
15461.9;0.008
15462.4;0.021
15462.9;0.007
15463.4;0.016
15463.9;0.017
15464.4;0.007
15464.9;0.018
15465.4;0.011
15465.9;0.012
15466.4;0.013
15466.9;0.014
15467.4;0.009
15467.9;0.016
15468.4;0.01
15468.9;0.012
15469.4;0.018
15469.9;0.008
15470.4;0.016
15470.9;0.011
15471.4;0.011
15471.9;0.016
15472.4;0.009
15472.9;0.014
15473.4;0.011
15473.9;0.013
15474.4;0.014
15474.9;0.01
15475.4;0.014
15475.9;0.012
15476.4;0.011
15476.9;0.016
15477.4;0.007
15477.9;0.017
15478.4;0.007
15478.9;0.015
15479.4;0.011
15479.9;0.013
15480.4;0.011
15480.9;0.014
15481.4;0.013
15481.9;0.011
15482.4;0.013
15482.9;0.014
15483.4;0.012
15483.9;0.015
15484.4;0.009
15484.9;0.014
15485.4;0.013
15485.9;0.009
15486.4;0.014
15486.9;0.012
15487.4;0.012
15487.9;0.012
15488.4;0.014
15488.9;0.007
15489.4;0.019
15489.9;0.008
15490.4;0.015
15490.9;0.012
15491.4;0.011
15491.9;0.012
15492.4;0.015
15492.9;0.007
15493.4;0.018
15493.9;0.008
15494.4;0.013
15494.9;0.015
15495.4;0.01
15495.9;0.014
15496.4;0.012
15496.9;0.011
15497.4;0.011
15497.9;0.014
15498.4;0.007
15498.9;0.017
15499.4;0.008
15499.9;0.016
15500.4;0.011
15500.9;0.013
15501.4;0.012
15501.9;0.015
15502.4;0.01
15502.9;0.015
15503.4;0.009
15503.9;0.013
15504.4;0.013
15504.9;0.015
15505.4;0.012
15505.9;0.016
15506.4;0.011
15506.9;0.016
15507.4;0.01
15507.9;0.013
15508.4;0.015
15508.9;0.011
15509.4;0.013
15509.9;0.013
15510.4;0.015
15510.9;0.011
15511.4;0.017
15511.9;0.006
15512.4;0.018
15512.9;0.005
15513.4;0.018
15513.9;0.007
15514.4;0.017
15514.9;0.004
15515.4;0.023
15515.9;0.002
15516.4;0.02
15516.9;0.007
15517.4;0.016
15517.9;0.009
15518.4;0.015
15518.9;0.011
15519.4;0.014
15519.9;0.011
15520.4;0.013
15520.9;0.013
15521.4;0.011
15521.9;0.016
15522.4;0.012
15522.9;0.016
15523.4;0.014
15523.9;0.016
15524.4;0.013
15524.9;0.014
15525.4;0.012
15525.9;0.015
15526.4;0.012
15526.9;0.012
15527.4;0.013
15527.9;0.013
15528.4;0.012
15528.9;0.014
15529.4;0.01
15529.9;0.016
15530.4;0.01
15530.9;0.016
15531.4;0.009
15531.9;0.018
15532.4;0.007
15532.9;0.018
15533.4;0.007
15533.9;0.016
15534.4;0.007
15534.9;0.017
15535.4;0.008
15535.9;0.015
15536.4;0.01
15536.9;0.013
15537.4;0.011
15537.9;0.01
15538.4;0.015
15538.9;0.009
15539.4;0.015
15539.9;0.008
15540.4;0.017
15540.9;0.009
15541.4;0.015
15541.9;0.01
15542.4;0.015
15542.9;0.011
15543.4;0.014
15543.9;0.012
15544.4;0.013
15544.9;0.013
15545.4;0.011
15545.9;0.014
15546.4;0.01
15546.9;0.016
15547.4;0.008
15547.9;0.017
15548.4;0.01
15548.9;0.015
15549.4;0.01
15549.9;0.014
15550.4;0.011
15550.9;0.012
15551.4;0.012
15551.9;0.012
15552.4;0.013
15552.9;0.012
15553.4;0.015
15553.9;0.008
15554.4;0.017
15554.9;0.008
15555.4;0.017
15555.9;0.006
15556.4;0.019
15556.9;0.007
15557.4;0.018
15557.9;0.009
15558.4;0.016
15558.9;0.011
15559.4;0.014
15559.9;0.012
15560.4;0.012
15560.9;0.013
15561.4;0.01
15561.9;0.015
15562.4;0.009
15562.9;0.016
15563.4;0.009
15563.9;0.015
15564.4;0.009
15564.9;0.016
15565.4;0.012
15565.9;0.014
15566.4;0.014
15566.9;0.012
15567.4;0.013
15567.9;0.01
15568.4;0.015
15568.9;0.01
15569.4;0.015
15569.9;0.008
15570.4;0.017
15570.9;0.009
15571.4;0.015
15571.9;0.01
15572.4;0.013
15572.9;0.012
15573.4;0.012
15573.9;0.014
15574.4;0.01
15574.9;0.017
15575.4;0.01
15575.9;0.017
15576.4;0.007
15576.9;0.016
15577.4;0.009
15577.9;0.017
15578.4;0.01
15578.9;0.014
15579.4;0.01
15579.9;0.013
15580.4;0.014
15580.9;0.011
15581.4;0.014
15581.9;0.009
15582.4;0.016
15582.9;0.007
15583.4;0.018
15583.9;0.008
15584.4;0.016
15584.9;0.009
15585.4;0.015
15585.9;0.012
15586.4;0.013
15586.9;0.012
15587.4;0.013
15587.9;0.014
15588.4;0.011
15588.9;0.015
15589.4;0.008
15589.9;0.017
15590.4;0.008
15590.9;0.015
15591.4;0.009
15591.9;0.016
15592.4;0.009
15592.9;0.013
15593.4;0.012
15593.9;0.014
15594.4;0.016
15594.9;0.011
15595.4;0.014
15595.9;0.01
15596.4;0.015
15596.9;0.009
15597.4;0.016
15597.9;0.009
15598.4;0.015
15598.9;0.009
15599.4;0.013
15599.9;0.01
15600.4;0.014
15600.9;0.015
15601.4;0.013
15601.9;0.013
15602.4;0.01
15602.9;0.014
15603.4;0.009
15603.9;0.017
15604.4;0.01
15604.9;0.016
15605.4;0.008
15605.9;0.014
15606.4;0.009
15606.9;0.013
15607.4;0.012
15607.9;0.013
15608.4;0.013
15608.9;0.012
15609.4;0.015
15609.9;0.009
15610.4;0.015
15610.9;0.01
15611.4;0.016
15611.9;0.009
15612.4;0.016
15612.9;0.009
15613.4;0.013
15613.9;0.01
15614.4;0.014
15614.9;0.013
15615.4;0.014
15615.9;0.015
15616.4;0.012
15616.9;0.013
15617.4;0.008
15617.9;0.014
15618.4;0.009
15618.9;0.015
15619.4;0.011
15619.9;0.016
15620.4;0.007
15620.9;0.014
15621.4;0.01
15621.9;0.014
15622.4;0.013
15622.9;0.014
15623.4;0.014
15623.9;0.009
15624.4;0.013
15624.9;0.009
15625.4;0.017
15625.9;0.011
15626.4;0.016
15626.9;0.008
15627.4;0.015
15627.9;0.01
15628.4;0.012
15628.9;0.013
15629.4;0.014
15629.9;0.014
15630.4;0.012
15630.9;0.013
15631.4;0.008
15631.9;0.014
15632.4;0.009
15632.9;0.017
15633.4;0.009
15633.9;0.016
15634.4;0.009
15634.9;0.014
15635.4;0.011
15635.9;0.014
15636.4;0.014
15636.9;0.012
15637.4;0.013
15637.9;0.009
15638.4;0.014
15638.9;0.009
15639.4;0.016
15639.9;0.009
15640.4;0.016
15640.9;0.009
15641.4;0.012
15641.9;0.009
15642.4;0.014
15642.9;0.014
15643.4;0.013
15643.9;0.014
15644.4;0.01
15644.9;0.012
15645.4;0.009
15645.9;0.014
15646.4;0.011
15646.9;0.015
15647.4;0.011
15647.9;0.013
15648.4;0.011
15648.9;0.011
15649.4;0.011
15649.9;0.012
15650.4;0.014
15650.9;0.012
15651.4;0.013
15651.9;0.009
15652.4;0.014
15652.9;0.011
15653.4;0.015
15653.9;0.012
15654.4;0.013
15654.9;0.011
15655.4;0.011
15655.9;0.012
15656.4;0.011
15656.9;0.014
15657.4;0.011
15657.9;0.014
15658.4;0.011
15658.9;0.012
15659.4;0.011
15659.9;0.012
15660.4;0.012
15660.9;0.013
15661.4;0.012
15661.9;0.013
15662.4;0.011
15662.9;0.009
15663.4;0.013
15663.9;0.012
15664.4;0.013
15664.9;0.011
15665.4;0.013
15665.9;0.01
15666.4;0.013
15666.9;0.012
15667.4;0.012
15667.9;0.012
15668.4;0.012
15668.9;0.013
15669.4;0.01
15669.9;0.014
15670.4;0.011
15670.9;0.013
15671.4;0.013
15671.9;0.014
15672.4;0.012
15672.9;0.012
15673.4;0.012
15673.9;0.011
15674.4;0.011
15674.9;0.012
15675.4;0.013
15675.9;0.012
15676.4;0.013
15676.9;0.01
15677.4;0.012
15677.9;0.012
15678.4;0.012
15678.9;0.013
15679.4;0.011
15679.9;0.012
15680.4;0.011
15680.9;0.012
15681.4;0.012
15681.9;0.013
15682.4;0.011
15682.9;0.014
15683.4;0.011
15683.9;0.012
15684.4;0.013
15684.9;0.012
15685.4;0.013
15685.9;0.013
15686.4;0.012
15686.9;0.011
15687.4;0.011
15687.9;0.012
15688.4;0.012
15688.9;0.013
15689.4;0.012
15689.9;0.012
15690.4;0.012
15690.9;0.012
15691.4;0.012
15691.9;0.011
15692.4;0.012
15692.9;0.013
15693.4;0.012
15693.9;0.013
15694.4;0.01
15694.9;0.012
15695.4;0.012
15695.9;0.013
15696.4;0.012
15696.9;0.012
15697.4;0.012
15697.9;0.013
15698.4;0.012
15698.9;0.012
15699.4;0.013
15699.9;0.013
15700.4;0.011
15700.9;0.012
15701.4;0.012
15701.9;0.012
15702.4;0.011
15702.9;0.011
15703.4;0.011
15703.9;0.011
15704.4;0.012
15704.9;0.013
15705.4;0.013
15705.9;0.012
15706.4;0.012
15706.9;0.012
15707.4;0.013
15707.9;0.012
15708.4;0.012
15708.9;0.012
15709.4;0.013
15709.9;0.011
15710.4;0.012
15710.9;0.012
15711.4;0.012
15711.9;0.012
15712.4;0.012
15712.9;0.011
15713.4;0.013
15713.9;0.011
15714.4;0.012
15714.9;0.013
15715.4;0.013
15715.9;0.012
15716.4;0.012
15716.9;0.013
15717.4;0.012
15717.9;0.011
15718.4;0.012
15718.9;0.012
15719.4;0.011
15719.9;0.013
15720.4;0.012
15720.9;0.013
15721.4;0.012
15721.9;0.012
15722.4;0.013
15722.9;0.012
15723.4;0.012
15723.9;0.011
15724.4;0.012
15724.9;0.011
15725.4;0.013
15725.9;0.012
15726.4;0.012
15726.9;0.012
15727.4;0.011
15727.9;0.012
15728.4;0.012
15728.9;0.012
15729.4;0.012
15729.9;0.011
15730.4;0.011
15730.9;0.011
15731.4;0.013
15731.9;0.012
15732.4;0.012
15732.9;0.012
15733.4;0.013
15733.9;0.012
15734.4;0.012
15734.9;0.013
15735.4;0.012
15735.9;0.011
15736.4;0.012
15736.9;0.011
15737.4;0.011
15737.9;0.012
15738.4;0.012
15738.9;0.011
15739.4;0.012
15739.9;0.011
15740.4;0.012
15740.9;0.011
15741.4;0.011
15741.9;0.012
15742.4;0.012
15742.9;0.011
15743.4;0.012
15743.9;0.012
15744.4;0.013
15744.9;0.012
15745.4;0.013
15745.9;0.011
15746.4;0.013
15746.9;0.011
15747.4;0.012
15747.9;0.011
15748.4;0.014
15748.9;0.011
15749.4;0.013
15749.9;0.011
15750.4;0.012
15750.9;0.011
15751.4;0.013
15751.9;0.012
15752.4;0.012
15752.9;0.012
15753.4;0.012
15753.9;0.013
15754.4;0.013
15754.9;0.012
15755.4;0.013
15755.9;0.012
15756.4;0.012
15756.9;0.012
15757.4;0.011
15757.9;0.012
15758.4;0.012
15758.9;0.012
15759.4;0.013
15759.9;0.011
15760.4;0.011
15760.9;0.011
15761.4;0.012
15761.9;0.012
15762.4;0.012
15762.9;0.014
15763.4;0.012
15763.9;0.012
15764.4;0.012
15764.9;0.014
15765.4;0.011
15765.9;0.011
15766.4;0.011
15766.9;0.012
15767.4;0.011
15767.9;0.012
15768.4;0.012
15768.9;0.011
15769.4;0.012
15769.9;0.011
15770.4;0.012
15770.9;0.011
15771.4;0.012
15771.9;0.012
15772.4;0.011
15772.9;0.012
15773.4;0.011
15773.9;0.012
15774.4;0.012
15774.9;0.012
15775.4;0.012
15775.9;0.013
15776.4;0.012
15776.9;0.013
15777.4;0.011
15777.9;0.012
15778.4;0.013
15778.9;0.014
15779.4;0.012
15779.9;0.012
15780.4;0.011
15780.9;0.012
15781.4;0.011
15781.9;0.012
15782.4;0.012
15782.9;0.011
15783.4;0.011
15783.9;0.013
15784.4;0.013
15784.9;0.011
15785.4;0.013
15785.9;0.011
15786.4;0.012
15786.9;0.012
15787.4;0.011
15787.9;0.012
15788.4;0.012
15788.9;0.011
15789.4;0.012
15789.9;0.012
15790.4;0.012
15790.9;0.011
15791.4;0.013
15791.9;0.011
15792.4;0.012
15792.9;0.011
15793.4;0.012
15793.9;0.013
15794.4;0.011
15794.9;0.014
15795.4;0.011
15795.9;0.011
15796.4;0.011
15796.9;0.011
15797.4;0.012
15797.9;0.012
15798.4;0.012
15798.9;0.013
15799.4;0.011
15799.9;0.012
15800.4;0.011
15800.9;0.011
15801.4;0.013
15801.9;0.013
15802.4;0.011
15802.9;0.012
15803.4;0.013
15803.9;0.013
15804.4;0.012
15804.9;0.012
15805.4;0.012
15805.9;0.013
15806.4;0.012
15806.9;0.012
15807.4;0.012
15807.9;0.012
15808.4;0.012
15808.9;0.012
15809.4;0.012
15809.9;0.012
15810.4;0.012
15810.9;0.012
15811.4;0.011
15811.9;0.011
15812.4;0.011
15812.9;0.012
15813.4;0.012
15813.9;0.012
15814.4;0.012
15814.9;0.011
15815.4;0.012
15815.9;0.011
15816.4;0.013
15816.9;0.012
15817.4;0.012
15817.9;0.011
15818.4;0.013
15818.9;0.013
15819.4;0.013
15819.9;0.012
15820.4;0.012
15820.9;0.013
15821.4;0.011
15821.9;0.012
15822.4;0.012
15822.9;0.012
15823.4;0.012
15823.9;0.012
15824.4;0.011
15824.9;0.011
15825.4;0.011
15825.9;0.013
15826.4;0.011
15826.9;0.012
15827.4;0.013
15827.9;0.012
15828.4;0.013
15828.9;0.012
15829.4;0.011
15829.9;0.013
15830.4;0.01
15830.9;0.012
15831.4;0.011
15831.9;0.012
15832.4;0.012
15832.9;0.013
15833.4;0.011
15833.9;0.012
15834.4;0.012
15834.9;0.014
15835.4;0.013
15835.9;0.012
15836.4;0.012
15836.9;0.011
15837.4;0.01
15837.9;0.012
15838.4;0.013
15838.9;0.012
15839.4;0.012
15839.9;0.012
15840.4;0.013
15840.9;0.013
15841.4;0.012
15841.9;0.012
15842.4;0.013
15842.9;0.013
15843.4;0.012
15843.9;0.011
15844.4;0.011
15844.9;0.011
15845.4;0.012
15845.9;0.012
15846.4;0.013
15846.9;0.012
15847.4;0.011
15847.9;0.012
15848.4;0.012
15848.9;0.012
15849.4;0.013
15849.9;0.011
15850.4;0.011
15850.9;0.012
15851.4;0.012
15851.9;0.014
15852.4;0.01
15852.9;0.012
15853.4;0.011
15853.9;0.012
15854.4;0.011
15854.9;0.012
15855.4;0.013
15855.9;0.012
15856.4;0.014
15856.9;0.011
15857.4;0.011
15857.9;0.01
15858.4;0.012
15858.9;0.011
15859.4;0.011
15859.9;0.011
15860.4;0.011
15860.9;0.011
15861.4;0.012
15861.9;0.012
15862.4;0.012
15862.9;0.01
15863.4;0.012
15863.9;0.013
15864.4;0.012
15864.9;0.013
15865.4;0.011
15865.9;0.013
15866.4;0.011
15866.9;0.011
15867.4;0.013
15867.9;0.012
15868.4;0.012
15868.9;0.013
15869.4;0.012
15869.9;0.011
15870.4;0.012
15870.9;0.011
15871.4;0.012
15871.9;0.012
15872.4;0.012
15872.9;0.012
15873.4;0.012
15873.9;0.011
15874.4;0.013
15874.9;0.012
15875.4;0.011
15875.9;0.012
15876.4;0.012
15876.9;0.012
15877.4;0.012
15877.9;0.011
15878.4;0.011
15878.9;0.011
15879.4;0.012
15879.9;0.011
15880.4;0.012
15880.9;0.012
15881.4;0.011
15881.9;0.013
15882.4;0.012
15882.9;0.01
15883.4;0.012
15883.9;0.013
15884.4;0.013
15884.9;0.011
15885.4;0.012
15885.9;0.01
15886.4;0.011
15886.9;0.012
15887.4;0.011
15887.9;0.012
15888.4;0.012
15888.9;0.012
15889.4;0.012
15889.9;0.011
15890.4;0.012
15890.9;0.012
15891.4;0.014
15891.9;0.012
15892.4;0.013
15892.9;0.012
15893.4;0.012
15893.9;0.012
15894.4;0.011
15894.9;0.011
15895.4;0.012
15895.9;0.011
15896.4;0.012
15896.9;0.012
15897.4;0.011
15897.9;0.012
15898.4;0.013
15898.9;0.012
15899.4;0.012
15899.9;0.011
15900.4;0.012
15900.9;0.012
15901.4;0.013
15901.9;0.014
15902.4;0.012
15902.9;0.012
15903.4;0.011
15903.9;0.012
15904.4;0.012
15904.9;0.012
15905.4;0.013
15905.9;0.012
15906.4;0.013
15906.9;0.012
15907.4;0.011
15907.9;0.012
15908.4;0.012
15908.9;0.012
15909.4;0.012
15909.9;0.012
15910.4;0.012
15910.9;0.012
15911.4;0.012
15911.9;0.01
15912.4;0.011
15912.9;0.012
15913.4;0.012
15913.9;0.012
15914.4;0.012
15914.9;0.012
15915.4;0.014
15915.9;0.011
15916.4;0.012
15916.9;0.011
15917.4;0.012
15917.9;0.013
15918.4;0.01
15918.9;0.011
15919.4;0.012
15919.9;0.011
15920.4;0.011
15920.9;0.011
15921.4;0.011
15921.9;0.013
15922.4;0.012
15922.9;0.012
15923.4;0.011
15923.9;0.012
15924.4;0.013
15924.9;0.013
15925.4;0.011
15925.9;0.012
15926.4;0.012
15926.9;0.011
15927.4;0.011
15927.9;0.012
15928.4;0.012
15928.9;0.012
15929.4;0.013
15929.9;0.013
15930.4;0.013
15930.9;0.012
15931.4;0.012
15931.9;0.01
15932.4;0.012
15932.9;0.012
15933.4;0.013
15933.9;0.012
15934.4;0.011
15934.9;0.012
15935.4;0.012
15935.9;0.012
15936.4;0.012
15936.9;0.013
15937.4;0.012
15937.9;0.011
15938.4;0.011
15938.9;0.01
15939.4;0.012
15939.9;0.012
15940.4;0.011
15940.9;0.012
15941.4;0.012
15941.9;0.012
15942.4;0.011
15942.9;0.011
15943.4;0.011
15943.9;0.012
15944.4;0.011
15944.9;0.011
15945.4;0.011
15945.9;0.011
15946.4;0.012
15946.9;0.011
15947.4;0.011
15947.9;0.013
15948.4;0.013
15948.9;0.013
15949.4;0.011
15949.9;0.012
15950.4;0.011
15950.9;0.011
15951.4;0.012
15951.9;0.013
15952.4;0.013
15952.9;0.012
15953.4;0.011
15953.9;0.011
15954.4;0.012
15954.9;0.013
15955.4;0.013
15955.9;0.012
15956.4;0.011
15956.9;0.011
15957.4;0.011
15957.9;0.013
15958.4;0.012
15958.9;0.011
15959.4;0.012
15959.9;0.012
15960.4;0.012
15960.9;0.012
15961.4;0.012
15961.9;0.012
15962.4;0.012
15962.9;0.013
15963.4;0.013
15963.9;0.012
15964.4;0.012
15964.9;0.012
15965.4;0.013
15965.9;0.012
15966.4;0.013
15966.9;0.012
15967.4;0.012
15967.9;0.012
15968.4;0.014
15968.9;0.012
15969.4;0.012
15969.9;0.011
15970.4;0.012
15970.9;0.012
15971.4;0.013
15971.9;0.012
15972.4;0.011
15972.9;0.012
15973.4;0.012
15973.9;0.012
15974.4;0.013
15974.9;0.012
15975.4;0.011
15975.9;0.011
15976.4;0.011
15976.9;0.012
15977.4;0.012
15977.9;0.012
15978.4;0.01
15978.9;0.012
15979.4;0.012
15979.9;0.011
15980.4;0.01
15980.9;0.013
15981.4;0.012
15981.9;0.011
15982.4;0.014
15982.9;0.013
15983.4;0.012
15983.9;0.012
15984.4;0.011
15984.9;0.013
15985.4;0.013
15985.9;0.011
15986.4;0.012
15986.9;0.011
15987.4;0.013
15987.9;0.013
15988.4;0.013
15988.9;0.011
15989.4;0.013
15989.9;0.012
15990.4;0.011
15990.9;0.013
15991.4;0.011
15991.9;0.012
15992.4;0.012
15992.9;0.011
15993.4;0.012
15993.9;0.012
15994.4;0.013
15994.9;0.013
15995.4;0.011
15995.9;0.012
15996.4;0.013
15996.9;0.012
15997.4;0.011
15997.9;0.011
15998.4;0.011
15998.9;0.012
15999.4;0.012
15999.9;0.012
16000.4;0.012
16000.9;0.012
16001.4;0.013
16001.9;0.011
16002.4;0.011
16002.9;0.012
16003.4;0.013
16003.9;0.012
16004.4;0.011
16004.9;0.011
16005.4;0.011
16005.9;0.012
16006.4;0.011
16006.9;0.011
16007.4;0.011
16007.9;0.012
16008.4;0.011
16008.9;0.012
16009.4;0.012
16009.9;0.012
16010.4;0.012
16010.9;0.01
16011.4;0.011
16011.9;0.011
16012.4;0.01
16012.9;0.012
16013.4;0.012
16013.9;0.013
16014.4;0.012
16014.9;0.012
16015.4;0.012
16015.9;0.011
16016.4;0.012
16016.9;0.012
16017.4;0.011
16017.9;0.013
16018.4;0.013
16018.9;0.011
16019.4;0.012
16019.9;0.013
16020.4;0.011
16020.9;0.012
16021.4;0.012
16021.9;0.012
16022.4;0.013
16022.9;0.013
16023.4;0.012
16023.9;0.012
16024.4;0.012
16024.9;0.012
16025.4;0.012
16025.9;0.01
16026.4;0.013
16026.9;0.012
16027.4;0.013
16027.9;0.012
16028.4;0.013
16028.9;0.013
16029.4;0.011
16029.9;0.012
16030.4;0.013
16030.9;0.012
16031.4;0.013
16031.9;0.012
16032.4;0.013
16032.9;0.011
16033.4;0.012
16033.9;0.011
16034.4;0.013
16034.9;0.012
16035.4;0.012
16035.9;0.012
16036.4;0.012
16036.9;0.012
16037.4;0.012
16037.9;0.012
16038.4;0.012
16038.9;0.012
16039.4;0.012
16039.9;0.012
16040.4;0.011
16040.9;0.011
16041.4;0.012
16041.9;0.012
16042.4;0.012
16042.9;0.012
16043.4;0.012
16043.9;0.012
16044.4;0.012
16044.9;0.012
16045.4;0.012
16045.9;0.012
16046.4;0.012
16046.9;0.013
16047.4;0.013
16047.9;0.011
16048.4;0.012
16048.9;0.012
16049.4;0.011
16049.9;0.012
16050.4;0.011
16050.9;0.012
16051.4;0.012
16051.9;0.011
16052.4;0.012
16052.9;0.012
16053.4;0.012
16053.9;0.013
16054.4;0.012
16054.9;0.012
16055.4;0.013
16055.9;0.012
16056.4;0.012
16056.9;0.012
16057.4;0.012
16057.9;0.012
16058.4;0.012
16058.9;0.012
16059.4;0.011
16059.9;0.012
16060.4;0.011
16060.9;0.012
16061.4;0.011
16061.9;0.013
16062.4;0.01
16062.9;0.012
16063.4;0.013
16063.9;0.011
16064.4;0.012
16064.9;0.012
16065.4;0.011
16065.9;0.012
16066.4;0.013
16066.9;0.01
16067.4;0.013
16067.9;0.012
16068.4;0.012
16068.9;0.011
16069.4;0.011
16069.9;0.011
16070.4;0.012
16070.9;0.012
16071.4;0.012
16071.9;0.011
16072.4;0.011
16072.9;0.011
16073.4;0.012
16073.9;0.013
16074.4;0.012
16074.9;0.012
16075.4;0.012
16075.9;0.011
16076.4;0.012
16076.9;0.012
16077.4;0.013
16077.9;0.013
16078.4;0.012
16078.9;0.012
16079.4;0.01
16079.9;0.013
16080.4;0.012
16080.9;0.011
16081.4;0.012
16081.9;0.012
16082.4;0.01
16082.9;0.012
16083.4;0.011
16083.9;0.012
16084.4;0.013
16084.9;0.013
16085.4;0.012
16085.9;0.013
16086.4;0.011
16086.9;0.014
16087.4;0.011
16087.9;0.01
16088.4;0.012
16088.9;0.013
16089.4;0.012
16089.9;0.012
16090.4;0.011
16090.9;0.013
16091.4;0.011
16091.9;0.011
16092.4;0.012
16092.9;0.012
16093.4;0.012
16093.9;0.013
16094.4;0.014
16094.9;0.012
16095.4;0.012
16095.9;0.013
16096.4;0.012
16096.9;0.009
16097.4;0.011
16097.9;0.011
16098.4;0.011
16098.9;0.012
16099.4;0.012
16099.9;0.013
16100.4;0.012
16100.9;0.011
16101.4;0.013
16101.9;0.012
16102.4;0.011
16102.9;0.012
16103.4;0.012
16103.9;0.012
16104.4;0.013
16104.9;0.012
16105.4;0.012
16105.9;0.01
16106.4;0.011
16106.9;0.012
16107.4;0.012
16107.9;0.012
16108.4;0.013
16108.9;0.013
16109.4;0.012
16109.9;0.012
16110.4;0.013
16110.9;0.011
16111.4;0.011
16111.9;0.012
16112.4;0.012
16112.9;0.013
16113.4;0.011
16113.9;0.012
16114.4;0.011
16114.9;0.012
16115.4;0.011
16115.9;0.013
16116.4;0.011
16116.9;0.011
16117.4;0.011
16117.9;0.012
16118.4;0.012
16118.9;0.01
16119.4;0.012
16119.9;0.012
16120.4;0.012
16120.9;0.012
16121.4;0.012
16121.9;0.011
16122.4;0.013
16122.9;0.011
16123.4;0.011
16123.9;0.011
16124.4;0.011
16124.9;0.012
16125.4;0.012
16125.9;0.012
16126.4;0.012
16126.9;0.012
16127.4;0.012
16127.9;0.012
16128.4;0.011
16128.9;0.012
16129.4;0.012
16129.9;0.012
16130.4;0.012
16130.9;0.011
16131.4;0.012
16131.9;0.012
16132.4;0.011
16132.9;0.011
16133.4;0.012
16133.9;0.012
16134.4;0.012
16134.9;0.013
16135.4;0.012
16135.9;0.012
16136.4;0.012
16136.9;0.011
16137.4;0.011
16137.9;0.013
16138.4;0.011
16138.9;0.012
16139.4;0.012
16139.9;0.011
16140.4;0.011
16140.9;0.012
16141.4;0.013
16141.9;0.012
16142.4;0.011
16142.9;0.011
16143.4;0.011
16143.9;0.011
16144.4;0.013
16144.9;0.012
16145.4;0.011
16145.9;0.01
16146.4;0.011
16146.9;0.013
16147.4;0.011
16147.9;0.011
16148.4;0.012
16148.9;0.011
16149.4;0.012
16149.9;0.012
16150.4;0.012
16150.9;0.011
16151.4;0.012
16151.9;0.013
16152.4;0.012
16152.9;0.013
16153.4;0.012
16153.9;0.011
16154.4;0.011
16154.9;0.012
16155.4;0.012
16155.9;0.012
16156.4;0.012
16156.9;0.012
16157.4;0.011
16157.9;0.012
16158.4;0.012
16158.9;0.013
16159.4;0.012
16159.9;0.012
16160.4;0.011
16160.9;0.011
16161.4;0.012
16161.9;0.011
16162.4;0.011
16162.9;0.011
16163.4;0.012
16163.9;0.013
16164.4;0.012
16164.9;0.012
16165.4;0.013
16165.9;0.013
16166.4;0.012
16166.9;0.011
16167.4;0.013
16167.9;0.011
16168.4;0.012
16168.9;0.011
16169.4;0.012
16169.9;0.012
16170.4;0.012
16170.9;0.013
16171.4;0.012
16171.9;0.011
16172.4;0.012
16172.9;0.012
16173.4;0.012
16173.9;0.011
16174.4;0.013
16174.9;0.012
16175.4;0.012
16175.9;0.012
16176.4;0.012
16176.9;0.011
16177.4;0.013
16177.9;0.011
16178.4;0.012
16178.9;0.013
16179.4;0.012
16179.9;0.011
16180.4;0.012
16180.9;0.012
16181.4;0.012
16181.9;0.011
16182.4;0.012
16182.9;0.012
16183.4;0.012
16183.9;0.011
16184.4;0.011
16184.9;0.012
16185.4;0.012
16185.9;0.012
16186.4;0.012
16186.9;0.01
16187.4;0.012
16187.9;0.012
16188.4;0.012
16188.9;0.012
16189.4;0.013
16189.9;0.012
16190.4;0.012
16190.9;0.012
16191.4;0.012
16191.9;0.011
16192.4;0.011
16192.9;0.014
16193.4;0.012
16193.9;0.012
16194.4;0.012
16194.9;0.012
16195.4;0.013
16195.9;0.012
16196.4;0.011
16196.9;0.011
16197.4;0.013
16197.9;0.013
16198.4;0.011
16198.9;0.013
16199.4;0.012
16199.9;0.012
16200.4;0.012
16200.9;0.011
16201.4;0.01
16201.9;0.012
16202.4;0.013
16202.9;0.012
16203.4;0.011
16203.9;0.012
16204.4;0.012
16204.9;0.012
16205.4;0.012
16205.9;0.012
16206.4;0.011
16206.9;0.01
16207.4;0.012
16207.9;0.012
16208.4;0.011
16208.9;0.012
16209.4;0.011
16209.9;0.012
16210.4;0.013
16210.9;0.011
16211.4;0.012
16211.9;0.011
16212.4;0.012
16212.9;0.012
16213.4;0.011
16213.9;0.012
16214.4;0.013
16214.9;0.01
16215.4;0.011
16215.9;0.013
16216.4;0.012
16216.9;0.011
16217.4;0.012
16217.9;0.013
16218.4;0.012
16218.9;0.01
16219.4;0.011
16219.9;0.01
16220.4;0.011
16220.9;0.012
16221.4;0.013
16221.9;0.011
16222.4;0.012
16222.9;0.012
16223.4;0.012
16223.9;0.013
16224.4;0.011
16224.9;0.011
16225.4;0.012
16225.9;0.011
16226.4;0.013
16226.9;0.01
16227.4;0.012
16227.9;0.013
16228.4;0.012
16228.9;0.011
16229.4;0.012
16229.9;0.013
16230.4;0.012
16230.9;0.012
16231.4;0.012
16231.9;0.011
16232.4;0.011
16232.9;0.012
16233.4;0.011
16233.9;0.012
16234.4;0.011
16234.9;0.012
16235.4;0.011
16235.9;0.011
16236.4;0.011
16236.9;0.011
16237.4;0.013
16237.9;0.011
16238.4;0.012
16238.9;0.011
16239.4;0.012
16239.9;0.012
16240.4;0.012
16240.9;0.011
16241.4;0.012
16241.9;0.011
16242.4;0.01
16242.9;0.012
16243.4;0.013
16243.9;0.013
16244.4;0.011
16244.9;0.01
16245.4;0.011
16245.9;0.011
16246.4;0.012
16246.9;0.011
16247.4;0.012
16247.9;0.011
16248.4;0.012
16248.9;0.012
16249.4;0.012
16249.9;0.013
16250.4;0.012
16250.9;0.012
16251.4;0.012
16251.9;0.011
16252.4;0.011
16252.9;0.012
16253.4;0.011
16253.9;0.012
16254.4;0.013
16254.9;0.011
16255.4;0.011
16255.9;0.013
16256.4;0.011
16256.9;0.011
16257.4;0.012
16257.9;0.012
16258.4;0.012
16258.9;0.012
16259.4;0.013
16259.9;0.012
16260.4;0.012
16260.9;0.013
16261.4;0.013
16261.9;0.013
16262.4;0.013
16262.9;0.012
16263.4;0.011
16263.9;0.011
16264.4;0.013
16264.9;0.012
16265.4;0.012
16265.9;0.011
16266.4;0.012
16266.9;0.012
16267.4;0.013
16267.9;0.011
16268.4;0.011
16268.9;0.012
16269.4;0.012
16269.9;0.012
16270.4;0.011
16270.9;0.012
16271.4;0.012
16271.9;0.011
16272.4;0.013
16272.9;0.012
16273.4;0.012
16273.9;0.012
16274.4;0.011
16274.9;0.009
16275.4;0.012
16275.9;0.012
16276.4;0.012
16276.9;0.012
16277.4;0.012
16277.9;0.012
16278.4;0.011
16278.9;0.011
16279.4;0.012
16279.9;0.013
16280.4;0.011
16280.9;0.013
16281.4;0.011
16281.9;0.011
16282.4;0.01
16282.9;0.012
16283.4;0.012
16283.9;0.011
16284.4;0.013
16284.9;0.012
16285.4;0.012
16285.9;0.011
16286.4;0.012
16286.9;0.013
16287.4;0.012
16287.9;0.011
16288.4;0.013
16288.9;0.012
16289.4;0.011
16289.9;0.012
16290.4;0.012
16290.9;0.012
16291.4;0.011
16291.9;0.013
16292.4;0.012
16292.9;0.012
16293.4;0.012
16293.9;0.012
16294.4;0.012
16294.9;0.012
16295.4;0.013
16295.9;0.011
16296.4;0.012
16296.9;0.01
16297.4;0.011
16297.9;0.012
16298.4;0.012
16298.9;0.011
16299.4;0.012
16299.9;0.012
16300.4;0.012
16300.9;0.011
16301.4;0.012
16301.9;0.011
16302.4;0.013
16302.9;0.012
16303.4;0.012
16303.9;0.012
16304.4;0.013
16304.9;0.012
16305.4;0.013
16305.9;0.012
16306.4;0.012
16306.9;0.012
16307.4;0.011
16307.9;0.011
16308.4;0.011
16308.9;0.012
16309.4;0.012
16309.9;0.012
16310.4;0.012
16310.9;0.012
16311.4;0.012
16311.9;0.011
16312.4;0.011
16312.9;0.011
16313.4;0.012
16313.9;0.011
16314.4;0.011
16314.9;0.011
16315.4;0.012
16315.9;0.011
16316.4;0.013
16316.9;0.012
16317.4;0.012
16317.9;0.013
16318.4;0.012
16318.9;0.012
16319.4;0.012
16319.9;0.01
16320.4;0.012
16320.9;0.011
16321.4;0.011
16321.9;0.013
16322.4;0.012
16322.9;0.011
16323.4;0.012
16323.9;0.012
16324.4;0.011
16324.9;0.012
16325.4;0.012
16325.9;0.012
16326.4;0.011
16326.9;0.012
16327.4;0.011
16327.9;0.013
16328.4;0.011
16328.9;0.013
16329.4;0.012
16329.9;0.011
16330.4;0.012
16330.9;0.011
16331.4;0.013
16331.9;0.013
16332.4;0.012
16332.9;0.012
16333.4;0.012
16333.9;0.012
16334.4;0.012
16334.9;0.013
16335.4;0.011
16335.9;0.013
16336.4;0.012
16336.9;0.012
16337.4;0.011
16337.9;0.011
16338.4;0.012
16338.9;0.012
16339.4;0.011
16339.9;0.013
16340.4;0.011
16340.9;0.013
16341.4;0.011
16341.9;0.011
16342.4;0.011
16342.9;0.011
16343.4;0.012
16343.9;0.01
16344.4;0.011
16344.9;0.012
16345.4;0.012
16345.9;0.012
16346.4;0.012
16346.9;0.012
16347.4;0.011
16347.9;0.012
16348.4;0.012
16348.9;0.012
16349.4;0.012
16349.9;0.01
16350.4;0.011
16350.9;0.011
16351.4;0.012
16351.9;0.012
16352.4;0.013
16352.9;0.012
16353.4;0.012
16353.9;0.011
16354.4;0.011
16354.9;0.012
16355.4;0.011
16355.9;0.012
16356.4;0.011
16356.9;0.013
16357.4;0.013
16357.9;0.011
16358.4;0.011
16358.9;0.013
16359.4;0.011
16359.9;0.011
16360.4;0.013
16360.9;0.012
16361.4;0.012
16361.9;0.012
16362.4;0.012
16362.9;0.012
16363.4;0.012
16363.9;0.012
16364.4;0.011
16364.9;0.012
16365.4;0.013
16365.9;0.011
16366.4;0.012
16366.9;0.012
16367.4;0.011
16367.9;0.011
16368.4;0.013
16368.9;0.012
16369.4;0.012
16369.9;0.012
16370.4;0.013
16370.9;0.012
16371.4;0.011
16371.9;0.012
16372.4;0.012
16372.9;0.012
16373.4;0.013
16373.9;0.011
16374.4;0.011
16374.9;0.011
16375.4;0.011
16375.9;0.012
16376.4;0.011
16376.9;0.012
16377.4;0.011
16377.9;0.012
16378.4;0.012
16378.9;0.011
16379.4;0.01
16379.9;0.011
16380.4;0.012
16380.9;0.011
16381.4;0.012
16381.9;0.012
16382.4;0.012
16382.9;0.012
16383.4;0.012
16383.9;0.011
16384.4;0.012
16384.9;0.011
16385.4;0.012
16385.9;0.011
16386.4;0.012
16386.9;0.011
16387.4;0.013
16387.9;0.011
16388.4;0.011
16388.9;0.012
16389.4;0.011
16389.9;0.011
16390.4;0.011
16390.9;0.011
16391.4;0.013
16391.9;0.013
16392.4;0.012
16392.9;0.012
16393.4;0.011
16393.9;0.012
16394.4;0.012
16394.9;0.012
16395.4;0.013
16395.9;0.013
16396.4;0.012
16396.9;0.011
16397.4;0.012
16397.9;0.012
16398.4;0.013
16398.9;0.011
16399.4;0.012
16399.9;0.012
16400.4;0.014
16400.9;0.011
16401.4;0.012
16401.9;0.012
16402.4;0.012
16402.9;0.01
16403.4;0.013
16403.9;0.013
16404.4;0.011
16404.9;0.012
16405.4;0.012
16405.9;0.011
16406.4;0.012
16406.9;0.011
16407.4;0.013
16407.9;0.01
16408.4;0.011
16408.9;0.012
16409.4;0.012
16409.9;0.011
16410.4;0.012
16410.9;0.012
16411.4;0.012
16411.9;0.013
16412.4;0.01
16412.9;0.013
16413.4;0.011
16413.9;0.013
16414.4;0.012
16414.9;0.011
16415.4;0.012
16415.9;0.012
16416.4;0.012
16416.9;0.012
16417.4;0.012
16417.9;0.012
16418.4;0.012
16418.9;0.011
16419.4;0.013
16419.9;0.011
16420.4;0.011
16420.9;0.011
16421.4;0.012
16421.9;0.014
16422.4;0.011
16422.9;0.012
16423.4;0.011
16423.9;0.011
16424.4;0.013
16424.9;0.012
16425.4;0.012
16425.9;0.011
16426.4;0.012
16426.9;0.012
16427.4;0.011
16427.9;0.012
16428.4;0.012
16428.9;0.012
16429.4;0.012
16429.9;0.013
16430.4;0.012
16430.9;0.011
16431.4;0.013
16431.9;0.011
16432.4;0.013
16432.9;0.013
16433.4;0.012
16433.9;0.011
16434.4;0.012
16434.9;0.012
16435.4;0.012
16435.9;0.012
16436.4;0.013
16436.9;0.011
16437.4;0.013
16437.9;0.012
16438.4;0.013
16438.9;0.011
16439.4;0.012
16439.9;0.011
16440.4;0.012
16440.9;0.011
16441.4;0.012
16441.9;0.012
16442.4;0.012
16442.9;0.011
16443.4;0.012
16443.9;0.012
16444.4;0.012
16444.9;0.011
16445.4;0.012
16445.9;0.012
16446.4;0.013
16446.9;0.012
16447.4;0.012
16447.9;0.011
16448.4;0.013
16448.9;0.013
16449.4;0.011
16449.9;0.012
16450.4;0.012
16450.9;0.012
16451.4;0.012
16451.9;0.011
16452.4;0.013
16452.9;0.012
16453.4;0.012
16453.9;0.012
16454.4;0.012
16454.9;0.011
16455.4;0.012
16455.9;0.012
16456.4;0.012
16456.9;0.011
16457.4;0.011
16457.9;0.01
16458.4;0.012
16458.9;0.011
16459.4;0.012
16459.9;0.011
16460.4;0.012
16460.9;0.012
16461.4;0.012
16461.9;0.011
16462.4;0.012
16462.9;0.012
16463.4;0.012
16463.9;0.012
16464.4;0.012
16464.9;0.012
16465.4;0.012
16465.9;0.012
16466.4;0.01
16466.9;0.012
16467.4;0.012
16467.9;0.012
16468.4;0.012
16468.9;0.012
16469.4;0.011
16469.9;0.013
16470.4;0.011
16470.9;0.012
16471.4;0.011
16471.9;0.012
16472.4;0.011
16472.9;0.011
16473.4;0.012
16473.9;0.011
16474.4;0.011
16474.9;0.013
16475.4;0.012
16475.9;0.013
16476.4;0.011
16476.9;0.011
16477.4;0.012
16477.9;0.013
16478.4;0.011
16478.9;0.011
16479.4;0.011
16479.9;0.013
16480.4;0.012
16480.9;0.01
16481.4;0.013
16481.9;0.012
16482.4;0.012
16482.9;0.012
16483.4;0.011
16483.9;0.013
16484.4;0.014
16484.9;0.012
16485.4;0.011
16485.9;0.01
16486.4;0.012
16486.9;0.011
16487.4;0.012
16487.9;0.011
16488.4;0.011
16488.9;0.011
16489.4;0.012
16489.9;0.011
16490.4;0.012
16490.9;0.012
16491.4;0.01
16491.9;0.011
16492.4;0.011
16492.9;0.012
16493.4;0.012
16493.9;0.013
16494.4;0.011
16494.9;0.012
16495.4;0.012
16495.9;0.012
16496.4;0.011
16496.9;0.013
16497.4;0.013
16497.9;0.013
16498.4;0.011
16498.9;0.012
16499.4;0.011
16499.9;0.01
16500.4;0.012
16500.9;0.011
16501.4;0.011
16501.9;0.011
16502.4;0.012
16502.9;0.013
16503.4;0.011
16503.9;0.012
16504.4;0.011
16504.9;0.011
16505.4;0.013
16505.9;0.011
16506.4;0.012
16506.9;0.012
16507.4;0.012
16507.9;0.012
16508.4;0.011
16508.9;0.01
16509.4;0.011
16509.9;0.012
16510.4;0.011
16510.9;0.011
16511.4;0.011
16511.9;0.011
16512.4;0.011
16512.9;0.012
16513.4;0.011
16513.9;0.013
16514.4;0.013
16514.9;0.012
16515.4;0.011
16515.9;0.013
16516.4;0.011
16516.9;0.012
16517.4;0.012
16517.9;0.011
16518.4;0.011
16518.9;0.011
16519.4;0.011
16519.9;0.011
16520.4;0.013
16520.9;0.012
16521.4;0.013
16521.9;0.013
16522.4;0.01
16522.9;0.012
16523.4;0.013
16523.9;0.011
16524.4;0.011
16524.9;0.011
16525.4;0.011
16525.9;0.01
16526.4;0.013
16526.9;0.012
16527.4;0.012
16527.9;0.011
16528.4;0.013
16528.9;0.012
16529.4;0.011
16529.9;0.012
16530.4;0.012
16530.9;0.011
16531.4;0.012
16531.9;0.012
16532.4;0.012
16532.9;0.011
16533.4;0.013
16533.9;0.011
16534.4;0.012
16534.9;0.012
16535.4;0.012
16535.9;0.012
16536.4;0.011
16536.9;0.011
16537.4;0.011
16537.9;0.013
16538.4;0.012
16538.9;0.012
16539.4;0.011
16539.9;0.012
16540.4;0.011
16540.9;0.012
16541.4;0.011
16541.9;0.011
16542.4;0.01
16542.9;0.011
16543.4;0.012
16543.9;0.011
16544.4;0.012
16544.9;0.012
16545.4;0.013
16545.9;0.011
16546.4;0.013
16546.9;0.014
16547.4;0.011
16547.9;0.013
16548.4;0.013
16548.9;0.012
16549.4;0.012
16549.9;0.012
16550.4;0.012
16550.9;0.012
16551.4;0.012
16551.9;0.011
16552.4;0.012
16552.9;0.011
16553.4;0.012
16553.9;0.013
16554.4;0.012
16554.9;0.012
16555.4;0.012
16555.9;0.011
16556.4;0.012
16556.9;0.013
16557.4;0.013
16557.9;0.012
16558.4;0.012
16558.9;0.012
16559.4;0.014
16559.9;0.011
16560.4;0.012
16560.9;0.012
16561.4;0.011
16561.9;0.011
16562.4;0.012
16562.9;0.011
16563.4;0.012
16563.9;0.011
16564.4;0.012
16564.9;0.012
16565.4;0.011
16565.9;0.012
16566.4;0.012
16566.9;0.012
16567.4;0.01
16567.9;0.012
16568.4;0.012
16568.9;0.012
16569.4;0.011
16569.9;0.011
16570.4;0.011
16570.9;0.011
16571.4;0.013
16571.9;0.012
16572.4;0.011
16572.9;0.012
16573.4;0.012
16573.9;0.012
16574.4;0.012
16574.9;0.012
16575.4;0.014
16575.9;0.012
16576.4;0.011
16576.9;0.011
16577.4;0.011
16577.9;0.013
16578.4;0.012
16578.9;0.012
16579.4;0.012
16579.9;0.012
16580.4;0.011
16580.9;0.012
16581.4;0.012
16581.9;0.013
16582.4;0.011
16582.9;0.011
16583.4;0.012
16583.9;0.012
16584.4;0.011
16584.9;0.012
16585.4;0.012
16585.9;0.012
16586.4;0.012
16586.9;0.013
16587.4;0.011
16587.9;0.012
16588.4;0.012
16588.9;0.012
16589.4;0.012
16589.9;0.01
16590.4;0.013
16590.9;0.011
16591.4;0.011
16591.9;0.013
16592.4;0.011
16592.9;0.011
16593.4;0.011
16593.9;0.012
16594.4;0.012
16594.9;0.011
16595.4;0.011
16595.9;0.011
16596.4;0.011
16596.9;0.013
16597.4;0.012
16597.9;0.012
16598.4;0.012
16598.9;0.012
16599.4;0.012
16599.9;0.011
16600.4;0.011
16600.9;0.011
16601.4;0.011
16601.9;0.011
16602.4;0.011
16602.9;0.012
16603.4;0.013
16603.9;0.012
16604.4;0.01
16604.9;0.011
16605.4;0.012
16605.9;0.011
16606.4;0.01
16606.9;0.012
16607.4;0.012
16607.9;0.011
16608.4;0.01
16608.9;0.012
16609.4;0.012
16609.9;0.012
16610.4;0.01
16610.9;0.011
16611.4;0.012
16611.9;0.012
16612.4;0.011
16612.9;0.011
16613.4;0.012
16613.9;0.011
16614.4;0.01
16614.9;0.012
16615.4;0.014
16615.9;0.012
16616.4;0.011
16616.9;0.012
16617.4;0.012
16617.9;0.011
16618.4;0.011
16618.9;0.012
16619.4;0.013
16619.9;0.011
16620.4;0.012
16620.9;0.011
16621.4;0.013
16621.9;0.013
16622.4;0.012
16622.9;0.012
16623.4;0.013
16623.9;0.01
16624.4;0.011
16624.9;0.01
16625.4;0.011
16625.9;0.011
16626.4;0.011
16626.9;0.012
16627.4;0.012
16627.9;0.012
16628.4;0.012
16628.9;0.011
16629.4;0.012
16629.9;0.012
16630.4;0.012
16630.9;0.011
16631.4;0.012
16631.9;0.012
16632.4;0.012
16632.9;0.011
16633.4;0.011
16633.9;0.011
16634.4;0.012
16634.9;0.013
16635.4;0.013
16635.9;0.013
16636.4;0.011
16636.9;0.012
16637.4;0.012
16637.9;0.011
16638.4;0.012
16638.9;0.012
16639.4;0.012
16639.9;0.012
16640.4;0.012
16640.9;0.011
16641.4;0.01
16641.9;0.01
16642.4;0.012
16642.9;0.012
16643.4;0.011
16643.9;0.012
16644.4;0.011
16644.9;0.012
16645.4;0.012
16645.9;0.012
16646.4;0.011
16646.9;0.012
16647.4;0.011
16647.9;0.013
16648.4;0.012
16648.9;0.011
16649.4;0.012
16649.9;0.012
16650.4;0.011
16650.9;0.011
16651.4;0.011
16651.9;0.011
16652.4;0.012
16652.9;0.011
16653.4;0.012
16653.9;0.012
16654.4;0.012
16654.9;0.012
16655.4;0.012
16655.9;0.011
16656.4;0.013
16656.9;0.011
16657.4;0.012
16657.9;0.013
16658.4;0.012
16658.9;0.011
16659.4;0.012
16659.9;0.012
16660.4;0.013
16660.9;0.011
16661.4;0.013
16661.9;0.011
16662.4;0.011
16662.9;0.01
16663.4;0.011
16663.9;0.012
16664.4;0.012
16664.9;0.011
16665.4;0.013
16665.9;0.013
16666.4;0.011
16666.9;0.012
16667.4;0.014
16667.9;0.013
16668.4;0.012
16668.9;0.012
16669.4;0.013
16669.9;0.012
16670.4;0.012
16670.9;0.012
16671.4;0.011
16671.9;0.01
16672.4;0.012
16672.9;0.012
16673.4;0.012
16673.9;0.011
16674.4;0.012
16674.9;0.011
16675.4;0.012
16675.9;0.012
16676.4;0.011
16676.9;0.011
16677.4;0.012
16677.9;0.012
16678.4;0.011
16678.9;0.012
16679.4;0.012
16679.9;0.011
16680.4;0.013
16680.9;0.011
16681.4;0.011
16681.9;0.011
16682.4;0.012
16682.9;0.012
16683.4;0.012
16683.9;0.011
16684.4;0.011
16684.9;0.012
16685.4;0.012
16685.9;0.011
16686.4;0.012
16686.9;0.011
16687.4;0.013
16687.9;0.011
16688.4;0.012
16688.9;0.011
16689.4;0.012
16689.9;0.012
16690.4;0.013
16690.9;0.012
16691.4;0.012
16691.9;0.013
16692.4;0.01
16692.9;0.011
16693.4;0.013
16693.9;0.012
16694.4;0.012
16694.9;0.01
16695.4;0.012
16695.9;0.011
16696.4;0.012
16696.9;0.011
16697.4;0.012
16697.9;0.011
16698.4;0.012
16698.9;0.011
16699.4;0.012
16699.9;0.011
16700.4;0.011
16700.9;0.012
16701.4;0.012
16701.9;0.011
16702.4;0.012
16702.9;0.011
16703.4;0.013
16703.9;0.012
16704.4;0.013
16704.9;0.012
16705.4;0.011
16705.9;0.012
16706.4;0.013
16706.9;0.012
16707.4;0.011
16707.9;0.012
16708.4;0.011
16708.9;0.01
16709.4;0.012
16709.9;0.012
16710.4;0.013
16710.9;0.011
16711.4;0.011
16711.9;0.011
16712.4;0.011
16712.9;0.011
16713.4;0.012
16713.9;0.012
16714.4;0.012
16714.9;0.012
16715.4;0.011
16715.9;0.012
16716.4;0.012
16716.9;0.012
16717.4;0.012
16717.9;0.012
16718.4;0.012
16718.9;0.012
16719.4;0.01
16719.9;0.01
16720.4;0.011
16720.9;0.013
16721.4;0.011
16721.9;0.011
16722.4;0.013
16722.9;0.012
16723.4;0.012
16723.9;0.012
16724.4;0.013
16724.9;0.011
16725.4;0.011
16725.9;0.011
16726.4;0.011
16726.9;0.011
16727.4;0.011
16727.9;0.013
16728.4;0.011
16728.9;0.012
16729.4;0.01
16729.9;0.013
16730.4;0.013
16730.9;0.012
16731.4;0.012
16731.9;0.012
16732.4;0.011
16732.9;0.012
16733.4;0.011
16733.9;0.012
16734.4;0.012
16734.9;0.011
16735.4;0.011
16735.9;0.012
16736.4;0.011
16736.9;0.012
16737.4;0.011
16737.9;0.012
16738.4;0.011
16738.9;0.013
16739.4;0.012
16739.9;0.012
16740.4;0.011
16740.9;0.012
16741.4;0.012
16741.9;0.011
16742.4;0.012
16742.9;0.013
16743.4;0.013
16743.9;0.012
16744.4;0.012
16744.9;0.011
16745.4;0.01
16745.9;0.011
16746.4;0.012
16746.9;0.011
16747.4;0.012
16747.9;0.012
16748.4;0.011
16748.9;0.011
16749.4;0.012
16749.9;0.012
16750.4;0.01
16750.9;0.011
16751.4;0.011
16751.9;0.012
16752.4;0.013
16752.9;0.01
16753.4;0.011
16753.9;0.012
16754.4;0.012
16754.9;0.011
16755.4;0.011
16755.9;0.013
16756.4;0.013
16756.9;0.012
16757.4;0.011
16757.9;0.012
16758.4;0.012
16758.9;0.011
16759.4;0.013
16759.9;0.012
16760.4;0.012
16760.9;0.013
16761.4;0.011
16761.9;0.012
16762.4;0.011
16762.9;0.012
16763.4;0.011
16763.9;0.012
16764.4;0.012
16764.9;0.011
16765.4;0.012
16765.9;0.012
16766.4;0.011
16766.9;0.011
16767.4;0.012
16767.9;0.012
16768.4;0.012
16768.9;0.011
16769.4;0.012
16769.9;0.013
16770.4;0.011
16770.9;0.01
16771.4;0.012
16771.9;0.012
16772.4;0.013
16772.9;0.012
16773.4;0.011
16773.9;0.012
16774.4;0.011
16774.9;0.012
16775.4;0.013
16775.9;0.012
16776.4;0.011
16776.9;0.011
16777.4;0.011
16777.9;0.011
16778.4;0.012
16778.9;0.012
16779.4;0.012
16779.9;0.012
16780.4;0.012
16780.9;0.011
16781.4;0.011
16781.9;0.012
16782.4;0.012
16782.9;0.012
16783.4;0.011
16783.9;0.011
16784.4;0.012
16784.9;0.012
16785.4;0.011
16785.9;0.012
16786.4;0.012
16786.9;0.013
16787.4;0.012
16787.9;0.013
16788.4;0.011
16788.9;0.011
16789.4;0.012
16789.9;0.012
16790.4;0.014
16790.9;0.011
16791.4;0.011
16791.9;0.011
16792.4;0.012
16792.9;0.012
16793.4;0.011
16793.9;0.012
16794.4;0.012
16794.9;0.01
16795.4;0.011
16795.9;0.013
16796.4;0.01
16796.9;0.012
16797.4;0.012
16797.9;0.011
16798.4;0.013
16798.9;0.011
16799.4;0.011
16799.9;0.012
16800.4;0.01
16800.9;0.012
16801.4;0.013
16801.9;0.012
16802.4;0.011
16802.9;0.012
16803.4;0.011
16803.9;0.011
16804.4;0.011
16804.9;0.011
16805.4;0.012
16805.9;0.012
16806.4;0.012
16806.9;0.011
16807.4;0.011
16807.9;0.012
16808.4;0.011
16808.9;0.012
16809.4;0.012
16809.9;0.012
16810.4;0.012
16810.9;0.011
16811.4;0.012
16811.9;0.011
16812.4;0.012
16812.9;0.011
16813.4;0.012
16813.9;0.011
16814.4;0.012
16814.9;0.01
16815.4;0.013
16815.9;0.011
16816.4;0.011
16816.9;0.011
16817.4;0.011
16817.9;0.011
16818.4;0.012
16818.9;0.013
16819.4;0.011
16819.9;0.011
16820.4;0.011
16820.9;0.011
16821.4;0.011
16821.9;0.011
16822.4;0.013
16822.9;0.012
16823.4;0.011
16823.9;0.011
16824.4;0.012
16824.9;0.011
16825.4;0.011
16825.9;0.011
16826.4;0.011
16826.9;0.01
16827.4;0.011
16827.9;0.011
16828.4;0.011
16828.9;0.012
16829.4;0.012
16829.9;0.013
16830.4;0.011
16830.9;0.011
16831.4;0.012
16831.9;0.011
16832.4;0.012
16832.9;0.013
16833.4;0.012
16833.9;0.011
16834.4;0.01
16834.9;0.013
16835.4;0.012
16835.9;0.012
16836.4;0.011
16836.9;0.012
16837.4;0.012
16837.9;0.013
16838.4;0.012
16838.9;0.011
16839.4;0.012
16839.9;0.013
16840.4;0.012
16840.9;0.011
16841.4;0.011
16841.9;0.012
16842.4;0.011
16842.9;0.012
16843.4;0.012
16843.9;0.012
16844.4;0.012
16844.9;0.011
16845.4;0.012
16845.9;0.01
16846.4;0.012
16846.9;0.011
16847.4;0.011
16847.9;0.011
16848.4;0.012
16848.9;0.011
16849.4;0.013
16849.9;0.012
16850.4;0.011
16850.9;0.011
16851.4;0.011
16851.9;0.011
16852.4;0.012
16852.9;0.012
16853.4;0.011
16853.9;0.011
16854.4;0.01
16854.9;0.011
16855.4;0.012
16855.9;0.012
16856.4;0.011
16856.9;0.012
16857.4;0.011
16857.9;0.013
16858.4;0.01
16858.9;0.012
16859.4;0.009
16859.9;0.014
16860.4;0.009
16860.9;0.012
16861.4;0.012
16861.9;0.012
16862.4;0.012
16862.9;0.013
16863.4;0.011
16863.9;0.013
16864.4;0.011
16864.9;0.012
16865.4;0.011
16865.9;0.012
16866.4;0.011
16866.9;0.012
16867.4;0.012
16867.9;0.013
16868.4;0.013
16868.9;0.011
16869.4;0.012
16869.9;0.011
16870.4;0.012
16870.9;0.012
16871.4;0.012
16871.9;0.011
16872.4;0.013
16872.9;0.013
16873.4;0.012
16873.9;0.011
16874.4;0.011
16874.9;0.012
16875.4;0.011
16875.9;0.011
16876.4;0.012
16876.9;0.01
16877.4;0.012
16877.9;0.012
16878.4;0.011
16878.9;0.011
16879.4;0.011
16879.9;0.013
16880.4;0.012
16880.9;0.011
16881.4;0.012
16881.9;0.011
16882.4;0.012
16882.9;0.011
16883.4;0.011
16883.9;0.012
16884.4;0.012
16884.9;0.011
16885.4;0.011
16885.9;0.011
16886.4;0.011
16886.9;0.012
16887.4;0.011
16887.9;0.011
16888.4;0.011
16888.9;0.011
16889.4;0.011
16889.9;0.011
16890.4;0.012
16890.9;0.011
16891.4;0.012
16891.9;0.012
16892.4;0.012
16892.9;0.011
16893.4;0.012
16893.9;0.012
16894.4;0.013
16894.9;0.012
16895.4;0.012
16895.9;0.012
16896.4;0.011
16896.9;0.012
16897.4;0.012
16897.9;0.011
16898.4;0.012
16898.9;0.011
16899.4;0.011
16899.9;0.011
16900.4;0.012
16900.9;0.011
16901.4;0.011
16901.9;0.012
16902.4;0.012
16902.9;0.011
16903.4;0.011
16903.9;0.012
16904.4;0.011
16904.9;0.011
16905.4;0.012
16905.9;0.012
16906.4;0.012
16906.9;0.011
16907.4;0.011
16907.9;0.011
16908.4;0.011
16908.9;0.011
16909.4;0.013
16909.9;0.011
16910.4;0.013
16910.9;0.012
16911.4;0.012
16911.9;0.012
16912.4;0.012
16912.9;0.011
16913.4;0.012
16913.9;0.012
16914.4;0.011
16914.9;0.012
16915.4;0.013
16915.9;0.011
16916.4;0.011
16916.9;0.012
16917.4;0.011
16917.9;0.012
16918.4;0.013
16918.9;0.013
16919.4;0.011
16919.9;0.012
16920.4;0.012
16920.9;0.012
16921.4;0.012
16921.9;0.013
16922.4;0.012
16922.9;0.011
16923.4;0.011
16923.9;0.011
16924.4;0.012
16924.9;0.013
16925.4;0.011
16925.9;0.012
16926.4;0.01
16926.9;0.01
16927.4;0.01
16927.9;0.012
16928.4;0.011
16928.9;0.012
16929.4;0.011
16929.9;0.012
16930.4;0.011
16930.9;0.01
16931.4;0.011
16931.9;0.011
16932.4;0.012
16932.9;0.011
16933.4;0.012
16933.9;0.011
16934.4;0.01
16934.9;0.011
16935.4;0.012
16935.9;0.013
16936.4;0.013
16936.9;0.013
16937.4;0.012
16937.9;0.012
16938.4;0.011
16938.9;0.011
16939.4;0.012
16939.9;0.012
16940.4;0.012
16940.9;0.012
16941.4;0.012
16941.9;0.012
16942.4;0.012
16942.9;0.012
16943.4;0.011
16943.9;0.013
16944.4;0.011
16944.9;0.012
16945.4;0.011
16945.9;0.011
16946.4;0.011
16946.9;0.011
16947.4;0.011
16947.9;0.011
16948.4;0.012
16948.9;0.012
16949.4;0.011
16949.9;0.012
16950.4;0.012
16950.9;0.012
16951.4;0.012
16951.9;0.011
16952.4;0.011
16952.9;0.011
16953.4;0.011
16953.9;0.012
16954.4;0.013
16954.9;0.011
16955.4;0.012
16955.9;0.011
16956.4;0.012
16956.9;0.013
16957.4;0.012
16957.9;0.011
16958.4;0.013
16958.9;0.012
16959.4;0.012
16959.9;0.012
16960.4;0.011
16960.9;0.012
16961.4;0.013
16961.9;0.011
16962.4;0.012
16962.9;0.012
16963.4;0.012
16963.9;0.012
16964.4;0.011
16964.9;0.013
16965.4;0.011
16965.9;0.012
16966.4;0.012
16966.9;0.012
16967.4;0.012
16967.9;0.011
16968.4;0.012
16968.9;0.012
16969.4;0.012
16969.9;0.011
16970.4;0.011
16970.9;0.011
16971.4;0.011
16971.9;0.012
16972.4;0.012
16972.9;0.012
16973.4;0.012
16973.9;0.011
16974.4;0.011
16974.9;0.012
16975.4;0.012
16975.9;0.012
16976.4;0.012
16976.9;0.011
16977.4;0.012
16977.9;0.011
16978.4;0.01
16978.9;0.011
16979.4;0.012
16979.9;0.011
16980.4;0.011
16980.9;0.011
16981.4;0.011
16981.9;0.011
16982.4;0.013
16982.9;0.011
16983.4;0.013
16983.9;0.011
16984.4;0.011
16984.9;0.012
16985.4;0.012
16985.9;0.011
16986.4;0.012
16986.9;0.011
16987.4;0.011
16987.9;0.011
16988.4;0.011
16988.9;0.011
16989.4;0.012
16989.9;0.011
16990.4;0.013
16990.9;0.011
16991.4;0.011
16991.9;0.011
16992.4;0.011
16992.9;0.011
16993.4;0.012
16993.9;0.011
16994.4;0.012
16994.9;0.011
16995.4;0.012
16995.9;0.012
16996.4;0.012
16996.9;0.012
16997.4;0.011
16997.9;0.012
16998.4;0.012
16998.9;0.012
16999.4;0.011
16999.9;0.011
17000.4;0.011
17000.9;0.011
17001.4;0.012
17001.9;0.012
17002.4;0.011
17002.9;0.011
17003.4;0.011
17003.9;0.012
17004.4;0.01
17004.9;0.013
17005.4;0.012
17005.9;0.012
17006.4;0.012
17006.9;0.011
17007.4;0.01
17007.9;0.013
17008.4;0.012
17008.9;0.011
17009.4;0.012
17009.9;0.013
17010.4;0.011
17010.9;0.012
17011.4;0.011
17011.9;0.012
17012.4;0.012
17012.9;0.011
17013.4;0.012
17013.9;0.011
17014.4;0.012
17014.9;0.012
17015.4;0.011
17015.9;0.011
17016.4;0.011
17016.9;0.012
17017.4;0.011
17017.9;0.011
17018.4;0.012
17018.9;0.011
17019.4;0.012
17019.9;0.011
17020.4;0.01
17020.9;0.011
17021.4;0.012
17021.9;0.011
17022.4;0.012
17022.9;0.012
17023.4;0.012
17023.9;0.011
17024.4;0.011
17024.9;0.012
17025.4;0.012
17025.9;0.012
17026.4;0.011
17026.9;0.01
17027.4;0.011
17027.9;0.01
17028.4;0.011
17028.9;0.012
17029.4;0.012
17029.9;0.012
17030.4;0.011
17030.9;0.011
17031.4;0.012
17031.9;0.012
17032.4;0.012
17032.9;0.011
17033.4;0.011
17033.9;0.012
17034.4;0.011
17034.9;0.012
17035.4;0.012
17035.9;0.011
17036.4;0.01
17036.9;0.012
17037.4;0.012
17037.9;0.012
17038.4;0.011
17038.9;0.012
17039.4;0.011
17039.9;0.013
17040.4;0.012
17040.9;0.013
17041.4;0.011
17041.9;0.011
17042.4;0.011
17042.9;0.011
17043.4;0.011
17043.9;0.011
17044.4;0.011
17044.9;0.013
17045.4;0.012
17045.9;0.011
17046.4;0.011
17046.9;0.012
17047.4;0.011
17047.9;0.012
17048.4;0.011
17048.9;0.011
17049.4;0.012
17049.9;0.012
17050.4;0.012
17050.9;0.011
17051.4;0.012
17051.9;0.011
17052.4;0.011
17052.9;0.012
17053.4;0.013
17053.9;0.011
17054.4;0.012
17054.9;0.01
17055.4;0.011
17055.9;0.011
17056.4;0.011
17056.9;0.012
17057.4;0.011
17057.9;0.012
17058.4;0.013
17058.9;0.01
17059.4;0.013
17059.9;0.011
17060.4;0.012
17060.9;0.011
17061.4;0.012
17061.9;0.012
17062.4;0.013
17062.9;0.012
17063.4;0.012
17063.9;0.011
17064.4;0.013
17064.9;0.011
17065.4;0.012
17065.9;0.011
17066.4;0.012
17066.9;0.011
17067.4;0.012
17067.9;0.011
17068.4;0.011
17068.9;0.012
17069.4;0.012
17069.9;0.012
17070.4;0.013
17070.9;0.011
17071.4;0.011
17071.9;0.013
17072.4;0.011
17072.9;0.012
17073.4;0.011
17073.9;0.011
17074.4;0.012
17074.9;0.011
17075.4;0.011
17075.9;0.012
17076.4;0.011
17076.9;0.012
17077.4;0.013
17077.9;0.012
17078.4;0.012
17078.9;0.011
17079.4;0.01
17079.9;0.011
17080.4;0.011
17080.9;0.011
17081.4;0.012
17081.9;0.01
17082.4;0.011
17082.9;0.011
17083.4;0.011
17083.9;0.01
17084.4;0.011
17084.9;0.012
17085.4;0.011
17085.9;0.011
17086.4;0.012
17086.9;0.011
17087.4;0.011
17087.9;0.01
17088.4;0.011
17088.9;0.012
17089.4;0.012
17089.9;0.012
17090.4;0.012
17090.9;0.011
17091.4;0.011
17091.9;0.012
17092.4;0.011
17092.9;0.012
17093.4;0.012
17093.9;0.012
17094.4;0.013
17094.9;0.013
17095.4;0.011
17095.9;0.011
17096.4;0.011
17096.9;0.012
17097.4;0.011
17097.9;0.012
17098.4;0.012
17098.9;0.01
17099.4;0.01
17099.9;0.012
17100.4;0.012
17100.9;0.012
17101.4;0.011
17101.9;0.011
17102.4;0.011
17102.9;0.013
17103.4;0.012
17103.9;0.012
17104.4;0.011
17104.9;0.011
17105.4;0.011
17105.9;0.012
17106.4;0.011
17106.9;0.011
17107.4;0.012
17107.9;0.01
17108.4;0.012
17108.9;0.011
17109.4;0.011
17109.9;0.011
17110.4;0.012
17110.9;0.01
17111.4;0.012
17111.9;0.009
17112.4;0.011
17112.9;0.012
17113.4;0.012
17113.9;0.012
17114.4;0.012
17114.9;0.01
17115.4;0.011
17115.9;0.012
17116.4;0.012
17116.9;0.012
17117.4;0.012
17117.9;0.011
17118.4;0.012
17118.9;0.012
17119.4;0.01
17119.9;0.012
17120.4;0.011
17120.9;0.012
17121.4;0.011
17121.9;0.012
17122.4;0.011
17122.9;0.012
17123.4;0.01
17123.9;0.011
17124.4;0.01
17124.9;0.012
17125.4;0.011
17125.9;0.011
17126.4;0.012
17126.9;0.01
17127.4;0.011
17127.9;0.011
17128.4;0.012
17128.9;0.013
17129.4;0.011
17129.9;0.011
17130.4;0.011
17130.9;0.01
17131.4;0.012
17131.9;0.012
17132.4;0.012
17132.9;0.011
17133.4;0.013
17133.9;0.011
17134.4;0.012
17134.9;0.012
17135.4;0.012
17135.9;0.011
17136.4;0.01
17136.9;0.011
17137.4;0.012
17137.9;0.012
17138.4;0.012
17138.9;0.011
17139.4;0.012
17139.9;0.011
17140.4;0.012
17140.9;0.012
17141.4;0.012
17141.9;0.012
17142.4;0.011
17142.9;0.012
17143.4;0.011
17143.9;0.013
17144.4;0.012
17144.9;0.012
17145.4;0.012
17145.9;0.011
17146.4;0.011
17146.9;0.012
17147.4;0.011
17147.9;0.012
17148.4;0.011
17148.9;0.011
17149.4;0.012
17149.9;0.012
17150.4;0.01
17150.9;0.011
17151.4;0.012
17151.9;0.012
17152.4;0.011
17152.9;0.012
17153.4;0.011
17153.9;0.012
17154.4;0.012
17154.9;0.011
17155.4;0.011
17155.9;0.012
17156.4;0.011
17156.9;0.012
17157.4;0.012
17157.9;0.012
17158.4;0.012
17158.9;0.013
17159.4;0.012
17159.9;0.012
17160.4;0.011
17160.9;0.01
17161.4;0.011
17161.9;0.012
17162.4;0.012
17162.9;0.012
17163.4;0.011
17163.9;0.012
17164.4;0.012
17164.9;0.012
17165.4;0.011
17165.9;0.012
17166.4;0.011
17166.9;0.012
17167.4;0.01
17167.9;0.011
17168.4;0.011
17168.9;0.012
17169.4;0.01
17169.9;0.012
17170.4;0.011
17170.9;0.012
17171.4;0.011
17171.9;0.012
17172.4;0.011
17172.9;0.011
17173.4;0.01
17173.9;0.011
17174.4;0.012
17174.9;0.011
17175.4;0.011
17175.9;0.012
17176.4;0.011
17176.9;0.011
17177.4;0.01
17177.9;0.012
17178.4;0.011
17178.9;0.012
17179.4;0.013
17179.9;0.011
17180.4;0.011
17180.9;0.012
17181.4;0.013
17181.9;0.013
17182.4;0.01
17182.9;0.011
17183.4;0.011
17183.9;0.011
17184.4;0.011
17184.9;0.01
17185.4;0.011
17185.9;0.011
17186.4;0.012
17186.9;0.011
17187.4;0.013
17187.9;0.011
17188.4;0.01
17188.9;0.01
17189.4;0.011
17189.9;0.01
17190.4;0.012
17190.9;0.012
17191.4;0.011
17191.9;0.011
17192.4;0.012
17192.9;0.01
17193.4;0.012
17193.9;0.012
17194.4;0.011
17194.9;0.012
17195.4;0.013
17195.9;0.012
17196.4;0.013
17196.9;0.011
17197.4;0.011
17197.9;0.011
17198.4;0.012
17198.9;0.011
17199.4;0.012
17199.9;0.013
17200.4;0.011
17200.9;0.01
17201.4;0.012
17201.9;0.012
17202.4;0.013
17202.9;0.012
17203.4;0.012
17203.9;0.012
17204.4;0.011
17204.9;0.012
17205.4;0.012
17205.9;0.01
17206.4;0.012
17206.9;0.011
17207.4;0.011
17207.9;0.011
17208.4;0.012
17208.9;0.012
17209.4;0.012
17209.9;0.011
17210.4;0.011
17210.9;0.011
17211.4;0.01
17211.9;0.01
17212.4;0.012
17212.9;0.012
17213.4;0.011
17213.9;0.011
17214.4;0.012
17214.9;0.013
17215.4;0.011
17215.9;0.011
17216.4;0.011
17216.9;0.012
17217.4;0.011
17217.9;0.012
17218.4;0.012
17218.9;0.012
17219.4;0.012
17219.9;0.011
17220.4;0.011
17220.9;0.011
17221.4;0.012
17221.9;0.012
17222.4;0.011
17222.9;0.01
17223.4;0.012
17223.9;0.013
17224.4;0.011
17224.9;0.013
17225.4;0.011
17225.9;0.012
17226.4;0.011
17226.9;0.01
17227.4;0.012
17227.9;0.011
17228.4;0.012
17228.9;0.013
17229.4;0.011
17229.9;0.011
17230.4;0.012
17230.9;0.011
17231.4;0.012
17231.9;0.012
17232.4;0.011
17232.9;0.011
17233.4;0.011
17233.9;0.012
17234.4;0.011
17234.9;0.012
17235.4;0.011
17235.9;0.012
17236.4;0.011
17236.9;0.01
17237.4;0.011
17237.9;0.012
17238.4;0.011
17238.9;0.01
17239.4;0.013
17239.9;0.011
17240.4;0.01
17240.9;0.011
17241.4;0.012
17241.9;0.012
17242.4;0.011
17242.9;0.01
17243.4;0.011
17243.9;0.011
17244.4;0.011
17244.9;0.01
17245.4;0.01
17245.9;0.012
17246.4;0.012
17246.9;0.013
17247.4;0.011
17247.9;0.012
17248.4;0.011
17248.9;0.01
17249.4;0.011
17249.9;0.01
17250.4;0.011
17250.9;0.012
17251.4;0.011
17251.9;0.012
17252.4;0.011
17252.9;0.013
17253.4;0.012
17253.9;0.011
17254.4;0.011
17254.9;0.012
17255.4;0.012
17255.9;0.01
17256.4;0.012
17256.9;0.012
17257.4;0.012
17257.9;0.011
17258.4;0.013
17258.9;0.012
17259.4;0.011
17259.9;0.01
17260.4;0.011
17260.9;0.012
17261.4;0.012
17261.9;0.011
17262.4;0.011
17262.9;0.012
17263.4;0.011
17263.9;0.011
17264.4;0.011
17264.9;0.011
17265.4;0.012
17265.9;0.011
17266.4;0.011
17266.9;0.012
17267.4;0.012
17267.9;0.011
17268.4;0.012
17268.9;0.013
17269.4;0.011
17269.9;0.012
17270.4;0.011
17270.9;0.011
17271.4;0.011
17271.9;0.012
17272.4;0.012
17272.9;0.012
17273.4;0.011
17273.9;0.012
17274.4;0.011
17274.9;0.012
17275.4;0.013
17275.9;0.011
17276.4;0.012
17276.9;0.012
17277.4;0.011
17277.9;0.012
17278.4;0.012
17278.9;0.011
17279.4;0.011
17279.9;0.011
17280.4;0.012
17280.9;0.013
17281.4;0.012
17281.9;0.012
17282.4;0.011
17282.9;0.012
17283.4;0.012
17283.9;0.01
17284.4;0.011
17284.9;0.011
17285.4;0.012
17285.9;0.013
17286.4;0.012
17286.9;0.012
17287.4;0.012
17287.9;0.012
17288.4;0.013
17288.9;0.012
17289.4;0.011
17289.9;0.013
17290.4;0.012
17290.9;0.012
17291.4;0.013
17291.9;0.013
17292.4;0.011
17292.9;0.013
17293.4;0.011
17293.9;0.01
17294.4;0.011
17294.9;0.011
17295.4;0.012
17295.9;0.011
17296.4;0.012
17296.9;0.011
17297.4;0.01
17297.9;0.011
17298.4;0.012
17298.9;0.01
17299.4;0.011
17299.9;0.011
17300.4;0.011
17300.9;0.011
17301.4;0.011
17301.9;0.012
17302.4;0.011
17302.9;0.012
17303.4;0.013
17303.9;0.013
17304.4;0.011
17304.9;0.01
17305.4;0.012
17305.9;0.011
17306.4;0.012
17306.9;0.011
17307.4;0.011
17307.9;0.011
17308.4;0.012
17308.9;0.01
17309.4;0.011
17309.9;0.012
17310.4;0.01
17310.9;0.012
17311.4;0.012
17311.9;0.012
17312.4;0.01
17312.9;0.012
17313.4;0.012
17313.9;0.011
17314.4;0.012
17314.9;0.011
17315.4;0.01
17315.9;0.011
17316.4;0.01
17316.9;0.01
17317.4;0.012
17317.9;0.012
17318.4;0.01
17318.9;0.012
17319.4;0.012
17319.9;0.01
17320.4;0.01
17320.9;0.01
17321.4;0.01
17321.9;0.011
17322.4;0.01
17322.9;0.013
17323.4;0.012
17323.9;0.013
17324.4;0.011
17324.9;0.011
17325.4;0.01
17325.9;0.01
17326.4;0.013
17326.9;0.014
17327.4;0.013
17327.9;0.011
17328.4;0.011
17328.9;0.011
17329.4;0.011
17329.9;0.012
17330.4;0.013
17330.9;0.012
17331.4;0.012
17331.9;0.011
17332.4;0.012
17332.9;0.012
17333.4;0.011
17333.9;0.012
17334.4;0.012
17334.9;0.011
17335.4;0.011
17335.9;0.011
17336.4;0.011
17336.9;0.011
17337.4;0.012
17337.9;0.012
17338.4;0.011
17338.9;0.012
17339.4;0.012
17339.9;0.011
17340.4;0.011
17340.9;0.012
17341.4;0.012
17341.9;0.012
17342.4;0.012
17342.9;0.012
17343.4;0.012
17343.9;0.012
17344.4;0.011
17344.9;0.011
17345.4;0.01
17345.9;0.011
17346.4;0.013
17346.9;0.011
17347.4;0.01
17347.9;0.012
17348.4;0.011
17348.9;0.012
17349.4;0.012
17349.9;0.012
17350.4;0.012
17350.9;0.011
17351.4;0.011
17351.9;0.011
17352.4;0.011
17352.9;0.012
17353.4;0.011
17353.9;0.013
17354.4;0.012
17354.9;0.011
17355.4;0.012
17355.9;0.011
17356.4;0.01
17356.9;0.012
17357.4;0.012
17357.9;0.011
17358.4;0.013
17358.9;0.011
17359.4;0.012
17359.9;0.011
17360.4;0.011
17360.9;0.012
17361.4;0.012
17361.9;0.01
17362.4;0.012
17362.9;0.011
17363.4;0.012
17363.9;0.013
17364.4;0.011
17364.9;0.012
17365.4;0.013
17365.9;0.011
17366.4;0.012
17366.9;0.01
17367.4;0.011
17367.9;0.011
17368.4;0.011
17368.9;0.011
17369.4;0.011
17369.9;0.011
17370.4;0.012
17370.9;0.012
17371.4;0.011
17371.9;0.011
17372.4;0.011
17372.9;0.011
17373.4;0.012
17373.9;0.012
17374.4;0.012
17374.9;0.01
17375.4;0.012
17375.9;0.011
17376.4;0.012
17376.9;0.013
17377.4;0.011
17377.9;0.01
17378.4;0.011
17378.9;0.011
17379.4;0.012
17379.9;0.01
17380.4;0.012
17380.9;0.011
17381.4;0.012
17381.9;0.012
17382.4;0.012
17382.9;0.012
17383.4;0.012
17383.9;0.012
17384.4;0.012
17384.9;0.011
17385.4;0.011
17385.9;0.012
17386.4;0.012
17386.9;0.012
17387.4;0.011
17387.9;0.011
17388.4;0.013
17388.9;0.011
17389.4;0.011
17389.9;0.008
17390.4;0.011
17390.9;0.011
17391.4;0.01
17391.9;0.011
17392.4;0.012
17392.9;0.011
17393.4;0.013
17393.9;0.011
17394.4;0.012
17394.9;0.011
17395.4;0.012
17395.9;0.012
17396.4;0.012
17396.9;0.011
17397.4;0.012
17397.9;0.012
17398.4;0.011
17398.9;0.01
17399.4;0.012
17399.9;0.011
17400.4;0.011
17400.9;0.011
17401.4;0.009
17401.9;0.012
17402.4;0.012
17402.9;0.011
17403.4;0.011
17403.9;0.011
17404.4;0.013
17404.9;0.011
17405.4;0.012
17405.9;0.01
17406.4;0.012
17406.9;0.013
17407.4;0.01
17407.9;0.012
17408.4;0.013
17408.9;0.01
17409.4;0.012
17409.9;0.011
17410.4;0.013
17410.9;0.011
17411.4;0.011
17411.9;0.011
17412.4;0.011
17412.9;0.011
17413.4;0.012
17413.9;0.011
17414.4;0.013
17414.9;0.012
17415.4;0.011
17415.9;0.012
17416.4;0.012
17416.9;0.011
17417.4;0.011
17417.9;0.012
17418.4;0.012
17418.9;0.012
17419.4;0.009
17419.9;0.012
17420.4;0.011
17420.9;0.011
17421.4;0.011
17421.9;0.011
17422.4;0.011
17422.9;0.012
17423.4;0.012
17423.9;0.011
17424.4;0.011
17424.9;0.011
17425.4;0.011
17425.9;0.011
17426.4;0.011
17426.9;0.013
17427.4;0.011
17427.9;0.01
17428.4;0.011
17428.9;0.011
17429.4;0.012
17429.9;0.012
17430.4;0.011
17430.9;0.011
17431.4;0.011
17431.9;0.011
17432.4;0.011
17432.9;0.013
17433.4;0.011
17433.9;0.011
17434.4;0.011
17434.9;0.011
17435.4;0.012
17435.9;0.012
17436.4;0.012
17436.9;0.013
17437.4;0.012
17437.9;0.012
17438.4;0.011
17438.9;0.011
17439.4;0.011
17439.9;0.011
17440.4;0.011
17440.9;0.011
17441.4;0.012
17441.9;0.012
17442.4;0.012
17442.9;0.011
17443.4;0.013
17443.9;0.012
17444.4;0.011
17444.9;0.012
17445.4;0.011
17445.9;0.011
17446.4;0.012
17446.9;0.012
17447.4;0.011
17447.9;0.012
17448.4;0.011
17448.9;0.011
17449.4;0.012
17449.9;0.011
17450.4;0.011
17450.9;0.011
17451.4;0.013
17451.9;0.011
17452.4;0.012
17452.9;0.011
17453.4;0.012
17453.9;0.013
17454.4;0.011
17454.9;0.01
17455.4;0.011
17455.9;0.01
17456.4;0.011
17456.9;0.011
17457.4;0.011
17457.9;0.011
17458.4;0.011
17458.9;0.011
17459.4;0.011
17459.9;0.011
17460.4;0.011
17460.9;0.012
17461.4;0.012
17461.9;0.012
17462.4;0.011
17462.9;0.011
17463.4;0.011
17463.9;0.012
17464.4;0.011
17464.9;0.011
17465.4;0.011
17465.9;0.011
17466.4;0.012
17466.9;0.013
17467.4;0.011
17467.9;0.011
17468.4;0.011
17468.9;0.012
17469.4;0.012
17469.9;0.012
17470.4;0.013
17470.9;0.012
17471.4;0.012
17471.9;0.012
17472.4;0.01
17472.9;0.012
17473.4;0.011
17473.9;0.013
17474.4;0.012
17474.9;0.013
17475.4;0.011
17475.9;0.011
17476.4;0.012
17476.9;0.012
17477.4;0.011
17477.9;0.011
17478.4;0.012
17478.9;0.011
17479.4;0.011
17479.9;0.011
17480.4;0.01
17480.9;0.01
17481.4;0.012
17481.9;0.013
17482.4;0.01
17482.9;0.011
17483.4;0.011
17483.9;0.011
17484.4;0.011
17484.9;0.011
17485.4;0.012
17485.9;0.012
17486.4;0.011
17486.9;0.011
17487.4;0.012
17487.9;0.011
17488.4;0.011
17488.9;0.012
17489.4;0.011
17489.9;0.011
17490.4;0.012
17490.9;0.01
17491.4;0.011
17491.9;0.012
17492.4;0.011
17492.9;0.011
17493.4;0.011
17493.9;0.012
17494.4;0.011
17494.9;0.011
17495.4;0.011
17495.9;0.011
17496.4;0.011
17496.9;0.011
17497.4;0.011
17497.9;0.011
17498.4;0.011
17498.9;0.011
17499.4;0.012
17499.9;0.011
17500.4;0.011
17500.9;0.012
17501.4;0.01
17501.9;0.012
17502.4;0.012
17502.9;0.012
17503.4;0.011
17503.9;0.013
17504.4;0.011
17504.9;0.011
17505.4;0.011
17505.9;0.012
17506.4;0.012
17506.9;0.011
17507.4;0.011
17507.9;0.01
17508.4;0.012
17508.9;0.012
17509.4;0.012
17509.9;0.012
17510.4;0.011
17510.9;0.013
17511.4;0.012
17511.9;0.011
17512.4;0.012
17512.9;0.012
17513.4;0.012
17513.9;0.01
17514.4;0.012
17514.9;0.011
17515.4;0.012
17515.9;0.011
17516.4;0.011
17516.9;0.011
17517.4;0.012
17517.9;0.012
17518.4;0.012
17518.9;0.011
17519.4;0.012
17519.9;0.01
17520.4;0.011
17520.9;0.01
17521.4;0.013
17521.9;0.012
17522.4;0.013
17522.9;0.012
17523.4;0.011
17523.9;0.012
17524.4;0.012
17524.9;0.011
17525.4;0.011
17525.9;0.012
17526.4;0.011
17526.9;0.013
17527.4;0.012
17527.9;0.011
17528.4;0.012
17528.9;0.01
17529.4;0.012
17529.9;0.012
17530.4;0.012
17530.9;0.011
17531.4;0.012
17531.9;0.011
17532.4;0.012
17532.9;0.011
17533.4;0.012
17533.9;0.012
17534.4;0.012
17534.9;0.011
17535.4;0.012
17535.9;0.012
17536.4;0.012
17536.9;0.011
17537.4;0.012
17537.9;0.01
17538.4;0.011
17538.9;0.012
17539.4;0.012
17539.9;0.013
17540.4;0.01
17540.9;0.012
17541.4;0.011
17541.9;0.011
17542.4;0.011
17542.9;0.01
17543.4;0.01
17543.9;0.011
17544.4;0.011
17544.9;0.01
17545.4;0.011
17545.9;0.011
17546.4;0.012
17546.9;0.011
17547.4;0.011
17547.9;0.01
17548.4;0.012
17548.9;0.012
17549.4;0.01
17549.9;0.012
17550.4;0.012
17550.9;0.01
17551.4;0.012
17551.9;0.011
17552.4;0.012
17552.9;0.012
17553.4;0.012
17553.9;0.011
17554.4;0.012
17554.9;0.011
17555.4;0.012
17555.9;0.011
17556.4;0.012
17556.9;0.011
17557.4;0.012
17557.9;0.01
17558.4;0.011
17558.9;0.013
17559.4;0.011
17559.9;0.012
17560.4;0.012
17560.9;0.012
17561.4;0.01
17561.9;0.012
17562.4;0.012
17562.9;0.012
17563.4;0.011
17563.9;0.01
17564.4;0.011
17564.9;0.012
17565.4;0.011
17565.9;0.013
17566.4;0.012
17566.9;0.012
17567.4;0.011
17567.9;0.011
17568.4;0.011
17568.9;0.012
17569.4;0.01
17569.9;0.011
17570.4;0.013
17570.9;0.012
17571.4;0.012
17571.9;0.012
17572.4;0.011
17572.9;0.011
17573.4;0.012
17573.9;0.011
17574.4;0.011
17574.9;0.011
17575.4;0.011
17575.9;0.011
17576.4;0.01
17576.9;0.012
17577.4;0.012
17577.9;0.011
17578.4;0.011
17578.9;0.011
17579.4;0.012
17579.9;0.012
17580.4;0.011
17580.9;0.01
17581.4;0.011
17581.9;0.01
17582.4;0.013
17582.9;0.011
17583.4;0.011
17583.9;0.011
17584.4;0.01
17584.9;0.012
17585.4;0.011
17585.9;0.011
17586.4;0.011
17586.9;0.011
17587.4;0.012
17587.9;0.011
17588.4;0.012
17588.9;0.01
17589.4;0.012
17589.9;0.011
17590.4;0.012
17590.9;0.011
17591.4;0.012
17591.9;0.012
17592.4;0.013
17592.9;0.009
17593.4;0.012
17593.9;0.011
17594.4;0.013
17594.9;0.011
17595.4;0.012
17595.9;0.01
17596.4;0.012
17596.9;0.01
17597.4;0.011
17597.9;0.01
17598.4;0.012
17598.9;0.011
17599.4;0.01
17599.9;0.012
17600.4;0.011
17600.9;0.01
17601.4;0.01
17601.9;0.011
17602.4;0.011
17602.9;0.011
17603.4;0.011
17603.9;0.012
17604.4;0.012
17604.9;0.012
17605.4;0.012
17605.9;0.011
17606.4;0.011
17606.9;0.011
17607.4;0.011
17607.9;0.011
17608.4;0.01
17608.9;0.012
17609.4;0.011
17609.9;0.011
17610.4;0.011
17610.9;0.012
17611.4;0.01
17611.9;0.011
17612.4;0.011
17612.9;0.011
17613.4;0.01
17613.9;0.011
17614.4;0.011
17614.9;0.011
17615.4;0.012
17615.9;0.01
17616.4;0.01
17616.9;0.01
17617.4;0.012
17617.9;0.012
17618.4;0.01
17618.9;0.012
17619.4;0.011
17619.9;0.011
17620.4;0.012
17620.9;0.01
17621.4;0.012
17621.9;0.013
17622.4;0.011
17622.9;0.011
17623.4;0.012
17623.9;0.011
17624.4;0.012
17624.9;0.011
17625.4;0.011
17625.9;0.012
17626.4;0.011
17626.9;0.012
17627.4;0.011
17627.9;0.011
17628.4;0.011
17628.9;0.011
17629.4;0.012
17629.9;0.011
17630.4;0.011
17630.9;0.011
17631.4;0.013
17631.9;0.011
17632.4;0.012
17632.9;0.011
17633.4;0.012
17633.9;0.011
17634.4;0.012
17634.9;0.012
17635.4;0.014
17635.9;0.012
17636.4;0.012
17636.9;0.012
17637.4;0.012
17637.9;0.011
17638.4;0.013
17638.9;0.011
17639.4;0.011
17639.9;0.011
17640.4;0.012
17640.9;0.011
17641.4;0.012
17641.9;0.011
17642.4;0.012
17642.9;0.011
17643.4;0.01
17643.9;0.011
17644.4;0.011
17644.9;0.012
17645.4;0.011
17645.9;0.01
17646.4;0.01
17646.9;0.011
17647.4;0.011
17647.9;0.012
17648.4;0.012
17648.9;0.011
17649.4;0.011
17649.9;0.011
17650.4;0.01
17650.9;0.012
17651.4;0.011
17651.9;0.011
17652.4;0.011
17652.9;0.012
17653.4;0.013
17653.9;0.012
17654.4;0.012
17654.9;0.013
17655.4;0.01
17655.9;0.013
17656.4;0.012
17656.9;0.011
17657.4;0.011
17657.9;0.01
17658.4;0.011
17658.9;0.012
17659.4;0.011
17659.9;0.011
17660.4;0.012
17660.9;0.012
17661.4;0.012
17661.9;0.012
17662.4;0.011
17662.9;0.012
17663.4;0.011
17663.9;0.012
17664.4;0.01
17664.9;0.011
17665.4;0.011
17665.9;0.012
17666.4;0.012
17666.9;0.012
17667.4;0.011
17667.9;0.012
17668.4;0.011
17668.9;0.012
17669.4;0.011
17669.9;0.012
17670.4;0.012
17670.9;0.011
17671.4;0.012
17671.9;0.009
17672.4;0.012
17672.9;0.011
17673.4;0.012
17673.9;0.012
17674.4;0.011
17674.9;0.011
17675.4;0.01
17675.9;0.011
17676.4;0.012
17676.9;0.011
17677.4;0.011
17677.9;0.011
17678.4;0.011
17678.9;0.01
17679.4;0.012
17679.9;0.011
17680.4;0.011
17680.9;0.012
17681.4;0.01
17681.9;0.011
17682.4;0.012
17682.9;0.011
17683.4;0.012
17683.9;0.011
17684.4;0.01
17684.9;0.012
17685.4;0.011
17685.9;0.011
17686.4;0.012
17686.9;0.011
17687.4;0.012
17687.9;0.012
17688.4;0.011
17688.9;0.011
17689.4;0.011
17689.9;0.011
17690.4;0.011
17690.9;0.011
17691.4;0.011
17691.9;0.011
17692.4;0.012
17692.9;0.012
17693.4;0.011
17693.9;0.011
17694.4;0.012
17694.9;0.01
17695.4;0.011
17695.9;0.01
17696.4;0.011
17696.9;0.012
17697.4;0.011
17697.9;0.013
17698.4;0.01
17698.9;0.012
17699.4;0.011
17699.9;0.011
17700.4;0.011
17700.9;0.012
17701.4;0.011
17701.9;0.011
17702.4;0.011
17702.9;0.011
17703.4;0.012
17703.9;0.011
17704.4;0.011
17704.9;0.011
17705.4;0.011
17705.9;0.011
17706.4;0.011
17706.9;0.01
17707.4;0.012
17707.9;0.012
17708.4;0.011
17708.9;0.011
17709.4;0.012
17709.9;0.011
17710.4;0.011
17710.9;0.011
17711.4;0.011
17711.9;0.01
17712.4;0.012
17712.9;0.01
17713.4;0.01
17713.9;0.011
17714.4;0.011
17714.9;0.011
17715.4;0.011
17715.9;0.011
17716.4;0.013
17716.9;0.011
17717.4;0.012
17717.9;0.012
17718.4;0.011
17718.9;0.011
17719.4;0.012
17719.9;0.012
17720.4;0.011
17720.9;0.013
17721.4;0.011
17721.9;0.011
17722.4;0.011
17722.9;0.011
17723.4;0.012
17723.9;0.014
17724.4;0.012
17724.9;0.011
17725.4;0.011
17725.9;0.012
17726.4;0.01
17726.9;0.011
17727.4;0.012
17727.9;0.011
17728.4;0.01
17728.9;0.01
17729.4;0.012
17729.9;0.011
17730.4;0.012
17730.9;0.01
17731.4;0.011
17731.9;0.012
17732.4;0.012
17732.9;0.013
17733.4;0.011
17733.9;0.011
17734.4;0.011
17734.9;0.012
17735.4;0.011
17735.9;0.011
17736.4;0.011
17736.9;0.01
17737.4;0.011
17737.9;0.011
17738.4;0.011
17738.9;0.01
17739.4;0.011
17739.9;0.012
17740.4;0.012
17740.9;0.011
17741.4;0.012
17741.9;0.012
17742.4;0.011
17742.9;0.011
17743.4;0.012
17743.9;0.012
17744.4;0.012
17744.9;0.011
17745.4;0.01
17745.9;0.011
17746.4;0.011
17746.9;0.012
17747.4;0.012
17747.9;0.011
17748.4;0.012
17748.9;0.01
17749.4;0.012
17749.9;0.012
17750.4;0.011
17750.9;0.013
17751.4;0.011
17751.9;0.01
17752.4;0.011
17752.9;0.011
17753.4;0.012
17753.9;0.011
17754.4;0.012
17754.9;0.012
17755.4;0.013
17755.9;0.012
17756.4;0.011
17756.9;0.011
17757.4;0.01
17757.9;0.012
17758.4;0.011
17758.9;0.011
17759.4;0.011
17759.9;0.011
17760.4;0.012
17760.9;0.011
17761.4;0.013
17761.9;0.011
17762.4;0.011
17762.9;0.012
17763.4;0.011
17763.9;0.011
17764.4;0.011
17764.9;0.011
17765.4;0.011
17765.9;0.012
17766.4;0.011
17766.9;0.012
17767.4;0.011
17767.9;0.01
17768.4;0.011
17768.9;0.011
17769.4;0.011
17769.9;0.011
17770.4;0.011
17770.9;0.011
17771.4;0.009
17771.9;0.011
17772.4;0.013
17772.9;0.01
17773.4;0.011
17773.9;0.012
17774.4;0.011
17774.9;0.012
17775.4;0.01
17775.9;0.012
17776.4;0.011
17776.9;0.011
17777.4;0.012
17777.9;0.011
17778.4;0.011
17778.9;0.012
17779.4;0.012
17779.9;0.012
17780.4;0.011
17780.9;0.01
17781.4;0.011
17781.9;0.013
17782.4;0.011
17782.9;0.012
17783.4;0.01
17783.9;0.011
17784.4;0.012
17784.9;0.012
17785.4;0.011
17785.9;0.011
17786.4;0.011
17786.9;0.011
17787.4;0.012
17787.9;0.012
17788.4;0.01
17788.9;0.012
17789.4;0.012
17789.9;0.011
17790.4;0.013
17790.9;0.011
17791.4;0.011
17791.9;0.011
17792.4;0.012
17792.9;0.012
17793.4;0.011
17793.9;0.01
17794.4;0.01
17794.9;0.011
17795.4;0.01
17795.9;0.01
17796.4;0.012
17796.9;0.011
17797.4;0.01
17797.9;0.012
17798.4;0.011
17798.9;0.01
17799.4;0.011
17799.9;0.012
17800.4;0.011
17800.9;0.01
17801.4;0.012
17801.9;0.012
17802.4;0.01
17802.9;0.01
17803.4;0.012
17803.9;0.012
17804.4;0.011
17804.9;0.012
17805.4;0.011
17805.9;0.012
17806.4;0.011
17806.9;0.012
17807.4;0.011
17807.9;0.011
17808.4;0.012
17808.9;0.011
17809.4;0.012
17809.9;0.012
17810.4;0.012
17810.9;0.01
17811.4;0.012
17811.9;0.012
17812.4;0.012
17812.9;0.011
17813.4;0.012
17813.9;0.012
17814.4;0.012
17814.9;0.01
17815.4;0.01
17815.9;0.011
17816.4;0.012
17816.9;0.011
17817.4;0.012
17817.9;0.013
17818.4;0.012
17818.9;0.011
17819.4;0.011
17819.9;0.011
17820.4;0.01
17820.9;0.011
17821.4;0.012
17821.9;0.011
17822.4;0.011
17822.9;0.012
17823.4;0.01
17823.9;0.011
17824.4;0.012
17824.9;0.012
17825.4;0.012
17825.9;0.011
17826.4;0.011
17826.9;0.011
17827.4;0.012
17827.9;0.011
17828.4;0.011
17828.9;0.011
17829.4;0.011
17829.9;0.013
17830.4;0.011
17830.9;0.012
17831.4;0.013
17831.9;0.011
17832.4;0.011
17832.9;0.011
17833.4;0.012
17833.9;0.011
17834.4;0.011
17834.9;0.013
17835.4;0.013
17835.9;0.011
17836.4;0.01
17836.9;0.012
17837.4;0.012
17837.9;0.011
17838.4;0.012
17838.9;0.012
17839.4;0.011
17839.9;0.011
17840.4;0.011
17840.9;0.01
17841.4;0.012
17841.9;0.011
17842.4;0.01
17842.9;0.012
17843.4;0.012
17843.9;0.012
17844.4;0.012
17844.9;0.011
17845.4;0.011
17845.9;0.01
17846.4;0.012
17846.9;0.011
17847.4;0.011
17847.9;0.012
17848.4;0.011
17848.9;0.011
17849.4;0.01
17849.9;0.011
17850.4;0.011
17850.9;0.012
17851.4;0.011
17851.9;0.012
17852.4;0.011
17852.9;0.012
17853.4;0.011
17853.9;0.011
17854.4;0.012
17854.9;0.012
17855.4;0.01
17855.9;0.011
17856.4;0.011
17856.9;0.012
17857.4;0.012
17857.9;0.011
17858.4;0.011
17858.9;0.012
17859.4;0.011
17859.9;0.012
17860.4;0.012
17860.9;0.011
17861.4;0.011
17861.9;0.011
17862.4;0.012
17862.9;0.011
17863.4;0.011
17863.9;0.011
17864.4;0.011
17864.9;0.011
17865.4;0.011
17865.9;0.011
17866.4;0.011
17866.9;0.012
17867.4;0.013
17867.9;0.01
17868.4;0.011
17868.9;0.011
17869.4;0.012
17869.9;0.012
17870.4;0.011
17870.9;0.011
17871.4;0.011
17871.9;0.012
17872.4;0.011
17872.9;0.011
17873.4;0.011
17873.9;0.013
17874.4;0.012
17874.9;0.01
17875.4;0.01
17875.9;0.012
17876.4;0.011
17876.9;0.01
17877.4;0.011
17877.9;0.012
17878.4;0.01
17878.9;0.012
17879.4;0.011
17879.9;0.011
17880.4;0.011
17880.9;0.011
17881.4;0.01
17881.9;0.012
17882.4;0.011
17882.9;0.011
17883.4;0.012
17883.9;0.011
17884.4;0.012
17884.9;0.011
17885.4;0.011
17885.9;0.01
17886.4;0.012
17886.9;0.009
17887.4;0.012
17887.9;0.013
17888.4;0.013
17888.9;0.011
17889.4;0.011
17889.9;0.012
17890.4;0.012
17890.9;0.012
17891.4;0.01
17891.9;0.011
17892.4;0.011
17892.9;0.011
17893.4;0.01
17893.9;0.01
17894.4;0.011
17894.9;0.012
17895.4;0.011
17895.9;0.011
17896.4;0.011
17896.9;0.012
17897.4;0.012
17897.9;0.013
17898.4;0.012
17898.9;0.01
17899.4;0.011
17899.9;0.011
17900.4;0.011
17900.9;0.011
17901.4;0.011
17901.9;0.011
17902.4;0.011
17902.9;0.011
17903.4;0.011
17903.9;0.012
17904.4;0.011
17904.9;0.011
17905.4;0.01
17905.9;0.01
17906.4;0.011
17906.9;0.01
17907.4;0.012
17907.9;0.011
17908.4;0.011
17908.9;0.011
17909.4;0.01
17909.9;0.011
17910.4;0.012
17910.9;0.012
17911.4;0.01
17911.9;0.01
17912.4;0.012
17912.9;0.011
17913.4;0.012
17913.9;0.011
17914.4;0.01
17914.9;0.012
17915.4;0.01
17915.9;0.01
17916.4;0.011
17916.9;0.012
17917.4;0.011
17917.9;0.011
17918.4;0.01
17918.9;0.012
17919.4;0.011
17919.9;0.012
17920.4;0.01
17920.9;0.011
17921.4;0.011
17921.9;0.013
17922.4;0.011
17922.9;0.012
17923.4;0.011
17923.9;0.012
17924.4;0.011
17924.9;0.011
17925.4;0.011
17925.9;0.011
17926.4;0.011
17926.9;0.012
17927.4;0.011
17927.9;0.012
17928.4;0.01
17928.9;0.01
17929.4;0.011
17929.9;0.011
17930.4;0.012
17930.9;0.012
17931.4;0.011
17931.9;0.011
17932.4;0.011
17932.9;0.011
17933.4;0.011
17933.9;0.011
17934.4;0.011
17934.9;0.011
17935.4;0.012
17935.9;0.011
17936.4;0.012
17936.9;0.012
17937.4;0.011
17937.9;0.011
17938.4;0.01
17938.9;0.012
17939.4;0.013
17939.9;0.011
17940.4;0.012
17940.9;0.011
17941.4;0.01
17941.9;0.011
17942.4;0.01
17942.9;0.011
17943.4;0.011
17943.9;0.012
17944.4;0.011
17944.9;0.01
17945.4;0.012
17945.9;0.012
17946.4;0.01
17946.9;0.011
17947.4;0.01
17947.9;0.011
17948.4;0.011
17948.9;0.011
17949.4;0.011
17949.9;0.01
17950.4;0.012
17950.9;0.012
17951.4;0.012
17951.9;0.011
17952.4;0.011
17952.9;0.011
17953.4;0.012
17953.9;0.012
17954.4;0.012
17954.9;0.011
17955.4;0.011
17955.9;0.009
17956.4;0.012
17956.9;0.013
17957.4;0.011
17957.9;0.011
17958.4;0.012
17958.9;0.011
17959.4;0.011
17959.9;0.013
17960.4;0.011
17960.9;0.012
17961.4;0.011
17961.9;0.011
17962.4;0.012
17962.9;0.011
17963.4;0.013
17963.9;0.011
17964.4;0.012
17964.9;0.012
17965.4;0.012
17965.9;0.012
17966.4;0.011
17966.9;0.012
17967.4;0.012
17967.9;0.01
17968.4;0.01
17968.9;0.01
17969.4;0.012
17969.9;0.012
17970.4;0.011
17970.9;0.01
17971.4;0.012
17971.9;0.01
17972.4;0.012
17972.9;0.012
17973.4;0.011
17973.9;0.011
17974.4;0.011
17974.9;0.011
17975.4;0.012
17975.9;0.011
17976.4;0.011
17976.9;0.012
17977.4;0.013
17977.9;0.012
17978.4;0.011
17978.9;0.012
17979.4;0.011
17979.9;0.011
17980.4;0.012
17980.9;0.012
17981.4;0.012
17981.9;0.012
17982.4;0.011
17982.9;0.011
17983.4;0.011
17983.9;0.012
17984.4;0.01
17984.9;0.012
17985.4;0.012
17985.9;0.011
17986.4;0.011
17986.9;0.012
17987.4;0.012
17987.9;0.011
17988.4;0.011
17988.9;0.011
17989.4;0.011
17989.9;0.01
17990.4;0.011
17990.9;0.012
17991.4;0.01
17991.9;0.01
17992.4;0.012
17992.9;0.011
17993.4;0.011
17993.9;0.012
17994.4;0.011
17994.9;0.012
17995.4;0.011
17995.9;0.01
17996.4;0.011
17996.9;0.012
17997.4;0.011
17997.9;0.013
17998.4;0.011
17998.9;0.012
17999.4;0.011
17999.9;0.01
