Frequence;Amplitude
0.0;0.347
0.5;0.3
1.0;1.042
1.5;0.233
2.0;0.694
2.5;1.188
3.0;1.098
3.5;1.567
4.0;0.035
4.5;2.081
5.0;2.49
5.5;1.215
6.0;1.321
6.5;0.247
7.0;1.446
7.5;1.375
8.0;1.076
8.5;1.026
9.0;0.722
9.5;1.109
10.0;0.604
10.5;1.251
11.0;1.662
11.5;0.33
12.0;0.578
12.5;0.656
13.0;0.477
13.5;0.691
14.0;0.732
14.5;0.307
15.0;1.136
15.5;0.912
16.0;1.378
16.5;0.236
17.0;0.803
17.5;0.387
18.0;0.235
18.5;2.194
19.0;2.794
19.5;4.976
20.0;0.292
20.5;1.317
21.0;0.536
21.5;1.193
22.0;0.412
22.5;0.455
23.0;0.163
23.5;0.31
24.0;0.31
24.5;0.805
25.0;1.322
25.5;0.483
26.0;0.562
26.5;0.219
27.0;0.795
27.5;0.661
28.0;0.669
28.5;0.972
29.0;1.502
29.5;1.614
30.0;0.542
30.5;1.021
31.0;0.514
31.5;0.791
32.0;1.283
32.5;1.087
33.0;0.749
33.5;0.89
34.0;0.481
34.5;0.435
35.0;1.157
35.5;0.559
36.0;1.164
36.5;0.418
37.0;0.724
37.5;0.804
38.0;1.456
38.5;1.96
39.0;0.95
39.5;0.428
40.0;0.704
40.5;1.055
41.0;1.345
41.5;1.635
42.0;0.442
42.5;0.861
43.0;0.853
43.5;0.337
44.0;1.96
44.5;0.839
45.0;1.683
45.5;0.708
46.0;1.544
46.5;0.556
47.0;2.843
47.5;3.384
48.0;2.75
48.5;0.646
49.0;1.918
49.5;3.176
50.0;5.615
50.5;1.779
51.0;3.987
51.5;4.04
52.0;2.21
52.5;1.051
53.0;1.722
53.5;2.313
54.0;1.185
54.5;3.358
55.0;0.786
55.5;3.164
56.0;1.209
56.5;0.239
57.0;2.149
57.5;3.027
58.0;0.559
58.5;0.654
59.0;1.044
59.5;1.849
60.0;2.189
60.5;1.019
61.0;4.027
61.5;1.853
62.0;1.842
62.5;0.544
63.0;1.289
63.5;1.954
64.0;2.016
64.5;2.695
65.0;1.426
65.5;0.467
66.0;0.765
66.5;1.847
67.0;1.332
67.5;0.669
68.0;0.405
68.5;1.37
69.0;2.658
69.5;0.796
70.0;3.027
70.5;4.235
71.0;1.669
71.5;2.642
72.0;0.576
72.5;1.968
73.0;1.725
73.5;1.511
74.0;0.745
74.5;0.155
75.0;0.652
75.5;1.053
76.0;2.192
76.5;4.817
77.0;4.734
77.5;2.768
78.0;0.83
78.5;1.789
79.0;2.376
79.5;1.132
80.0;1.232
80.5;1.88
81.0;2.295
81.5;1.281
82.0;1.67
82.5;1.367
83.0;2.16
83.5;2.025
84.0;1.183
84.5;0.954
85.0;1.285
85.5;0.688
86.0;0.565
86.5;0.269
87.0;1.006
87.5;0.087
88.0;0.601
88.5;1.277
89.0;0.299
89.5;0.262
90.0;0.546
90.5;1.145
91.0;1.454
91.5;0.928
92.0;1.56
92.5;0.73
93.0;0.804
93.5;0.892
94.0;1.536
94.5;0.98
95.0;1.745
95.5;1.409
96.0;2.373
96.5;0.567
97.0;2.582
97.5;1.117
98.0;1.304
98.5;1.941
99.0;0.487
99.5;2.893
100.0;1.344
100.5;0.614
101.0;2.69
101.5;0.762
102.0;3.034
102.5;0.049
103.0;2.659
103.5;0.239
104.0;0.989
104.5;2.288
105.0;3.118
105.5;0.89
106.0;3.114
106.5;3.576
107.0;1.509
107.5;2.578
108.0;2.193
108.5;3.188
109.0;2.689
109.5;2.171
110.0;1.95
110.5;2.039
111.0;2.216
111.5;3.452
112.0;2.151
112.5;2.135
113.0;1.13
113.5;2.135
114.0;1.011
114.5;1.148
115.0;6.288
115.5;4.779
116.0;6.786
116.5;10.441
117.0;10.636
117.5;13.709
118.0;9.825
118.5;7.982
119.0;2.619
119.5;4.183
120.0;4.62
120.5;4.68
121.0;4.588
121.5;2.745
122.0;2.838
122.5;3.054
123.0;1.776
123.5;0.784
124.0;3.388
124.5;2.634
125.0;1.879
125.5;0.771
126.0;1.865
126.5;1.934
127.0;2.251
127.5;3.987
128.0;2.237
128.5;3.227
129.0;4.563
129.5;5.205
130.0;4.303
130.5;5.061
131.0;5.564
131.5;6.71
132.0;6.795
132.5;6.675
133.0;5.749
133.5;6.945
134.0;5.029
134.5;6.723
135.0;6.014
135.5;4.561
136.0;6.782
136.5;5.947
137.0;4.181
137.5;4.344
138.0;4.98
138.5;6.331
139.0;6.507
139.5;7.741
140.0;9.974
140.5;8.607
141.0;10.114
141.5;10.789
142.0;12.247
142.5;12.807
143.0;13.382
143.5;13.188
144.0;14.324
144.5;11.219
145.0;12.235
145.5;8.34
146.0;6.569
146.5;7.733
147.0;4.903
147.5;4.125
148.0;5.421
148.5;1.369
149.0;2.32
149.5;0.751
150.0;2.326
150.5;0.685
151.0;2.64
151.5;3.786
152.0;3.468
152.5;4.108
153.0;2.741
153.5;3.756
154.0;4.531
154.5;4.785
155.0;2.921
155.5;4.664
156.0;2.896
156.5;5.646
157.0;3.844
157.5;5.385
158.0;4.277
158.5;3.759
159.0;2.299
159.5;5.349
160.0;4.5
160.5;5.318
161.0;7.996
161.5;3.753
162.0;3.69
162.5;3.861
163.0;4.949
163.5;3.721
164.0;4.734
164.5;3.931
165.0;5.736
165.5;4.051
166.0;0.685
166.5;2.098
167.0;4.522
167.5;1.657
168.0;3.928
168.5;4.977
169.0;4.873
169.5;2.527
170.0;3.125
170.5;4.02
171.0;2.127
171.5;5.435
172.0;5.753
172.5;5.86
173.0;3.256
173.5;2.365
174.0;3.989
174.5;4.582
175.0;3.907
175.5;3.657
176.0;1.638
176.5;1.402
177.0;4.986
177.5;5.609
178.0;3.572
178.5;1.304
179.0;2.599
179.5;6.783
180.0;7.304
180.5;5.944
181.0;0.911
181.5;8.519
182.0;13.066
182.5;10.53
183.0;10.788
183.5;2.826
184.0;6.197
184.5;12.683
185.0;15.06
185.5;17.551
186.0;17.441
186.5;30.294
187.0;48.022
187.5;58.264
188.0;58.572
188.5;45.296
189.0;28.936
189.5;43.132
190.0;66.174
190.5;75.503
191.0;60.586
191.5;27.29
192.0;12.894
192.5;44.06
193.0;52.278
193.5;41.715
194.0;39.76
194.5;80.361
195.0;125.793
195.5;162.622
196.0;181.212
196.5;177.403
197.0;164.95
197.5;139.23
198.0;114.23
198.5;85.447
199.0;64.434
199.5;41.841
200.0;26.847
200.5;12.944
201.0;10.435
201.5;8.963
202.0;12.418
202.5;12.336
203.0;14.369
203.5;13.101
204.0;10.924
204.5;11.58
205.0;11.943
205.5;10.845
206.0;17.546
206.5;22.545
207.0;23.627
207.5;23.714
208.0;20.875
208.5;15.793
209.0;12.371
209.5;12.684
210.0;18.992
210.5;22.224
211.0;23.84
211.5;23.108
212.0;22.423
212.5;20.351
213.0;22.922
213.5;23.692
214.0;29.708
214.5;30.125
215.0;31.763
215.5;26.521
216.0;30.213
216.5;26.855
217.0;31.449
217.5;29.001
218.0;30.772
218.5;29.217
219.0;30.296
219.5;29.104
220.0;28.64
220.5;26.715
221.0;23.842
221.5;28.659
222.0;25.21
222.5;27.922
223.0;21.337
223.5;26.37
224.0;20.877
224.5;24.003
225.0;20.091
225.5;18.382
226.0;15.477
226.5;17.019
227.0;18.995
227.5;16.832
228.0;18.784
228.5;16.292
229.0;13.832
229.5;12.145
230.0;12.252
230.5;11.727
231.0;12.377
231.5;13.237
232.0;12.68
232.5;10.65
233.0;9.272
233.5;5.703
234.0;4.129
234.5;6.682
235.0;6.924
235.5;6.438
236.0;5.512
236.5;3.85
237.0;3.504
237.5;2.906
238.0;1.637
238.5;2.627
239.0;1.26
239.5;3.252
240.0;2.867
240.5;3.887
241.0;3.799
241.5;4.57
242.0;3.138
242.5;3.11
243.0;3.948
243.5;6.46
244.0;7.531
244.5;8.885
245.0;7.303
245.5;7.18
246.0;4.048
246.5;4.2
247.0;3.603
247.5;6.798
248.0;4.949
248.5;6.13
249.0;4.407
249.5;1.219
250.0;0.877
250.5;3.876
251.0;2.005
251.5;0.498
252.0;0.842
252.5;1.048
253.0;1.338
253.5;0.67
254.0;2.091
254.5;0.636
255.0;1.476
255.5;0.721
256.0;2.261
256.5;0.287
257.0;2.309
257.5;0.655
258.0;3.128
258.5;1.006
259.0;3.305
259.5;1.682
260.0;1.576
260.5;2.073
261.0;1.344
261.5;1.602
262.0;1.323
262.5;1.762
263.0;1.0
263.5;0.764
264.0;3.476
264.5;1.807
265.0;2.268
265.5;2.23
266.0;3.21
266.5;2.11
267.0;3.586
267.5;1.638
268.0;5.3
268.5;3.326
269.0;5.618
269.5;3.983
270.0;4.327
270.5;2.003
271.0;4.151
271.5;2.931
272.0;2.088
272.5;2.041
273.0;2.752
273.5;2.643
274.0;2.185
274.5;1.09
275.0;2.276
275.5;2.118
276.0;0.486
276.5;2.991
277.0;0.641
277.5;3.489
278.0;2.644
278.5;3.582
279.0;3.022
279.5;6.224
280.0;4.435
280.5;6.527
281.0;4.921
281.5;6.995
282.0;4.878
282.5;4.784
283.0;4.99
283.5;3.845
284.0;4.563
284.5;3.202
285.0;3.35
285.5;2.842
286.0;3.533
286.5;2.082
287.0;1.693
287.5;5.904
288.0;1.464
288.5;5.08
289.0;2.475
289.5;5.257
290.0;1.052
290.5;5.332
291.0;2.34
291.5;3.971
292.0;3.469
292.5;1.846
293.0;2.956
293.5;2.967
294.0;1.703
294.5;1.323
295.0;0.627
295.5;0.839
296.0;1.298
296.5;1.855
297.0;3.136
297.5;3.42
298.0;3.048
298.5;4.73
299.0;3.049
299.5;4.349
300.0;2.851
300.5;3.926
301.0;2.294
301.5;2.843
302.0;1.536
302.5;1.955
303.0;3.135
303.5;0.976
304.0;1.649
304.5;1.533
305.0;2.327
305.5;3.227
306.0;2.67
306.5;1.464
307.0;3.554
307.5;0.449
308.0;3.01
308.5;1.246
309.0;0.314
309.5;0.411
310.0;1.349
310.5;0.532
311.0;0.689
311.5;0.957
312.0;1.113
312.5;1.586
313.0;0.583
313.5;0.718
314.0;0.247
314.5;1.525
315.0;0.446
315.5;1.21
316.0;1.108
316.5;1.348
317.0;1.772
317.5;1.764
318.0;1.048
318.5;1.282
319.0;1.169
319.5;0.75
320.0;2.49
320.5;1.433
321.0;2.575
321.5;1.169
322.0;0.599
322.5;0.721
323.0;0.856
323.5;1.711
324.0;0.474
324.5;0.262
325.0;1.95
325.5;1.199
326.0;1.88
326.5;0.793
327.0;0.599
327.5;1.449
328.0;2.473
328.5;1.088
329.0;1.28
329.5;1.147
330.0;1.204
330.5;3.558
331.0;1.264
331.5;4.104
332.0;2.051
332.5;1.008
333.0;1.881
333.5;1.382
334.0;2.403
334.5;0.753
335.0;2.229
335.5;0.671
336.0;3.03
336.5;1.41
337.0;2.147
337.5;1.589
338.0;1.483
338.5;1.091
339.0;1.765
339.5;1.092
340.0;0.534
340.5;0.937
341.0;1.037
341.5;1.009
342.0;2.94
342.5;0.618
343.0;1.704
343.5;2.512
344.0;2.894
344.5;2.646
345.0;1.043
345.5;1.851
346.0;1.38
346.5;0.487
347.0;2.183
347.5;0.888
348.0;0.382
348.5;1.816
349.0;1.229
349.5;3.133
350.0;2.919
350.5;2.382
351.0;1.653
351.5;4.115
352.0;2.076
352.5;3.28
353.0;3.977
353.5;2.054
354.0;1.771
354.5;0.808
355.0;3.548
355.5;3.182
356.0;0.418
356.5;0.87
357.0;1.032
357.5;2.73
358.0;0.644
358.5;0.932
359.0;1.486
359.5;1.126
360.0;3.078
360.5;3.43
361.0;3.942
361.5;1.995
362.0;3.548
362.5;1.148
363.0;2.691
363.5;2.732
364.0;2.772
364.5;0.955
365.0;2.76
365.5;2.994
366.0;1.694
366.5;4.711
367.0;3.242
367.5;0.479
368.0;1.977
368.5;1.327
369.0;3.2
369.5;5.176
370.0;2.476
370.5;1.951
371.0;2.482
371.5;4.325
372.0;5.048
372.5;4.725
373.0;10.739
373.5;6.546
374.0;6.296
374.5;6.048
375.0;5.104
375.5;11.582
376.0;9.556
376.5;2.895
377.0;6.193
377.5;6.236
378.0;10.614
378.5;12.319
379.0;2.613
379.5;2.224
380.0;1.891
380.5;7.024
381.0;3.453
381.5;2.202
382.0;5.725
382.5;1.741
383.0;3.193
383.5;5.356
384.0;5.516
384.5;7.837
385.0;11.371
385.5;4.028
386.0;5.681
386.5;1.109
387.0;11.237
387.5;11.831
388.0;8.158
388.5;10.341
389.0;8.949
389.5;7.519
390.0;14.025
390.5;15.586
391.0;16.146
391.5;17.049
392.0;10.331
392.5;6.987
393.0;10.308
393.5;10.225
394.0;7.785
394.5;12.671
395.0;19.507
395.5;29.277
396.0;39.057
396.5;38.796
397.0;48.636
397.5;47.42
398.0;31.29
398.5;33.216
399.0;22.113
399.5;10.207
400.0;15.291
400.5;8.52
401.0;4.397
401.5;11.187
402.0;13.29
402.5;9.415
403.0;10.657
403.5;14.766
404.0;8.064
404.5;7.546
405.0;10.21
405.5;4.189
406.0;4.701
406.5;3.706
407.0;7.84
407.5;2.517
408.0;7.711
408.5;1.961
409.0;7.741
409.5;2.108
410.0;6.182
410.5;3.052
411.0;7.238
411.5;2.414
412.0;8.439
412.5;4.615
413.0;11.173
413.5;9.296
414.0;9.813
414.5;11.86
415.0;5.121
415.5;10.588
416.0;2.373
416.5;4.951
417.0;4.518
417.5;7.484
418.0;4.909
418.5;12.593
419.0;5.789
419.5;15.314
420.0;7.034
420.5;12.956
421.0;7.02
421.5;7.64
422.0;7.02
422.5;3.722
423.0;4.463
423.5;7.684
424.0;1.6
424.5;9.348
425.0;4.934
425.5;8.521
426.0;7.974
426.5;4.425
427.0;5.994
427.5;1.531
428.0;3.473
428.5;2.858
429.0;1.86
429.5;2.217
430.0;0.888
430.5;2.95
431.0;3.702
431.5;3.104
432.0;4.033
432.5;4.674
433.0;3.791
433.5;6.984
434.0;5.968
434.5;5.967
435.0;6.142
435.5;7.163
436.0;7.395
436.5;9.019
437.0;6.472
437.5;9.267
438.0;7.418
438.5;8.618
439.0;9.537
439.5;10.363
440.0;11.137
440.5;10.406
441.0;7.831
441.5;11.166
442.0;3.142
442.5;12.647
443.0;5.749
443.5;12.814
444.0;9.119
444.5;7.47
445.0;8.11
445.5;5.117
446.0;8.124
446.5;7.674
447.0;7.942
447.5;9.73
448.0;5.023
448.5;7.176
449.0;1.562
449.5;6.736
450.0;5.578
450.5;8.861
451.0;3.022
451.5;2.987
452.0;4.744
452.5;4.313
453.0;5.168
453.5;5.091
454.0;1.604
454.5;3.027
455.0;3.093
455.5;1.388
456.0;3.96
456.5;2.76
457.0;2.524
457.5;1.383
458.0;2.539
458.5;0.333
459.0;2.564
459.5;0.371
460.0;2.147
460.5;1.065
461.0;1.557
461.5;1.274
462.0;1.753
462.5;1.72
463.0;1.609
463.5;1.582
464.0;2.063
464.5;2.552
465.0;1.602
465.5;2.486
466.0;0.161
466.5;1.487
467.0;1.074
467.5;1.985
468.0;0.824
468.5;1.236
469.0;0.781
469.5;1.916
470.0;2.505
470.5;1.843
471.0;0.555
471.5;0.656
472.0;2.58
472.5;3.174
473.0;1.862
473.5;1.601
474.0;2.594
474.5;2.663
475.0;2.237
475.5;0.804
476.0;1.361
476.5;1.305
477.0;1.029
477.5;1.488
478.0;0.596
478.5;1.867
479.0;1.342
479.5;0.825
480.0;3.224
480.5;2.037
481.0;1.043
481.5;0.775
482.0;1.32
482.5;0.147
483.0;0.982
483.5;0.824
484.0;1.136
484.5;0.681
485.0;2.385
485.5;1.39
486.0;1.906
486.5;1.07
487.0;2.558
487.5;2.291
488.0;1.651
488.5;1.546
489.0;2.109
489.5;3.085
490.0;1.797
490.5;1.987
491.0;1.823
491.5;3.468
492.0;2.565
492.5;1.494
493.0;0.809
493.5;1.758
494.0;1.265
494.5;1.732
495.0;0.799
495.5;2.733
496.0;1.412
496.5;1.275
497.0;0.512
497.5;1.378
498.0;1.581
498.5;2.457
499.0;2.008
499.5;0.52
500.0;2.028
500.5;2.432
501.0;3.548
501.5;1.452
502.0;1.45
502.5;3.214
503.0;1.916
503.5;0.769
504.0;2.463
504.5;2.559
505.0;3.009
505.5;1.42
506.0;1.694
506.5;1.719
507.0;1.724
507.5;0.544
508.0;0.49
508.5;1.096
509.0;1.228
509.5;5.309
510.0;2.039
510.5;0.4
511.0;0.524
511.5;2.618
512.0;3.292
512.5;1.815
513.0;1.916
513.5;1.891
514.0;1.407
514.5;0.893
515.0;1.643
515.5;5.517
516.0;4.677
516.5;3.85
517.0;3.394
517.5;3.831
518.0;4.393
518.5;2.404
519.0;1.325
519.5;2.823
520.0;3.923
520.5;3.547
521.0;4.043
521.5;12.109
522.0;16.511
522.5;30.511
523.0;21.406
523.5;4.568
524.0;11.02
524.5;6.107
525.0;1.634
525.5;5.663
526.0;3.864
526.5;2.222
527.0;4.442
527.5;1.409
528.0;1.612
528.5;1.336
529.0;1.385
529.5;0.543
530.0;1.222
530.5;0.776
531.0;1.47
531.5;1.535
532.0;0.714
532.5;2.152
533.0;4.418
533.5;1.931
534.0;2.573
534.5;3.069
535.0;2.47
535.5;2.243
536.0;6.304
536.5;2.487
537.0;1.586
537.5;2.778
538.0;4.825
538.5;5.114
539.0;4.156
539.5;1.091
540.0;3.926
540.5;5.113
541.0;7.161
541.5;2.719
542.0;1.294
542.5;2.16
543.0;4.988
543.5;5.724
544.0;3.725
544.5;5.087
545.0;4.376
545.5;0.448
546.0;2.496
546.5;2.007
547.0;3.366
547.5;3.101
548.0;2.421
548.5;2.185
549.0;4.522
549.5;5.855
550.0;1.509
550.5;1.937
551.0;1.919
551.5;4.85
552.0;2.227
552.5;0.943
553.0;3.232
553.5;4.698
554.0;3.455
554.5;5.114
555.0;0.46
555.5;4.417
556.0;3.85
556.5;4.822
557.0;4.854
557.5;5.594
558.0;1.174
558.5;3.079
559.0;4.663
559.5;6.496
560.0;6.16
560.5;8.188
561.0;6.64
561.5;0.759
562.0;2.462
562.5;2.855
563.0;3.303
563.5;4.499
564.0;7.372
564.5;4.68
565.0;5.525
565.5;1.882
566.0;6.101
566.5;1.783
567.0;2.454
567.5;7.578
568.0;6.085
568.5;3.877
569.0;4.249
569.5;7.629
570.0;2.519
570.5;5.177
571.0;6.99
571.5;8.852
572.0;4.271
572.5;9.865
573.0;9.067
573.5;3.506
574.0;9.762
574.5;3.838
575.0;4.664
575.5;8.655
576.0;4.954
576.5;4.729
577.0;8.205
577.5;2.075
578.0;10.33
578.5;1.152
579.0;10.591
579.5;3.564
580.0;7.109
580.5;1.131
581.0;6.588
581.5;7.764
582.0;11.022
582.5;15.869
583.0;13.765
583.5;15.941
584.0;17.276
584.5;11.87
585.0;10.94
585.5;6.644
586.0;6.451
586.5;8.265
587.0;3.002
587.5;4.007
588.0;2.561
588.5;2.382
589.0;4.327
589.5;8.928
590.0;3.77
590.5;1.958
591.0;1.158
591.5;8.957
592.0;3.88
592.5;3.41
593.0;10.238
593.5;16.341
594.0;15.196
594.5;15.788
595.0;10.804
595.5;6.942
596.0;5.99
596.5;6.527
597.0;3.477
597.5;5.363
598.0;6.034
598.5;1.055
599.0;2.737
599.5;5.027
600.0;1.351
600.5;1.674
601.0;1.2
601.5;1.539
602.0;1.011
602.5;3.852
603.0;1.831
603.5;0.644
604.0;3.544
604.5;2.558
605.0;3.166
605.5;0.868
606.0;3.649
606.5;1.815
607.0;3.338
607.5;4.252
608.0;2.08
608.5;4.796
609.0;4.649
609.5;4.532
610.0;2.79
610.5;3.965
611.0;3.46
611.5;1.024
612.0;2.913
612.5;3.92
613.0;5.365
613.5;5.338
614.0;7.363
614.5;6.062
615.0;4.018
615.5;5.014
616.0;1.297
616.5;3.493
617.0;2.891
617.5;5.935
618.0;7.866
618.5;6.114
619.0;5.509
619.5;6.267
620.0;5.604
620.5;4.099
621.0;2.814
621.5;1.524
622.0;3.462
622.5;2.785
623.0;1.779
623.5;3.877
624.0;2.51
624.5;4.302
625.0;1.773
625.5;0.768
626.0;1.483
626.5;1.459
627.0;3.008
627.5;4.331
628.0;4.055
628.5;3.167
629.0;2.809
629.5;2.369
630.0;2.594
630.5;1.96
631.0;3.016
631.5;6.471
632.0;4.573
632.5;4.173
633.0;4.106
633.5;6.15
634.0;4.724
634.5;0.298
635.0;3.184
635.5;0.977
636.0;2.184
636.5;2.29
637.0;4.232
637.5;2.536
638.0;1.912
638.5;5.397
639.0;5.698
639.5;1.681
640.0;2.621
640.5;3.727
641.0;2.528
641.5;7.395
642.0;9.968
642.5;4.317
643.0;9.817
643.5;6.95
644.0;6.831
644.5;1.839
645.0;9.62
645.5;11.346
646.0;14.752
646.5;15.43
647.0;9.973
647.5;5.111
648.0;11.382
648.5;11.429
649.0;9.762
649.5;5.431
650.0;0.565
650.5;5.77
651.0;11.046
651.5;20.519
652.0;11.84
652.5;25.551
653.0;41.165
653.5;17.271
654.0;4.926
654.5;13.427
655.0;16.502
655.5;16.785
656.0;33.174
656.5;29.513
657.0;23.173
657.5;22.243
658.0;2.798
658.5;62.764
659.0;97.085
659.5;53.241
660.0;36.566
660.5;41.878
661.0;23.338
661.5;7.204
662.0;18.082
662.5;12.403
663.0;10.296
663.5;8.95
664.0;22.095
664.5;35.915
665.0;24.389
665.5;21.711
666.0;27.563
666.5;17.333
667.0;10.25
667.5;14.341
668.0;13.994
668.5;2.472
669.0;7.875
669.5;12.461
670.0;15.406
670.5;1.231
671.0;10.467
671.5;13.412
672.0;4.992
672.5;1.649
673.0;2.031
673.5;1.656
674.0;3.119
674.5;2.101
675.0;3.492
675.5;5.469
676.0;1.627
676.5;6.088
677.0;6.736
677.5;6.975
678.0;4.532
678.5;4.238
679.0;3.648
679.5;1.328
680.0;3.934
680.5;4.077
681.0;3.439
681.5;0.84
682.0;4.493
682.5;0.829
683.0;3.003
683.5;1.479
684.0;1.417
684.5;2.141
685.0;1.584
685.5;2.365
686.0;0.719
686.5;1.878
687.0;1.167
687.5;2.107
688.0;3.96
688.5;3.448
689.0;2.545
689.5;3.463
690.0;6.033
690.5;5.829
691.0;4.25
691.5;3.488
692.0;1.945
692.5;3.892
693.0;2.471
693.5;2.096
694.0;0.527
694.5;2.873
695.0;3.75
695.5;3.473
696.0;0.469
696.5;0.77
697.0;1.469
697.5;2.35
698.0;1.34
698.5;3.321
699.0;4.107
699.5;6.044
700.0;2.81
700.5;2.203
701.0;0.461
701.5;1.626
702.0;0.703
702.5;1.55
703.0;1.086
703.5;0.702
704.0;2.594
704.5;3.873
705.0;7.814
705.5;7.306
706.0;2.755
706.5;1.968
707.0;3.007
707.5;2.29
708.0;1.053
708.5;1.629
709.0;1.925
709.5;1.875
710.0;3.317
710.5;1.537
711.0;2.11
711.5;2.912
712.0;2.23
712.5;1.141
713.0;2.878
713.5;2.918
714.0;2.831
714.5;2.594
715.0;0.63
715.5;1.253
716.0;1.614
716.5;1.795
717.0;2.171
717.5;1.655
718.0;1.642
718.5;2.805
719.0;3.889
719.5;3.639
720.0;2.036
720.5;2.614
721.0;2.534
721.5;1.708
722.0;1.418
722.5;1.676
723.0;3.91
723.5;4.366
724.0;5.116
724.5;4.616
725.0;4.475
725.5;2.914
726.0;1.71
726.5;2.378
727.0;0.893
727.5;0.85
728.0;0.582
728.5;0.723
729.0;1.981
729.5;3.391
730.0;6.457
730.5;3.465
731.0;2.17
731.5;1.518
732.0;3.106
732.5;3.409
733.0;4.516
733.5;3.987
734.0;4.324
734.5;1.776
735.0;4.52
735.5;2.336
736.0;2.149
736.5;0.914
737.0;3.977
737.5;4.42
738.0;5.366
738.5;4.415
739.0;5.265
739.5;3.792
740.0;1.545
740.5;2.651
741.0;0.836
741.5;1.814
742.0;2.264
742.5;1.71
743.0;0.675
743.5;1.289
744.0;2.508
744.5;4.125
745.0;5.251
745.5;4.664
746.0;2.471
746.5;4.245
747.0;3.617
747.5;6.684
748.0;5.322
748.5;2.935
749.0;4.544
749.5;6.711
750.0;5.972
750.5;5.175
751.0;5.415
751.5;2.876
752.0;2.701
752.5;1.218
753.0;3.369
753.5;4.762
754.0;5.086
754.5;5.779
755.0;5.117
755.5;3.594
756.0;2.971
756.5;1.764
757.0;1.082
757.5;4.519
758.0;6.846
758.5;6.254
759.0;9.678
759.5;8.369
760.0;8.442
760.5;10.405
761.0;8.004
761.5;6.154
762.0;6.15
762.5;2.936
763.0;2.262
763.5;5.746
764.0;3.623
764.5;6.534
765.0;5.716
765.5;8.672
766.0;10.815
766.5;0.992
767.0;4.667
767.5;4.332
768.0;15.202
768.5;17.782
769.0;11.827
769.5;7.649
770.0;7.284
770.5;23.871
771.0;27.015
771.5;30.969
772.0;22.169
772.5;5.811
773.0;7.172
773.5;29.128
774.0;24.414
774.5;32.767
775.0;46.124
775.5;46.415
776.0;62.407
776.5;56.533
777.0;68.685
777.5;106.892
778.0;69.062
778.5;41.354
779.0;63.938
779.5;20.278
780.0;21.91
780.5;17.34
781.0;32.814
781.5;82.774
782.0;107.93
782.5;105.046
783.0;112.397
783.5;214.103
784.0;102.024
784.5;178.309
785.0;138.24
785.5;50.137
786.0;42.23
786.5;28.97
787.0;24.552
787.5;34.216
788.0;35.869
788.5;58.829
789.0;95.675
789.5;81.463
790.0;99.265
790.5;73.319
791.0;22.035
791.5;18.989
792.0;2.875
792.5;19.79
793.0;34.756
793.5;40.814
794.0;46.477
794.5;38.691
795.0;8.999
795.5;7.786
796.0;10.145
796.5;6.369
797.0;1.229
797.5;7.325
798.0;9.597
798.5;11.379
799.0;10.081
799.5;9.919
800.0;2.889
800.5;7.794
801.0;9.909
801.5;16.602
802.0;10.719
802.5;8.489
803.0;8.077
803.5;17.4
804.0;9.637
804.5;4.572
805.0;3.435
805.5;7.979
806.0;1.701
806.5;5.859
807.0;5.643
807.5;5.138
808.0;1.976
808.5;1.007
809.0;3.949
809.5;5.294
810.0;1.652
810.5;1.367
811.0;4.587
811.5;6.29
812.0;6.066
812.5;9.793
813.0;6.119
813.5;11.097
814.0;8.338
814.5;7.586
815.0;1.673
815.5;4.015
816.0;5.59
816.5;6.29
817.0;9.119
817.5;3.509
818.0;2.263
818.5;3.178
819.0;6.716
819.5;8.424
820.0;5.152
820.5;4.335
821.0;2.087
821.5;2.976
822.0;1.942
822.5;6.555
823.0;4.313
823.5;2.635
824.0;1.8
824.5;5.165
825.0;7.826
825.5;8.378
826.0;8.86
826.5;12.968
827.0;13.123
827.5;6.056
828.0;2.813
828.5;2.517
829.0;4.202
829.5;6.592
830.0;5.527
830.5;4.611
831.0;3.939
831.5;2.844
832.0;2.447
832.5;2.002
833.0;1.111
833.5;2.346
834.0;2.84
834.5;4.008
835.0;2.976
835.5;2.946
836.0;1.604
836.5;1.299
837.0;2.63
837.5;0.721
838.0;0.689
838.5;2.593
839.0;2.824
839.5;1.592
840.0;0.97
840.5;1.374
841.0;3.068
841.5;3.183
842.0;2.754
842.5;0.409
843.0;1.512
843.5;3.994
844.0;7.416
844.5;8.009
845.0;8.667
845.5;6.315
846.0;4.593
846.5;2.846
847.0;3.051
847.5;2.398
848.0;5.162
848.5;5.707
849.0;5.914
849.5;3.543
850.0;4.805
850.5;3.548
851.0;2.948
851.5;2.097
852.0;3.246
852.5;4.18
853.0;3.484
853.5;8.311
854.0;9.142
854.5;9.865
855.0;8.357
855.5;7.137
856.0;4.466
856.5;6.113
857.0;4.72
857.5;8.525
858.0;6.455
858.5;7.149
859.0;4.126
859.5;6.391
860.0;8.453
860.5;7.812
861.0;10.466
861.5;8.994
862.0;8.523
862.5;7.216
863.0;8.417
863.5;7.428
864.0;6.858
864.5;4.729
865.0;4.868
865.5;2.067
866.0;2.156
866.5;4.347
867.0;3.68
867.5;2.6
868.0;1.267
868.5;0.582
869.0;2.122
869.5;4.464
870.0;6.249
870.5;6.752
871.0;7.965
871.5;6.784
872.0;10.31
872.5;11.521
873.0;11.829
873.5;11.227
874.0;11.83
874.5;12.898
875.0;14.107
875.5;14.824
876.0;16.174
876.5;15.718
877.0;17.382
877.5;19.821
878.0;21.138
878.5;21.614
879.0;22.363
879.5;21.603
880.0;21.952
880.5;22.509
881.0;21.887
881.5;21.391
882.0;21.992
882.5;21.84
883.0;23.729
883.5;22.769
884.0;24.322
884.5;23.683
885.0;23.777
885.5;23.58
886.0;23.43
886.5;22.774
887.0;22.653
887.5;21.979
888.0;21.808
888.5;20.261
889.0;20.256
889.5;18.771
890.0;18.824
890.5;17.628
891.0;17.645
891.5;17.184
892.0;17.611
892.5;18.432
893.0;18.034
893.5;15.977
894.0;13.736
894.5;11.392
895.0;9.002
895.5;9.307
896.0;7.547
896.5;8.999
897.0;7.521
897.5;7.671
898.0;7.993
898.5;8.954
899.0;8.683
899.5;7.416
900.0;4.855
900.5;4.313
901.0;3.489
901.5;2.822
902.0;2.234
902.5;2.124
903.0;2.524
903.5;2.911
904.0;2.573
904.5;2.307
905.0;1.605
905.5;1.137
906.0;1.319
906.5;1.602
907.0;1.351
907.5;0.706
908.0;0.626
908.5;1.517
909.0;1.989
909.5;1.091
910.0;0.736
910.5;1.605
911.0;1.508
911.5;1.279
912.0;1.536
912.5;1.667
913.0;1.602
913.5;1.383
914.0;0.99
914.5;0.457
915.0;0.429
915.5;1.473
916.0;2.879
916.5;3.734
917.0;3.942
917.5;3.95
918.0;4.441
918.5;4.561
919.0;4.323
919.5;3.644
920.0;2.312
920.5;1.649
921.0;0.646
921.5;0.288
922.0;0.739
922.5;1.626
923.0;2.11
923.5;2.61
924.0;3.134
924.5;4.465
925.0;5.378
925.5;5.313
926.0;4.758
926.5;3.555
927.0;2.635
927.5;2.129
928.0;2.506
928.5;2.393
929.0;2.354
929.5;2.307
930.0;2.677
930.5;2.891
931.0;1.968
931.5;1.376
932.0;1.624
932.5;2.125
933.0;2.752
933.5;2.363
934.0;2.408
934.5;2.239
935.0;1.875
935.5;2.209
936.0;1.019
936.5;0.745
937.0;1.87
937.5;2.73
938.0;3.483
938.5;4.259
939.0;4.183
939.5;4.053
940.0;1.571
940.5;1.544
941.0;2.274
941.5;3.037
942.0;4.521
942.5;5.579
943.0;5.4
943.5;4.542
944.0;4.615
944.5;6.182
945.0;7.427
945.5;8.111
946.0;7.077
946.5;5.471
947.0;3.925
947.5;2.94
948.0;2.237
948.5;1.304
949.0;2.281
949.5;3.947
950.0;3.016
950.5;2.589
951.0;3.416
951.5;5.502
952.0;7.387
952.5;8.538
953.0;8.817
953.5;9.242
954.0;7.978
954.5;6.355
955.0;4.8
955.5;3.374
956.0;3.517
956.5;2.967
957.0;2.924
957.5;1.775
958.0;0.984
958.5;1.284
959.0;1.911
959.5;3.037
960.0;3.015
960.5;3.44
961.0;3.537
961.5;4.341
962.0;5.543
962.5;5.239
963.0;4.144
963.5;1.742
964.0;1.825
964.5;4.456
965.0;5.962
965.5;6.395
966.0;5.921
966.5;4.706
967.0;3.687
967.5;3.319
968.0;3.732
968.5;4.19
969.0;2.89
969.5;1.744
970.0;2.352
970.5;2.359
971.0;0.944
971.5;1.492
972.0;3.736
972.5;7.142
973.0;8.667
973.5;10.582
974.0;12.447
974.5;12.629
975.0;11.286
975.5;9.03
976.0;5.672
976.5;4.454
977.0;3.515
977.5;3.304
978.0;3.463
978.5;3.765
979.0;3.635
979.5;4.331
980.0;5.553
980.5;7.352
981.0;9.671
981.5;12.099
982.0;14.249
982.5;16.097
983.0;16.998
983.5;19.269
984.0;22.733
984.5;26.008
985.0;29.896
985.5;31.727
986.0;31.817
986.5;31.345
987.0;29.245
987.5;28.068
988.0;27.634
988.5;26.953
989.0;28.413
989.5;28.889
990.0;28.18
990.5;26.52
991.0;25.128
991.5;25.037
992.0;26.517
992.5;26.682
993.0;24.603
993.5;21.754
994.0;18.095
994.5;16.06
995.0;14.111
995.5;11.43
996.0;9.096
996.5;8.082
997.0;9.326
997.5;9.887
998.0;10.061
998.5;9.236
999.0;8.369
999.5;6.906
1000.0;6.812
1000.5;7.484
1001.0;8.137
1001.5;8.206
1002.0;7.434
1002.5;7.439
1003.0;7.825
1003.5;6.957
1004.0;4.924
1004.5;4.003
1005.0;3.622
1005.5;3.785
1006.0;3.3
1006.5;1.664
1007.0;0.959
1007.5;0.554
1008.0;0.937
1008.5;2.355
1009.0;3.716
1009.5;4.69
1010.0;4.487
1010.5;4.336
1011.0;4.683
1011.5;3.898
1012.0;3.248
1012.5;2.961
1013.0;2.607
1013.5;2.888
1014.0;2.597
1014.5;2.051
1015.0;2.065
1015.5;2.796
1016.0;2.97
1016.5;2.659
1017.0;2.244
1017.5;1.492
1018.0;2.073
1018.5;3.108
1019.0;3.591
1019.5;3.799
1020.0;3.446
1020.5;2.856
1021.0;2.864
1021.5;2.749
1022.0;1.52
1022.5;1.546
1023.0;1.485
1023.5;1.035
1024.0;0.644
1024.5;1.046
1025.0;1.119
1025.5;0.246
1026.0;0.224
1026.5;0.545
1027.0;0.452
1027.5;0.223
1028.0;0.846
1028.5;1.031
1029.0;0.507
1029.5;0.733
1030.0;1.245
1030.5;1.209
1031.0;0.798
1031.5;0.993
1032.0;1.372
1032.5;1.732
1033.0;1.938
1033.5;2.529
1034.0;3.39
1034.5;3.956
1035.0;4.277
1035.5;4.35
1036.0;5.09
1036.5;5.165
1037.0;4.429
1037.5;4.018
1038.0;4.547
1038.5;4.423
1039.0;4.566
1039.5;3.534
1040.0;3.665
1040.5;3.346
1041.0;3.08
1041.5;1.741
1042.0;0.883
1042.5;0.979
1043.0;0.55
1043.5;0.961
1044.0;1.48
1044.5;1.531
1045.0;1.682
1045.5;0.523
1046.0;2.095
1046.5;2.71
1047.0;2.938
1047.5;2.703
1048.0;2.782
1048.5;2.575
1049.0;2.558
1049.5;1.304
1050.0;0.898
1050.5;0.749
1051.0;0.421
1051.5;0.223
1052.0;0.293
1052.5;0.319
1053.0;0.591
1053.5;0.223
1054.0;0.246
1054.5;0.946
1055.0;0.878
1055.5;1.406
1056.0;1.356
1056.5;1.507
1057.0;1.336
1057.5;1.281
1058.0;1.173
1058.5;0.95
1059.0;0.641
1059.5;1.353
1060.0;1.224
1060.5;1.333
1061.0;1.841
1061.5;2.168
1062.0;2.636
1062.5;1.904
1063.0;2.829
1063.5;2.715
1064.0;3.142
1064.5;2.725
1065.0;2.986
1065.5;2.749
1066.0;2.55
1066.5;2.985
1067.0;3.186
1067.5;3.794
1068.0;3.796
1068.5;3.832
1069.0;3.765
1069.5;3.603
1070.0;2.66
1070.5;1.907
1071.0;1.781
1071.5;2.331
1072.0;2.319
1072.5;1.962
1073.0;2.453
1073.5;1.997
1074.0;2.082
1074.5;2.117
1075.0;1.865
1075.5;1.225
1076.0;1.903
1076.5;2.188
1077.0;2.476
1077.5;2.592
1078.0;2.854
1078.5;2.853
1079.0;2.505
1079.5;2.765
1080.0;2.387
1080.5;2.196
1081.0;2.2
1081.5;2.007
1082.0;2.386
1082.5;2.751
1083.0;2.084
1083.5;2.466
1084.0;2.523
1084.5;1.395
1085.0;2.134
1085.5;2.289
1086.0;0.47
1086.5;0.722
1087.0;0.242
1087.5;0.68
1088.0;1.183
1088.5;0.722
1089.0;1.111
1089.5;0.614
1090.0;0.719
1090.5;0.85
1091.0;0.102
1091.5;0.623
1092.0;0.599
1092.5;1.331
1093.0;1.551
1093.5;0.341
1094.0;1.6
1094.5;1.431
1095.0;1.438
1095.5;2.447
1096.0;1.963
1096.5;1.806
1097.0;2.708
1097.5;2.55
1098.0;2.602
1098.5;3.657
1099.0;2.933
1099.5;3.788
1100.0;4.509
1100.5;4.346
1101.0;4.638
1101.5;5.502
1102.0;4.446
1102.5;4.431
1103.0;5.03
1103.5;4.126
1104.0;4.704
1104.5;4.853
1105.0;4.459
1105.5;4.902
1106.0;4.943
1106.5;4.759
1107.0;5.205
1107.5;5.027
1108.0;4.413
1108.5;4.387
1109.0;3.793
1109.5;3.171
1110.0;3.349
1110.5;3.193
1111.0;2.673
1111.5;3.172
1112.0;3.206
1112.5;4.364
1113.0;4.449
1113.5;4.857
1114.0;4.884
1114.5;5.025
1115.0;4.673
1115.5;4.485
1116.0;3.663
1116.5;3.335
1117.0;2.809
1117.5;2.564
1118.0;1.975
1118.5;1.881
1119.0;1.82
1119.5;1.912
1120.0;2.377
1120.5;2.684
1121.0;2.532
1121.5;2.536
1122.0;2.176
1122.5;2.77
1123.0;2.365
1123.5;2.224
1124.0;2.401
1124.5;2.517
1125.0;3.004
1125.5;4.185
1126.0;4.686
1126.5;5.435
1127.0;5.247
1127.5;4.177
1128.0;3.788
1128.5;3.192
1129.0;2.194
1129.5;2.566
1130.0;2.33
1130.5;2.053
1131.0;2.209
1131.5;1.689
1132.0;1.848
1132.5;1.843
1133.0;0.75
1133.5;1.158
1134.0;0.933
1134.5;1.913
1135.0;1.293
1135.5;2.272
1136.0;2.221
1136.5;2.056
1137.0;2.565
1137.5;2.882
1138.0;2.695
1138.5;3.252
1139.0;2.561
1139.5;2.418
1140.0;2.126
1140.5;2.004
1141.0;1.837
1141.5;2.273
1142.0;2.797
1142.5;2.94
1143.0;3.23
1143.5;3.263
1144.0;3.081
1144.5;2.283
1145.0;2.577
1145.5;1.912
1146.0;1.992
1146.5;2.292
1147.0;2.398
1147.5;2.431
1148.0;2.284
1148.5;1.952
1149.0;1.656
1149.5;1.06
1150.0;0.493
1150.5;0.16
1151.0;0.577
1151.5;1.033
1152.0;1.666
1152.5;2.029
1153.0;1.973
1153.5;2.133
1154.0;1.916
1154.5;2.06
1155.0;1.765
1155.5;1.809
1156.0;2.337
1156.5;1.774
1157.0;2.221
1157.5;1.835
1158.0;1.118
1158.5;1.404
1159.0;0.942
1159.5;1.009
1160.0;1.241
1160.5;0.531
1161.0;0.846
1161.5;0.807
1162.0;0.913
1162.5;0.491
1163.0;1.203
1163.5;0.594
1164.0;1.222
1164.5;1.272
1165.0;1.032
1165.5;0.754
1166.0;0.545
1166.5;0.333
1167.0;0.652
1167.5;0.698
1168.0;1.031
1168.5;1.059
1169.0;0.964
1169.5;0.493
1170.0;1.204
1170.5;1.111
1171.0;2.131
1171.5;2.248
1172.0;2.025
1172.5;2.157
1173.0;0.463
1173.5;0.274
1174.0;0.685
1174.5;0.951
1175.0;0.821
1175.5;0.338
1176.0;1.224
1176.5;1.192
1177.0;0.598
1177.5;1.654
1178.0;1.887
1178.5;1.256
1179.0;1.914
1179.5;1.031
1180.0;2.645
1180.5;1.864
1181.0;1.852
1181.5;1.616
1182.0;1.353
1182.5;1.4
1183.0;1.079
1183.5;1.033
1184.0;0.834
1184.5;0.796
1185.0;1.402
1185.5;1.347
1186.0;0.555
1186.5;1.308
1187.0;1.956
1187.5;2.826
1188.0;2.893
1188.5;1.851
1189.0;2.224
1189.5;1.218
1190.0;1.242
1190.5;0.699
1191.0;0.486
1191.5;0.488
1192.0;0.476
1192.5;0.77
1193.0;0.143
1193.5;0.204
1194.0;0.483
1194.5;0.588
1195.0;0.332
1195.5;0.387
1196.0;0.473
1196.5;1.342
1197.0;1.729
1197.5;1.611
1198.0;1.824
1198.5;1.665
1199.0;1.425
1199.5;1.516
1200.0;1.107
1200.5;1.255
1201.0;1.7
1201.5;2.121
1202.0;1.563
1202.5;1.58
1203.0;1.377
1203.5;1.269
1204.0;1.465
1204.5;1.793
1205.0;2.014
1205.5;1.648
1206.0;1.243
1206.5;1.197
1207.0;1.588
1207.5;2.432
1208.0;2.19
1208.5;2.366
1209.0;2.103
1209.5;1.356
1210.0;1.698
1210.5;1.365
1211.0;1.698
1211.5;2.631
1212.0;2.522
1212.5;2.928
1213.0;2.586
1213.5;2.143
1214.0;2.096
1214.5;0.991
1215.0;1.181
1215.5;1.534
1216.0;0.67
1216.5;0.555
1217.0;0.668
1217.5;0.86
1218.0;0.823
1218.5;0.885
1219.0;0.724
1219.5;0.889
1220.0;1.08
1220.5;1.084
1221.0;1.034
1221.5;0.968
1222.0;0.767
1222.5;1.167
1223.0;0.582
1223.5;0.146
1224.0;0.734
1224.5;0.985
1225.0;1.31
1225.5;1.519
1226.0;1.126
1226.5;0.99
1227.0;0.494
1227.5;0.539
1228.0;0.96
1228.5;1.177
1229.0;1.603
1229.5;2.02
1230.0;2.395
1230.5;2.575
1231.0;2.113
1231.5;2.021
1232.0;1.848
1232.5;2.252
1233.0;2.097
1233.5;1.975
1234.0;1.984
1234.5;1.578
1235.0;1.513
1235.5;0.984
1236.0;0.335
1236.5;0.17
1237.0;0.554
1237.5;0.502
1238.0;0.299
1238.5;1.076
1239.0;1.379
1239.5;1.275
1240.0;1.266
1240.5;1.044
1241.0;0.436
1241.5;0.46
1242.0;0.821
1242.5;1.095
1243.0;2.137
1243.5;1.661
1244.0;2.544
1244.5;1.552
1245.0;1.323
1245.5;1.405
1246.0;1.099
1246.5;1.394
1247.0;1.381
1247.5;1.148
1248.0;2.095
1248.5;1.75
1249.0;1.881
1249.5;2.522
1250.0;2.134
1250.5;2.912
1251.0;2.177
1251.5;2.424
1252.0;2.03
1252.5;1.794
1253.0;1.874
1253.5;1.586
1254.0;1.458
1254.5;1.846
1255.0;2.366
1255.5;1.777
1256.0;2.973
1256.5;1.979
1257.0;2.805
1257.5;2.338
1258.0;2.207
1258.5;2.409
1259.0;2.726
1259.5;3.083
1260.0;3.054
1260.5;3.109
1261.0;2.529
1261.5;2.982
1262.0;2.018
1262.5;2.308
1263.0;1.34
1263.5;1.656
1264.0;1.174
1264.5;1.006
1265.0;1.242
1265.5;0.87
1266.0;1.482
1266.5;1.429
1267.0;1.741
1267.5;1.131
1268.0;0.256
1268.5;0.631
1269.0;0.614
1269.5;0.525
1270.0;1.292
1270.5;0.999
1271.0;1.561
1271.5;1.83
1272.0;2.105
1272.5;2.53
1273.0;2.849
1273.5;2.779
1274.0;3.046
1274.5;2.681
1275.0;3.516
1275.5;3.424
1276.0;4.243
1276.5;4.784
1277.0;4.011
1277.5;4.205
1278.0;2.427
1278.5;2.246
1279.0;2.765
1279.5;1.654
1280.0;2.78
1280.5;1.447
1281.0;0.881
1281.5;0.406
1282.0;0.946
1282.5;0.761
1283.0;0.11
1283.5;0.156
1284.0;0.977
1284.5;1.169
1285.0;0.692
1285.5;1.465
1286.0;1.512
1286.5;0.598
1287.0;1.354
1287.5;0.299
1288.0;1.595
1288.5;1.501
1289.0;0.956
1289.5;1.029
1290.0;0.232
1290.5;1.077
1291.0;0.903
1291.5;1.719
1292.0;1.834
1292.5;1.865
1293.0;1.326
1293.5;1.432
1294.0;2.283
1294.5;1.978
1295.0;1.286
1295.5;1.322
1296.0;1.119
1296.5;1.06
1297.0;0.525
1297.5;1.233
1298.0;1.16
1298.5;1.394
1299.0;1.268
1299.5;1.217
1300.0;0.993
1300.5;1.198
1301.0;1.948
1301.5;2.624
1302.0;3.06
1302.5;2.203
1303.0;1.33
1303.5;0.747
1304.0;2.014
1304.5;3.394
1305.0;3.909
1305.5;3.449
1306.0;3.441
1306.5;3.913
1307.0;3.319
1307.5;2.592
1308.0;2.669
1308.5;2.972
1309.0;2.739
1309.5;4.411
1310.0;3.086
1310.5;2.272
1311.0;1.672
1311.5;0.762
1312.0;3.04
1312.5;5.451
1313.0;8.833
1313.5;12.41
1314.0;17.246
1314.5;20.754
1315.0;23.177
1315.5;26.904
1316.0;33.386
1316.5;31.932
1317.0;23.785
1317.5;28.529
1318.0;29.578
1318.5;27.003
1319.0;24.049
1319.5;21.576
1320.0;16.224
1320.5;11.469
1321.0;7.482
1321.5;6.37
1322.0;7.792
1322.5;8.031
1323.0;9.1
1323.5;11.69
1324.0;13.429
1324.5;11.868
1325.0;11.839
1325.5;11.207
1326.0;8.602
1326.5;6.01
1327.0;6.557
1327.5;7.23
1328.0;6.247
1328.5;8.916
1329.0;11.874
1329.5;10.034
1330.0;8.341
1330.5;7.825
1331.0;6.016
1331.5;2.839
1332.0;1.165
1332.5;0.651
1333.0;2.796
1333.5;4.026
1334.0;3.329
1334.5;5.892
1335.0;6.146
1335.5;4.856
1336.0;4.952
1336.5;3.831
1337.0;2.102
1337.5;1.724
1338.0;0.79
1338.5;0.55
1339.0;0.582
1339.5;0.489
1340.0;1.445
1340.5;1.327
1341.0;0.892
1341.5;1.249
1342.0;1.722
1342.5;2.382
1343.0;2.754
1343.5;3.208
1344.0;3.087
1344.5;2.154
1345.0;2.287
1345.5;1.435
1346.0;1.195
1346.5;1.507
1347.0;2.459
1347.5;2.527
1348.0;3.07
1348.5;3.209
1349.0;2.851
1349.5;1.564
1350.0;2.437
1350.5;2.209
1351.0;2.105
1351.5;1.962
1352.0;4.353
1352.5;3.851
1353.0;4.85
1353.5;4.968
1354.0;5.144
1354.5;4.443
1355.0;3.88
1355.5;1.624
1356.0;0.651
1356.5;0.993
1357.0;0.688
1357.5;1.1
1358.0;1.878
1358.5;2.109
1359.0;1.857
1359.5;1.764
1360.0;2.434
1360.5;2.85
1361.0;2.172
1361.5;3.215
1362.0;3.657
1362.5;3.824
1363.0;3.196
1363.5;2.763
1364.0;2.134
1364.5;1.852
1365.0;1.697
1365.5;2.326
1366.0;2.134
1366.5;2.338
1367.0;2.797
1367.5;3.265
1368.0;2.704
1368.5;2.123
1369.0;3.507
1369.5;2.701
1370.0;4.275
1370.5;2.457
1371.0;4.389
1371.5;3.527
1372.0;3.103
1372.5;3.055
1373.0;2.654
1373.5;2.892
1374.0;1.192
1374.5;0.78
1375.0;1.222
1375.5;1.434
1376.0;1.995
1376.5;2.102
1377.0;2.991
1377.5;2.203
1378.0;2.924
1378.5;2.989
1379.0;2.768
1379.5;1.453
1380.0;0.979
1380.5;2.306
1381.0;0.839
1381.5;0.34
1382.0;1.033
1382.5;0.091
1383.0;1.496
1383.5;1.846
1384.0;2.27
1384.5;2.504
1385.0;1.171
1385.5;1.013
1386.0;0.916
1386.5;1.055
1387.0;2.248
1387.5;1.223
1388.0;1.336
1388.5;1.016
1389.0;1.664
1389.5;2.551
1390.0;1.714
1390.5;1.913
1391.0;1.407
1391.5;1.052
1392.0;1.731
1392.5;0.55
1393.0;1.344
1393.5;0.336
1394.0;1.35
1394.5;1.709
1395.0;2.179
1395.5;0.624
1396.0;0.02
1396.5;1.665
1397.0;2.674
1397.5;2.782
1398.0;3.0
1398.5;2.386
1399.0;0.924
1399.5;0.968
1400.0;1.547
1400.5;1.372
1401.0;0.839
1401.5;1.322
1402.0;2.342
1402.5;1.977
1403.0;2.669
1403.5;3.572
1404.0;3.536
1404.5;3.478
1405.0;3.162
1405.5;2.736
1406.0;4.128
1406.5;3.025
1407.0;2.407
1407.5;1.788
1408.0;0.828
1408.5;0.954
1409.0;0.579
1409.5;0.371
1410.0;1.731
1410.5;3.011
1411.0;2.635
1411.5;2.794
1412.0;1.857
1412.5;1.088
1413.0;0.914
1413.5;0.343
1414.0;0.957
1414.5;0.809
1415.0;0.97
1415.5;1.027
1416.0;0.615
1416.5;0.584
1417.0;0.504
1417.5;0.214
1418.0;0.145
1418.5;0.863
1419.0;0.573
1419.5;0.727
1420.0;0.759
1420.5;0.955
1421.0;1.79
1421.5;1.833
1422.0;1.746
1422.5;1.574
1423.0;1.566
1423.5;1.205
1424.0;1.138
1424.5;1.228
1425.0;0.922
1425.5;1.311
1426.0;0.785
1426.5;0.705
1427.0;1.164
1427.5;0.87
1428.0;0.913
1428.5;1.254
1429.0;1.598
1429.5;1.823
1430.0;0.466
1430.5;0.849
1431.0;0.683
1431.5;1.009
1432.0;0.378
1432.5;1.906
1433.0;0.846
1433.5;1.567
1434.0;1.225
1434.5;1.638
1435.0;1.866
1435.5;1.511
1436.0;0.346
1436.5;1.313
1437.0;1.638
1437.5;2.028
1438.0;1.424
1438.5;2.688
1439.0;2.406
1439.5;3.239
1440.0;2.172
1440.5;2.224
1441.0;1.727
1441.5;2.184
1442.0;2.871
1442.5;1.475
1443.0;2.716
1443.5;2.389
1444.0;3.24
1444.5;3.437
1445.0;1.619
1445.5;2.577
1446.0;1.965
1446.5;3.306
1447.0;2.765
1447.5;2.823
1448.0;1.589
1448.5;1.727
1449.0;1.34
1449.5;1.338
1450.0;0.821
1450.5;0.919
1451.0;0.817
1451.5;2.431
1452.0;1.956
1452.5;2.152
1453.0;1.011
1453.5;1.472
1454.0;0.908
1454.5;1.159
1455.0;1.084
1455.5;1.744
1456.0;0.851
1456.5;1.434
1457.0;1.88
1457.5;3.04
1458.0;2.849
1458.5;2.224
1459.0;2.573
1459.5;1.664
1460.0;2.314
1460.5;2.052
1461.0;1.799
1461.5;1.945
1462.0;1.857
1462.5;2.213
1463.0;2.471
1463.5;1.269
1464.0;0.349
1464.5;0.672
1465.0;1.851
1465.5;1.354
1466.0;0.725
1466.5;0.362
1467.0;0.549
1467.5;1.572
1468.0;2.208
1468.5;1.884
1469.0;2.383
1469.5;1.862
1470.0;2.035
1470.5;1.029
1471.0;0.251
1471.5;0.87
1472.0;0.139
1472.5;1.829
1473.0;2.212
1473.5;2.195
1474.0;1.281
1474.5;2.509
1475.0;2.618
1475.5;3.149
1476.0;0.307
1476.5;2.722
1477.0;0.944
1477.5;3.021
1478.0;2.937
1478.5;1.542
1479.0;1.461
1479.5;1.879
1480.0;4.566
1480.5;2.391
1481.0;1.853
1481.5;1.962
1482.0;2.644
1482.5;3.959
1483.0;4.151
1483.5;1.781
1484.0;1.507
1484.5;0.814
1485.0;1.144
1485.5;2.155
1486.0;1.485
1486.5;1.402
1487.0;0.798
1487.5;2.282
1488.0;1.953
1488.5;1.614
1489.0;1.471
1489.5;1.605
1490.0;0.577
1490.5;1.902
1491.0;1.959
1491.5;1.529
1492.0;3.977
1492.5;4.431
1493.0;0.915
1493.5;2.102
1494.0;1.792
1494.5;1.709
1495.0;2.891
1495.5;1.285
1496.0;1.835
1496.5;1.372
1497.0;1.153
1497.5;2.145
1498.0;0.246
1498.5;1.032
1499.0;2.057
1499.5;2.633
1500.0;3.19
1500.5;1.335
1501.0;1.173
1501.5;1.935
1502.0;2.855
1502.5;1.871
1503.0;1.865
1503.5;0.913
1504.0;1.426
1504.5;1.411
1505.0;0.458
1505.5;2.618
1506.0;3.452
1506.5;2.785
1507.0;1.196
1507.5;1.369
1508.0;2.629
1508.5;2.094
1509.0;2.731
1509.5;2.121
1510.0;3.021
1510.5;1.931
1511.0;2.967
1511.5;4.703
1512.0;5.842
1512.5;3.094
1513.0;4.208
1513.5;4.252
1514.0;4.498
1514.5;4.048
1515.0;3.62
1515.5;2.667
1516.0;4.29
1516.5;2.221
1517.0;4.756
1517.5;4.131
1518.0;3.039
1518.5;2.839
1519.0;2.429
1519.5;1.951
1520.0;3.172
1520.5;2.227
1521.0;1.163
1521.5;2.396
1522.0;2.741
1522.5;0.458
1523.0;0.472
1523.5;2.921
1524.0;0.837
1524.5;3.293
1525.0;1.445
1525.5;1.75
1526.0;0.96
1526.5;1.342
1527.0;0.499
1527.5;2.976
1528.0;6.366
1528.5;5.654
1529.0;3.159
1529.5;3.468
1530.0;6.922
1530.5;2.068
1531.0;3.471
1531.5;1.185
1532.0;2.931
1532.5;3.347
1533.0;2.619
1533.5;4.308
1534.0;6.566
1534.5;2.006
1535.0;2.519
1535.5;2.993
1536.0;4.862
1536.5;1.249
1537.0;4.492
1537.5;4.117
1538.0;7.707
1538.5;3.11
1539.0;3.919
1539.5;4.423
1540.0;5.126
1540.5;4.701
1541.0;4.545
1541.5;3.401
1542.0;1.788
1542.5;3.007
1543.0;2.685
1543.5;5.605
1544.0;5.5
1544.5;5.625
1545.0;7.844
1545.5;6.423
1546.0;11.649
1546.5;13.274
1547.0;8.359
1547.5;17.678
1548.0;28.669
1548.5;9.113
1549.0;18.186
1549.5;10.508
1550.0;13.199
1550.5;6.624
1551.0;4.841
1551.5;14.654
1552.0;14.123
1552.5;18.27
1553.0;9.34
1553.5;22.727
1554.0;9.387
1554.5;13.838
1555.0;5.576
1555.5;9.359
1556.0;7.584
1556.5;12.782
1557.0;6.885
1557.5;8.492
1558.0;16.119
1558.5;12.468
1559.0;3.294
1559.5;6.656
1560.0;6.17
1560.5;4.411
1561.0;9.865
1561.5;17.817
1562.0;20.182
1562.5;27.245
1563.0;35.545
1563.5;56.377
1564.0;57.119
1564.5;56.712
1565.0;66.134
1565.5;158.355
1566.0;298.698
1566.5;329.864
1567.0;131.323
1567.5;110.09
1568.0;32.964
1568.5;19.339
1569.0;42.861
1569.5;46.936
1570.0;31.153
1570.5;15.946
1571.0;28.215
1571.5;20.512
1572.0;17.546
1572.5;13.549
1573.0;10.078
1573.5;10.569
1574.0;6.096
1574.5;3.527
1575.0;5.503
1575.5;8.053
1576.0;3.843
1576.5;10.438
1577.0;6.26
1577.5;12.172
1578.0;17.815
1578.5;23.048
1579.0;28.941
1579.5;20.559
1580.0;14.692
1580.5;7.637
1581.0;10.445
1581.5;9.381
1582.0;9.479
1582.5;6.456
1583.0;3.978
1583.5;1.395
1584.0;9.597
1584.5;14.579
1585.0;14.766
1585.5;2.571
1586.0;14.109
1586.5;5.402
1587.0;9.5
1587.5;5.921
1588.0;4.739
1588.5;7.018
1589.0;7.788
1589.5;4.23
1590.0;3.971
1590.5;4.755
1591.0;3.165
1591.5;8.965
1592.0;9.455
1592.5;5.351
1593.0;3.416
1593.5;3.16
1594.0;2.007
1594.5;6.278
1595.0;5.227
1595.5;5.398
1596.0;2.047
1596.5;2.932
1597.0;1.741
1597.5;1.568
1598.0;0.739
1598.5;4.121
1599.0;3.895
1599.5;5.264
1600.0;4.107
1600.5;9.85
1601.0;11.46
1601.5;6.143
1602.0;7.326
1602.5;9.676
1603.0;2.808
1603.5;4.527
1604.0;9.003
1604.5;9.626
1605.0;10.571
1605.5;5.694
1606.0;2.25
1606.5;4.949
1607.0;5.394
1607.5;3.554
1608.0;4.186
1608.5;2.07
1609.0;2.995
1609.5;0.586
1610.0;2.604
1610.5;2.701
1611.0;2.873
1611.5;3.977
1612.0;3.833
1612.5;1.218
1613.0;0.995
1613.5;0.944
1614.0;4.01
1614.5;8.348
1615.0;3.217
1615.5;4.955
1616.0;3.077
1616.5;4.678
1617.0;5.289
1617.5;1.844
1618.0;1.298
1618.5;2.865
1619.0;4.341
1619.5;6.116
1620.0;7.958
1620.5;4.731
1621.0;7.079
1621.5;2.836
1622.0;3.03
1622.5;5.665
1623.0;6.014
1623.5;7.043
1624.0;9.156
1624.5;8.521
1625.0;5.36
1625.5;4.334
1626.0;1.596
1626.5;0.393
1627.0;3.33
1627.5;3.01
1628.0;3.559
1628.5;3.208
1629.0;3.296
1629.5;5.342
1630.0;4.842
1630.5;3.96
1631.0;0.478
1631.5;2.033
1632.0;2.982
1632.5;2.987
1633.0;5.346
1633.5;4.42
1634.0;3.444
1634.5;1.871
1635.0;0.842
1635.5;1.304
1636.0;1.731
1636.5;2.406
1637.0;3.305
1637.5;4.186
1638.0;3.267
1638.5;3.333
1639.0;5.22
1639.5;3.009
1640.0;3.976
1640.5;2.391
1641.0;3.108
1641.5;5.323
1642.0;3.985
1642.5;3.151
1643.0;3.123
1643.5;3.66
1644.0;2.199
1644.5;2.112
1645.0;3.076
1645.5;0.813
1646.0;4.41
1646.5;1.296
1647.0;2.424
1647.5;2.139
1648.0;2.34
1648.5;0.961
1649.0;1.518
1649.5;0.406
1650.0;2.864
1650.5;3.402
1651.0;3.831
1651.5;4.479
1652.0;4.674
1652.5;5.024
1653.0;2.945
1653.5;2.25
1654.0;2.916
1654.5;4.728
1655.0;3.929
1655.5;6.033
1656.0;5.754
1656.5;3.381
1657.0;1.325
1657.5;1.076
1658.0;1.23
1658.5;2.418
1659.0;1.01
1659.5;2.855
1660.0;0.955
1660.5;3.026
1661.0;4.03
1661.5;4.131
1662.0;2.198
1662.5;3.355
1663.0;3.621
1663.5;2.084
1664.0;8.043
1664.5;5.761
1665.0;3.563
1665.5;3.526
1666.0;3.406
1666.5;1.713
1667.0;0.483
1667.5;1.609
1668.0;2.478
1668.5;1.591
1669.0;1.084
1669.5;3.158
1670.0;3.558
1670.5;3.153
1671.0;1.981
1671.5;1.497
1672.0;2.225
1672.5;3.74
1673.0;3.04
1673.5;2.357
1674.0;2.351
1674.5;1.538
1675.0;1.362
1675.5;1.659
1676.0;1.314
1676.5;0.815
1677.0;2.125
1677.5;2.073
1678.0;0.247
1678.5;0.113
1679.0;1.185
1679.5;0.191
1680.0;0.792
1680.5;0.871
1681.0;0.881
1681.5;1.626
1682.0;0.477
1682.5;2.54
1683.0;0.93
1683.5;2.193
1684.0;0.696
1684.5;0.528
1685.0;0.997
1685.5;0.712
1686.0;0.538
1686.5;1.206
1687.0;1.013
1687.5;0.574
1688.0;0.603
1688.5;0.701
1689.0;1.786
1689.5;2.102
1690.0;1.926
1690.5;0.367
1691.0;2.675
1691.5;3.359
1692.0;0.905
1692.5;1.436
1693.0;1.909
1693.5;2.645
1694.0;2.706
1694.5;1.445
1695.0;2.146
1695.5;3.183
1696.0;2.02
1696.5;2.98
1697.0;4.617
1697.5;1.689
1698.0;1.748
1698.5;3.32
1699.0;3.679
1699.5;4.127
1700.0;2.936
1700.5;3.391
1701.0;5.269
1701.5;3.438
1702.0;0.471
1702.5;2.133
1703.0;1.547
1703.5;1.295
1704.0;1.34
1704.5;1.87
1705.0;1.697
1705.5;2.021
1706.0;2.353
1706.5;3.457
1707.0;1.679
1707.5;0.82
1708.0;1.639
1708.5;2.092
1709.0;2.593
1709.5;1.858
1710.0;1.376
1710.5;1.415
1711.0;1.241
1711.5;0.917
1712.0;0.817
1712.5;1.156
1713.0;0.841
1713.5;1.437
1714.0;1.126
1714.5;1.296
1715.0;1.546
1715.5;2.242
1716.0;1.498
1716.5;0.658
1717.0;0.535
1717.5;0.716
1718.0;1.163
1718.5;1.721
1719.0;1.736
1719.5;1.237
1720.0;1.734
1720.5;3.247
1721.0;2.29
1721.5;1.813
1722.0;1.256
1722.5;1.015
1723.0;0.327
1723.5;1.541
1724.0;2.598
1724.5;3.449
1725.0;3.588
1725.5;4.506
1726.0;4.019
1726.5;2.633
1727.0;1.059
1727.5;1.028
1728.0;1.782
1728.5;1.862
1729.0;3.583
1729.5;4.85
1730.0;3.263
1730.5;1.546
1731.0;4.303
1731.5;3.871
1732.0;2.549
1732.5;4.906
1733.0;5.602
1733.5;5.615
1734.0;6.085
1734.5;3.704
1735.0;6.454
1735.5;2.442
1736.0;2.922
1736.5;4.947
1737.0;4.615
1737.5;3.204
1738.0;2.118
1738.5;3.384
1739.0;1.613
1739.5;1.383
1740.0;6.263
1740.5;6.874
1741.0;1.82
1741.5;1.55
1742.0;1.68
1742.5;2.773
1743.0;2.097
1743.5;3.471
1744.0;5.042
1744.5;4.821
1745.0;2.37
1745.5;3.959
1746.0;1.654
1746.5;1.392
1747.0;2.057
1747.5;2.565
1748.0;2.303
1748.5;2.029
1749.0;1.653
1749.5;2.245
1750.0;2.561
1750.5;4.36
1751.0;3.188
1751.5;1.086
1752.0;0.917
1752.5;1.557
1753.0;1.011
1753.5;1.074
1754.0;0.679
1754.5;1.648
1755.0;2.375
1755.5;2.328
1756.0;2.999
1756.5;0.914
1757.0;2.314
1757.5;2.84
1758.0;0.772
1758.5;1.174
1759.0;3.641
1759.5;4.934
1760.0;2.528
1760.5;1.129
1761.0;2.655
1761.5;4.955
1762.0;4.853
1762.5;3.198
1763.0;3.055
1763.5;2.824
1764.0;2.938
1764.5;4.706
1765.0;5.655
1765.5;4.575
1766.0;4.781
1766.5;4.442
1767.0;3.465
1767.5;2.534
1768.0;1.7
1768.5;1.366
1769.0;2.673
1769.5;3.614
1770.0;4.517
1770.5;5.289
1771.0;3.946
1771.5;4.433
1772.0;4.691
1772.5;4.891
1773.0;4.244
1773.5;2.055
1774.0;1.129
1774.5;2.153
1775.0;2.178
1775.5;1.996
1776.0;3.251
1776.5;4.887
1777.0;5.31
1777.5;5.3
1778.0;4.996
1778.5;4.178
1779.0;3.708
1779.5;2.304
1780.0;0.899
1780.5;0.884
1781.0;2.09
1781.5;2.717
1782.0;1.224
1782.5;1.094
1783.0;1.047
1783.5;1.482
1784.0;2.318
1784.5;4.021
1785.0;3.029
1785.5;2.356
1786.0;0.707
1786.5;2.194
1787.0;1.914
1787.5;1.157
1788.0;1.626
1788.5;1.686
1789.0;0.613
1789.5;0.616
1790.0;1.748
1790.5;2.945
1791.0;2.151
1791.5;2.024
1792.0;0.534
1792.5;0.978
1793.0;0.967
1793.5;1.77
1794.0;1.028
1794.5;2.324
1795.0;0.562
1795.5;1.802
1796.0;1.131
1796.5;1.468
1797.0;0.903
1797.5;1.546
1798.0;1.234
1798.5;2.584
1799.0;2.323
1799.5;0.778
1800.0;0.688
1800.5;1.683
1801.0;2.095
1801.5;2.03
1802.0;1.334
1802.5;1.151
1803.0;0.622
1803.5;0.223
1804.0;0.716
1804.5;1.207
1805.0;0.802
1805.5;0.052
1806.0;1.325
1806.5;2.431
1807.0;2.358
1807.5;2.681
1808.0;1.408
1808.5;1.814
1809.0;0.611
1809.5;0.655
1810.0;0.562
1810.5;0.738
1811.0;0.112
1811.5;0.896
1812.0;0.682
1812.5;1.576
1813.0;0.955
1813.5;1.539
1814.0;0.616
1814.5;0.228
1815.0;1.169
1815.5;1.508
1816.0;0.164
1816.5;2.855
1817.0;2.223
1817.5;0.385
1818.0;1.506
1818.5;1.954
1819.0;1.869
1819.5;1.335
1820.0;1.642
1820.5;1.405
1821.0;0.779
1821.5;0.577
1822.0;1.188
1822.5;2.185
1823.0;0.226
1823.5;1.546
1824.0;1.524
1824.5;0.769
1825.0;1.732
1825.5;1.886
1826.0;0.77
1826.5;1.556
1827.0;0.869
1827.5;1.298
1828.0;1.575
1828.5;1.7
1829.0;1.076
1829.5;0.891
1830.0;0.374
1830.5;1.09
1831.0;0.634
1831.5;1.042
1832.0;1.51
1832.5;0.272
1833.0;0.506
1833.5;0.576
1834.0;1.459
1834.5;1.355
1835.0;0.978
1835.5;1.841
1836.0;0.585
1836.5;0.726
1837.0;0.617
1837.5;0.474
1838.0;0.451
1838.5;0.672
1839.0;1.097
1839.5;0.396
1840.0;0.991
1840.5;1.033
1841.0;1.159
1841.5;1.497
1842.0;0.744
1842.5;1.745
1843.0;1.058
1843.5;0.127
1844.0;1.216
1844.5;0.938
1845.0;0.653
1845.5;1.232
1846.0;0.871
1846.5;0.542
1847.0;0.634
1847.5;0.511
1848.0;1.235
1848.5;0.157
1849.0;1.038
1849.5;0.39
1850.0;0.514
1850.5;0.932
1851.0;1.359
1851.5;1.077
1852.0;0.707
1852.5;0.504
1853.0;0.819
1853.5;1.961
1854.0;1.817
1854.5;1.957
1855.0;1.296
1855.5;1.441
1856.0;1.097
1856.5;0.992
1857.0;2.48
1857.5;2.499
1858.0;1.581
1858.5;1.595
1859.0;0.573
1859.5;0.756
1860.0;1.124
1860.5;2.359
1861.0;2.197
1861.5;1.523
1862.0;1.593
1862.5;0.364
1863.0;0.451
1863.5;0.966
1864.0;0.975
1864.5;0.74
1865.0;0.277
1865.5;0.832
1866.0;1.556
1866.5;2.173
1867.0;1.642
1867.5;1.544
1868.0;0.249
1868.5;0.55
1869.0;2.11
1869.5;1.658
1870.0;1.383
1870.5;0.883
1871.0;1.078
1871.5;0.928
1872.0;0.111
1872.5;0.728
1873.0;1.848
1873.5;2.102
1874.0;1.695
1874.5;1.088
1875.0;0.552
1875.5;1.326
1876.0;0.95
1876.5;0.89
1877.0;1.108
1877.5;1.422
1878.0;1.282
1878.5;0.772
1879.0;0.796
1879.5;1.518
1880.0;0.721
1880.5;0.495
1881.0;0.454
1881.5;0.998
1882.0;1.618
1882.5;1.49
1883.0;1.777
1883.5;1.101
1884.0;1.122
1884.5;1.029
1885.0;0.809
1885.5;1.432
1886.0;1.043
1886.5;0.566
1887.0;0.348
1887.5;0.369
1888.0;0.958
1888.5;1.69
1889.0;2.285
1889.5;2.359
1890.0;1.86
1890.5;1.086
1891.0;0.637
1891.5;0.681
1892.0;0.754
1892.5;0.72
1893.0;0.375
1893.5;0.408
1894.0;0.863
1894.5;0.703
1895.0;0.951
1895.5;0.735
1896.0;0.806
1896.5;0.553
1897.0;0.241
1897.5;0.443
1898.0;1.136
1898.5;1.114
1899.0;0.911
1899.5;0.928
1900.0;0.843
1900.5;1.207
1901.0;1.075
1901.5;1.381
1902.0;0.913
1902.5;1.297
1903.0;0.393
1903.5;0.964
1904.0;0.437
1904.5;1.587
1905.0;0.961
1905.5;0.711
1906.0;0.438
1906.5;0.549
1907.0;0.079
1907.5;0.199
1908.0;0.718
1908.5;0.663
1909.0;0.894
1909.5;0.614
1910.0;0.24
1910.5;1.088
1911.0;0.634
1911.5;0.965
1912.0;0.704
1912.5;1.012
1913.0;0.837
1913.5;1.048
1914.0;1.12
1914.5;0.923
1915.0;1.145
1915.5;0.928
1916.0;1.135
1916.5;0.914
1917.0;0.213
1917.5;0.65
1918.0;0.097
1918.5;0.86
1919.0;0.867
1919.5;1.313
1920.0;1.19
1920.5;1.603
1921.0;1.176
1921.5;1.623
1922.0;1.147
1922.5;1.247
1923.0;0.883
1923.5;0.57
1924.0;0.107
1924.5;0.363
1925.0;0.819
1925.5;1.3
1926.0;1.06
1926.5;1.455
1927.0;0.704
1927.5;1.804
1928.0;0.634
1928.5;1.399
1929.0;0.509
1929.5;0.877
1930.0;0.79
1930.5;0.194
1931.0;0.375
1931.5;0.273
1932.0;0.164
1932.5;0.698
1933.0;0.598
1933.5;0.804
1934.0;1.059
1934.5;0.36
1935.0;0.616
1935.5;1.05
1936.0;0.62
1936.5;1.432
1937.0;1.753
1937.5;1.928
1938.0;1.856
1938.5;2.208
1939.0;2.197
1939.5;2.618
1940.0;2.13
1940.5;2.079
1941.0;1.624
1941.5;2.084
1942.0;2.215
1942.5;2.053
1943.0;2.757
1943.5;2.532
1944.0;2.878
1944.5;2.611
1945.0;1.725
1945.5;1.302
1946.0;1.096
1946.5;1.568
1947.0;1.217
1947.5;1.359
1948.0;1.459
1948.5;1.029
1949.0;2.376
1949.5;2.127
1950.0;2.445
1950.5;1.976
1951.0;1.546
1951.5;1.944
1952.0;1.888
1952.5;1.724
1953.0;0.752
1953.5;1.427
1954.0;1.816
1954.5;2.568
1955.0;3.731
1955.5;3.853
1956.0;3.434
1956.5;3.615
1957.0;3.554
1957.5;3.927
1958.0;4.037
1958.5;3.829
1959.0;3.668
1959.5;2.777
1960.0;3.287
1960.5;2.931
1961.0;2.984
1961.5;2.625
1962.0;2.253
1962.5;2.204
1963.0;2.217
1963.5;2.065
1964.0;1.333
1964.5;0.607
1965.0;1.694
1965.5;3.595
1966.0;4.858
1966.5;6.606
1967.0;8.856
1967.5;10.583
1968.0;12.112
1968.5;12.965
1969.0;13.234
1969.5;14.4
1970.0;14.8
1970.5;16.679
1971.0;16.898
1971.5;18.303
1972.0;18.348
1972.5;19.174
1973.0;19.907
1973.5;20.104
1974.0;20.859
1974.5;20.378
1975.0;20.094
1975.5;19.14
1976.0;18.066
1976.5;16.571
1977.0;15.257
1977.5;14.666
1978.0;13.868
1978.5;13.798
1979.0;12.643
1979.5;11.164
1980.0;8.905
1980.5;6.722
1981.0;3.882
1981.5;2.486
1982.0;1.017
1982.5;0.778
1983.0;0.866
1983.5;0.625
1984.0;1.592
1984.5;2.011
1985.0;2.055
1985.5;4.183
1986.0;4.471
1986.5;6.519
1987.0;6.194
1987.5;7.097
1988.0;6.518
1988.5;6.303
1989.0;5.492
1989.5;4.045
1990.0;3.092
1990.5;1.921
1991.0;1.131
1991.5;1.847
1992.0;2.444
1992.5;3.486
1993.0;3.592
1993.5;3.639
1994.0;3.25
1994.5;2.881
1995.0;2.192
1995.5;2.486
1996.0;3.936
1996.5;4.095
1997.0;4.42
1997.5;4.287
1998.0;3.023
1998.5;4.064
1999.0;2.612
1999.5;4.091
2000.0;2.273
2000.5;3.001
2001.0;2.288
2001.5;1.448
2002.0;2.876
2002.5;1.728
2003.0;3.143
2003.5;3.219
2004.0;3.543
2004.5;3.908
2005.0;2.766
2005.5;3.607
2006.0;2.06
2006.5;2.474
2007.0;2.222
2007.5;1.824
2008.0;2.242
2008.5;2.776
2009.0;2.068
2009.5;2.09
2010.0;1.248
2010.5;1.335
2011.0;1.194
2011.5;1.007
2012.0;1.782
2012.5;2.724
2013.0;2.263
2013.5;2.704
2014.0;2.23
2014.5;2.174
2015.0;3.62
2015.5;2.654
2016.0;3.254
2016.5;3.006
2017.0;2.419
2017.5;2.888
2018.0;2.224
2018.5;2.429
2019.0;1.225
2019.5;1.783
2020.0;0.937
2020.5;0.674
2021.0;1.46
2021.5;0.603
2022.0;0.928
2022.5;1.602
2023.0;1.131
2023.5;2.357
2024.0;2.495
2024.5;3.018
2025.0;3.611
2025.5;2.829
2026.0;3.097
2026.5;1.485
2027.0;2.072
2027.5;1.479
2028.0;1.611
2028.5;1.981
2029.0;1.451
2029.5;1.857
2030.0;1.244
2030.5;1.103
2031.0;0.088
2031.5;0.69
2032.0;0.775
2032.5;1.017
2033.0;0.457
2033.5;0.608
2034.0;0.221
2034.5;0.281
2035.0;0.249
2035.5;0.353
2036.0;0.887
2036.5;1.151
2037.0;1.466
2037.5;1.126
2038.0;1.088
2038.5;0.522
2039.0;0.806
2039.5;1.249
2040.0;1.49
2040.5;2.265
2041.0;2.051
2041.5;1.908
2042.0;1.601
2042.5;0.474
2043.0;0.25
2043.5;0.868
2044.0;0.656
2044.5;1.204
2045.0;0.873
2045.5;1.297
2046.0;0.604
2046.5;1.044
2047.0;0.273
2047.5;0.329
2048.0;1.386
2048.5;1.404
2049.0;2.098
2049.5;1.81
2050.0;2.008
2050.5;1.584
2051.0;1.817
2051.5;1.527
2052.0;1.359
2052.5;1.458
2053.0;1.3
2053.5;2.03
2054.0;1.608
2054.5;1.592
2055.0;0.804
2055.5;0.128
2056.0;0.673
2056.5;0.98
2057.0;1.581
2057.5;1.792
2058.0;1.27
2058.5;1.33
2059.0;0.706
2059.5;0.539
2060.0;0.338
2060.5;0.826
2061.0;1.063
2061.5;1.508
2062.0;1.472
2062.5;1.845
2063.0;1.938
2063.5;1.145
2064.0;1.104
2064.5;0.224
2065.0;0.332
2065.5;1.432
2066.0;1.618
2066.5;1.253
2067.0;0.998
2067.5;1.126
2068.0;0.586
2068.5;1.358
2069.0;1.577
2069.5;0.723
2070.0;1.666
2070.5;0.387
2071.0;1.509
2071.5;0.183
2072.0;1.092
2072.5;0.511
2073.0;0.266
2073.5;0.254
2074.0;0.384
2074.5;0.126
2075.0;1.08
2075.5;0.946
2076.0;0.324
2076.5;1.02
2077.0;0.29
2077.5;1.432
2078.0;1.12
2078.5;0.689
2079.0;0.36
2079.5;1.047
2080.0;0.491
2080.5;0.457
2081.0;0.245
2081.5;0.145
2082.0;0.268
2082.5;0.296
2083.0;0.648
2083.5;0.051
2084.0;0.666
2084.5;0.172
2085.0;0.635
2085.5;0.369
2086.0;0.613
2086.5;0.775
2087.0;1.185
2087.5;1.195
2088.0;1.188
2088.5;1.327
2089.0;1.192
2089.5;1.101
2090.0;0.299
2090.5;0.735
2091.0;0.737
2091.5;0.595
2092.0;0.509
2092.5;0.48
2093.0;0.317
2093.5;0.926
2094.0;0.656
2094.5;0.806
2095.0;0.902
2095.5;0.736
2096.0;0.749
2096.5;0.522
2097.0;0.431
2097.5;0.554
2098.0;0.979
2098.5;0.266
2099.0;0.749
2099.5;0.316
2100.0;0.392
2100.5;0.192
2101.0;0.264
2101.5;0.738
2102.0;0.022
2102.5;0.501
2103.0;0.616
2103.5;0.834
2104.0;0.72
2104.5;1.038
2105.0;0.473
2105.5;0.91
2106.0;0.652
2106.5;0.91
2107.0;0.942
2107.5;0.898
2108.0;0.494
2108.5;0.436
2109.0;0.234
2109.5;0.471
2110.0;0.532
2110.5;0.459
2111.0;0.64
2111.5;0.104
2112.0;0.493
2112.5;0.21
2113.0;0.33
2113.5;0.195
2114.0;0.696
2114.5;0.656
2115.0;0.456
2115.5;0.562
2116.0;0.255
2116.5;0.745
2117.0;0.454
2117.5;0.043
2118.0;0.47
2118.5;0.7
2119.0;0.852
2119.5;0.944
2120.0;0.368
2120.5;0.306
2121.0;0.19
2121.5;0.193
2122.0;0.396
2122.5;0.421
2123.0;0.681
2123.5;0.584
2124.0;0.064
2124.5;0.199
2125.0;0.831
2125.5;1.155
2126.0;0.562
2126.5;0.429
2127.0;0.641
2127.5;0.319
2128.0;0.203
2128.5;0.641
2129.0;0.745
2129.5;0.406
2130.0;0.861
2130.5;0.115
2131.0;0.765
2131.5;0.346
2132.0;0.413
2132.5;0.539
2133.0;0.32
2133.5;0.875
2134.0;0.62
2134.5;0.266
2135.0;0.6
2135.5;0.063
2136.0;0.715
2136.5;0.797
2137.0;0.49
2137.5;0.176
2138.0;0.166
2138.5;0.315
2139.0;0.459
2139.5;0.356
2140.0;1.097
2140.5;0.692
2141.0;0.768
2141.5;0.85
2142.0;0.432
2142.5;0.923
2143.0;0.676
2143.5;1.148
2144.0;0.893
2144.5;1.19
2145.0;0.787
2145.5;0.434
2146.0;0.973
2146.5;0.842
2147.0;0.95
2147.5;1.915
2148.0;1.395
2148.5;0.158
2149.0;0.591
2149.5;0.44
2150.0;0.784
2150.5;0.699
2151.0;0.088
2151.5;0.389
2152.0;0.656
2152.5;0.696
2153.0;0.447
2153.5;0.59
2154.0;0.441
2154.5;0.431
2155.0;0.743
2155.5;1.082
2156.0;1.87
2156.5;1.479
2157.0;0.184
2157.5;0.531
2158.0;0.548
2158.5;0.813
2159.0;0.763
2159.5;1.431
2160.0;1.45
2160.5;1.188
2161.0;0.947
2161.5;0.777
2162.0;0.497
2162.5;0.448
2163.0;0.934
2163.5;0.633
2164.0;0.504
2164.5;0.591
2165.0;0.474
2165.5;0.635
2166.0;0.067
2166.5;0.097
2167.0;0.518
2167.5;0.205
2168.0;0.936
2168.5;0.825
2169.0;0.286
2169.5;0.615
2170.0;0.589
2170.5;0.513
2171.0;0.192
2171.5;0.061
2172.0;0.149
2172.5;0.36
2173.0;0.195
2173.5;0.342
2174.0;0.35
2174.5;0.062
2175.0;0.114
2175.5;0.231
2176.0;0.252
2176.5;0.216
2177.0;0.243
2177.5;0.296
2178.0;0.24
2178.5;0.211
2179.0;0.407
2179.5;0.248
2180.0;0.601
2180.5;0.157
2181.0;0.658
2181.5;0.468
2182.0;0.83
2182.5;0.915
2183.0;0.705
2183.5;0.615
2184.0;0.368
2184.5;0.701
2185.0;1.045
2185.5;0.846
2186.0;0.483
2186.5;0.733
2187.0;0.317
2187.5;0.274
2188.0;0.608
2188.5;0.895
2189.0;0.573
2189.5;0.266
2190.0;0.852
2190.5;0.672
2191.0;0.249
2191.5;0.514
2192.0;0.555
2192.5;0.415
2193.0;0.415
2193.5;0.4
2194.0;0.896
2194.5;0.622
2195.0;0.129
2195.5;0.582
2196.0;0.371
2196.5;0.33
2197.0;0.556
2197.5;0.744
2198.0;0.499
2198.5;0.528
2199.0;0.78
2199.5;0.551
2200.0;0.15
2200.5;0.641
2201.0;0.684
2201.5;0.361
2202.0;0.673
2202.5;0.567
2203.0;0.933
2203.5;0.754
2204.0;0.487
2204.5;0.867
2205.0;0.841
2205.5;0.588
2206.0;0.465
2206.5;0.461
2207.0;0.422
2207.5;0.274
2208.0;0.324
2208.5;0.586
2209.0;0.178
2209.5;0.607
2210.0;0.584
2210.5;0.759
2211.0;1.017
2211.5;1.135
2212.0;0.854
2212.5;0.722
2213.0;0.783
2213.5;0.325
2214.0;0.645
2214.5;0.238
2215.0;0.429
2215.5;0.168
2216.0;0.554
2216.5;0.67
2217.0;0.291
2217.5;0.52
2218.0;0.469
2218.5;0.832
2219.0;0.674
2219.5;0.567
2220.0;0.915
2220.5;0.612
2221.0;1.689
2221.5;0.547
2222.0;1.181
2222.5;1.026
2223.0;0.405
2223.5;0.88
2224.0;0.334
2224.5;0.538
2225.0;0.863
2225.5;0.281
2226.0;0.516
2226.5;0.639
2227.0;0.296
2227.5;1.029
2228.0;0.882
2228.5;0.284
2229.0;0.762
2229.5;0.295
2230.0;1.074
2230.5;0.696
2231.0;0.759
2231.5;0.993
2232.0;0.129
2232.5;0.887
2233.0;0.34
2233.5;0.509
2234.0;0.526
2234.5;0.083
2235.0;0.607
2235.5;0.759
2236.0;0.208
2236.5;1.009
2237.0;0.312
2237.5;0.854
2238.0;0.713
2238.5;0.34
2239.0;0.616
2239.5;0.154
2240.0;0.645
2240.5;0.367
2241.0;0.588
2241.5;0.331
2242.0;0.67
2242.5;0.795
2243.0;0.217
2243.5;0.358
2244.0;0.113
2244.5;0.212
2245.0;0.2
2245.5;0.315
2246.0;0.109
2246.5;0.415
2247.0;0.184
2247.5;0.821
2248.0;0.788
2248.5;0.217
2249.0;0.7
2249.5;0.213
2250.0;0.588
2250.5;0.186
2251.0;0.513
2251.5;0.628
2252.0;0.233
2252.5;0.405
2253.0;0.476
2253.5;0.125
2254.0;0.1
2254.5;0.32
2255.0;0.209
2255.5;0.171
2256.0;0.32
2256.5;0.139
2257.0;0.125
2257.5;0.194
2258.0;0.301
2258.5;0.438
2259.0;0.461
2259.5;0.044
2260.0;0.333
2260.5;0.223
2261.0;0.465
2261.5;0.265
2262.0;0.407
2262.5;0.134
2263.0;0.69
2263.5;0.582
2264.0;0.376
2264.5;0.593
2265.0;0.27
2265.5;0.441
2266.0;0.196
2266.5;0.389
2267.0;0.514
2267.5;0.332
2268.0;0.459
2268.5;0.627
2269.0;0.613
2269.5;0.26
2270.0;0.761
2270.5;0.42
2271.0;0.044
2271.5;0.298
2272.0;0.5
2272.5;0.466
2273.0;0.432
2273.5;0.675
2274.0;0.652
2274.5;0.442
2275.0;0.562
2275.5;0.602
2276.0;0.333
2276.5;0.394
2277.0;0.59
2277.5;0.368
2278.0;0.448
2278.5;0.449
2279.0;0.217
2279.5;0.149
2280.0;0.353
2280.5;0.239
2281.0;0.203
2281.5;0.42
2282.0;0.094
2282.5;0.337
2283.0;0.146
2283.5;0.473
2284.0;0.427
2284.5;0.43
2285.0;0.439
2285.5;0.126
2286.0;0.162
2286.5;0.198
2287.0;0.203
2287.5;0.244
2288.0;0.247
2288.5;0.519
2289.0;0.604
2289.5;0.533
2290.0;0.506
2290.5;0.328
2291.0;0.396
2291.5;0.21
2292.0;0.335
2292.5;0.569
2293.0;0.37
2293.5;0.299
2294.0;0.324
2294.5;0.17
2295.0;0.252
2295.5;0.267
2296.0;0.169
2296.5;0.118
2297.0;0.396
2297.5;0.669
2298.0;0.605
2298.5;0.872
2299.0;0.595
2299.5;0.173
2300.0;0.139
2300.5;0.294
2301.0;0.255
2301.5;0.227
2302.0;0.254
2302.5;0.268
2303.0;0.638
2303.5;0.433
2304.0;0.405
2304.5;0.414
2305.0;0.34
2305.5;0.071
2306.0;0.459
2306.5;0.452
2307.0;0.866
2307.5;0.912
2308.0;0.45
2308.5;0.499
2309.0;0.755
2309.5;0.272
2310.0;1.108
2310.5;0.66
2311.0;0.278
2311.5;0.192
2312.0;0.484
2312.5;0.407
2313.0;0.871
2313.5;0.214
2314.0;0.306
2314.5;0.299
2315.0;0.465
2315.5;0.222
2316.0;0.482
2316.5;0.226
2317.0;0.187
2317.5;0.817
2318.0;0.938
2318.5;0.886
2319.0;1.303
2319.5;0.624
2320.0;0.314
2320.5;0.472
2321.0;0.129
2321.5;0.636
2322.0;0.682
2322.5;0.578
2323.0;0.566
2323.5;0.367
2324.0;0.574
2324.5;0.574
2325.0;0.896
2325.5;1.119
2326.0;1.005
2326.5;0.95
2327.0;0.897
2327.5;0.817
2328.0;0.145
2328.5;0.738
2329.0;0.673
2329.5;0.784
2330.0;1.342
2330.5;0.646
2331.0;1.118
2331.5;0.711
2332.0;0.461
2332.5;0.696
2333.0;0.649
2333.5;0.784
2334.0;0.87
2334.5;1.185
2335.0;0.833
2335.5;0.987
2336.0;0.668
2336.5;0.453
2337.0;0.616
2337.5;0.045
2338.0;0.427
2338.5;0.165
2339.0;0.638
2339.5;0.815
2340.0;0.468
2340.5;1.02
2341.0;0.502
2341.5;0.908
2342.0;0.33
2342.5;1.131
2343.0;0.823
2343.5;1.103
2344.0;1.462
2344.5;0.511
2345.0;1.979
2345.5;1.215
2346.0;1.653
2346.5;1.611
2347.0;0.945
2347.5;1.293
2348.0;0.728
2348.5;1.345
2349.0;0.846
2349.5;0.753
2350.0;0.336
2350.5;0.626
2351.0;1.113
2351.5;0.336
2352.0;0.573
2352.5;0.296
2353.0;0.504
2353.5;0.677
2354.0;0.6
2354.5;0.325
2355.0;0.483
2355.5;0.271
2356.0;0.257
2356.5;0.509
2357.0;0.569
2357.5;0.855
2358.0;1.049
2358.5;0.65
2359.0;0.031
2359.5;1.181
2360.0;0.507
2360.5;1.507
2361.0;0.779
2361.5;1.257
2362.0;1.191
2362.5;0.249
2363.0;1.288
2363.5;1.137
2364.0;0.434
2364.5;0.455
2365.0;0.555
2365.5;0.23
2366.0;0.464
2366.5;0.991
2367.0;0.882
2367.5;0.94
2368.0;1.183
2368.5;0.447
2369.0;0.586
2369.5;0.374
2370.0;0.359
2370.5;0.575
2371.0;0.299
2371.5;0.556
2372.0;0.428
2372.5;0.888
2373.0;0.792
2373.5;0.566
2374.0;0.384
2374.5;0.237
2375.0;0.737
2375.5;0.993
2376.0;1.369
2376.5;1.524
2377.0;1.316
2377.5;1.704
2378.0;1.038
2378.5;1.026
2379.0;1.246
2379.5;0.347
2380.0;0.721
2380.5;0.501
2381.0;0.554
2381.5;0.586
2382.0;0.948
2382.5;0.249
2383.0;0.657
2383.5;0.722
2384.0;0.16
2384.5;0.85
2385.0;0.357
2385.5;0.759
2386.0;0.872
2386.5;0.24
2387.0;1.469
2387.5;1.25
2388.0;0.928
2388.5;1.751
2389.0;0.622
2389.5;1.001
2390.0;0.834
2390.5;0.7
2391.0;0.306
2391.5;0.852
2392.0;0.584
2392.5;0.285
2393.0;0.225
2393.5;0.865
2394.0;0.741
2394.5;0.42
2395.0;1.039
2395.5;0.55
2396.0;1.181
2396.5;0.812
2397.0;0.937
2397.5;1.274
2398.0;0.774
2398.5;1.103
2399.0;0.129
2399.5;0.746
2400.1;0.418
2400.6;0.451
2401.1;0.858
2401.6;0.834
2402.1;0.774
2402.6;1.149
2403.1;0.967
2403.6;0.758
2404.1;1.226
2404.6;0.73
2405.1;1.081
2405.6;0.828
2406.1;0.321
2406.6;0.494
2407.1;0.275
2407.6;0.739
2408.1;0.571
2408.6;0.801
2409.1;1.256
2409.6;0.876
2410.1;0.943
2410.6;1.135
2411.1;0.533
2411.6;1.003
2412.1;1.082
2412.6;0.342
2413.1;1.017
2413.6;0.885
2414.1;0.593
2414.6;0.762
2415.1;0.554
2415.6;0.651
2416.1;0.488
2416.6;0.162
2417.1;0.298
2417.6;0.29
2418.1;0.156
2418.6;0.05
2419.1;0.294
2419.6;0.338
2420.1;0.162
2420.6;0.547
2421.1;0.408
2421.6;0.667
2422.1;0.578
2422.6;0.662
2423.1;0.676
2423.6;0.707
2424.1;1.044
2424.6;0.288
2425.1;1.193
2425.6;0.616
2426.1;0.668
2426.6;0.419
2427.1;0.95
2427.6;0.742
2428.1;0.359
2428.6;0.56
2429.1;1.282
2429.6;0.465
2430.1;1.071
2430.6;0.887
2431.1;1.025
2431.6;1.571
2432.1;0.674
2432.6;1.206
2433.1;1.157
2433.6;1.143
2434.1;1.631
2434.6;0.449
2435.1;1.299
2435.6;0.922
2436.1;0.935
2436.6;0.596
2437.1;1.131
2437.6;1.108
2438.1;1.166
2438.6;0.868
2439.1;1.098
2439.6;1.096
2440.1;1.246
2440.6;1.258
2441.1;0.226
2441.6;1.266
2442.1;0.749
2442.6;0.967
2443.1;0.559
2443.6;0.998
2444.1;0.719
2444.6;0.284
2445.1;0.421
2445.6;0.875
2446.1;0.533
2446.6;1.114
2447.1;1.607
2447.6;1.238
2448.1;1.494
2448.6;2.008
2449.1;2.452
2449.6;1.997
2450.1;1.655
2450.6;2.346
2451.1;2.359
2451.6;2.596
2452.1;1.861
2452.6;1.494
2453.1;2.024
2453.6;2.17
2454.1;1.174
2454.6;1.618
2455.1;1.022
2455.6;2.307
2456.1;0.742
2456.6;1.446
2457.1;0.666
2457.6;1.316
2458.1;1.473
2458.6;0.597
2459.1;1.46
2459.6;0.793
2460.1;0.641
2460.6;0.417
2461.1;0.638
2461.6;0.655
2462.1;0.979
2462.6;0.464
2463.1;0.514
2463.6;0.361
2464.1;0.428
2464.6;0.605
2465.1;0.306
2465.6;0.272
2466.1;0.446
2466.6;0.627
2467.1;1.113
2467.6;1.173
2468.1;0.453
2468.6;0.714
2469.1;0.401
2469.6;0.654
2470.1;0.524
2470.6;0.618
2471.1;0.418
2471.6;0.46
2472.1;0.438
2472.6;0.824
2473.1;0.538
2473.6;0.701
2474.1;0.718
2474.6;1.066
2475.1;0.047
2475.6;1.304
2476.1;0.558
2476.6;0.832
2477.1;0.603
2477.6;0.629
2478.1;0.818
2478.6;0.851
2479.1;0.324
2479.6;0.669
2480.1;0.618
2480.6;0.988
2481.1;0.06
2481.6;0.799
2482.1;0.84
2482.6;0.344
2483.1;1.056
2483.6;0.279
2484.1;1.414
2484.6;0.196
2485.1;1.068
2485.6;0.518
2486.1;0.611
2486.6;0.831
2487.1;0.405
2487.6;0.767
2488.1;0.275
2488.6;0.523
2489.1;0.496
2489.6;0.301
2490.1;0.572
2490.6;0.779
2491.1;0.483
2491.6;0.839
2492.1;0.717
2492.6;0.255
2493.1;0.366
2493.6;0.29
2494.1;0.428
2494.6;0.427
2495.1;0.544
2495.6;0.596
2496.1;0.404
2496.6;0.568
2497.1;0.241
2497.6;0.622
2498.1;0.665
2498.6;0.459
2499.1;0.072
2499.6;0.098
2500.1;0.495
2500.6;0.622
2501.1;0.436
2501.6;0.169
2502.1;0.328
2502.6;0.14
2503.1;0.715
2503.6;0.798
2504.1;0.581
2504.6;0.744
2505.1;0.259
2505.6;0.459
2506.1;0.241
2506.6;0.133
2507.1;0.339
2507.6;0.529
2508.1;0.227
2508.6;0.411
2509.1;0.417
2509.6;0.291
2510.1;0.676
2510.6;0.451
2511.1;0.474
2511.6;0.897
2512.1;0.294
2512.6;0.654
2513.1;0.624
2513.6;0.453
2514.1;0.56
2514.6;0.24
2515.1;0.559
2515.6;0.215
2516.1;0.057
2516.6;0.263
2517.1;0.367
2517.6;0.2
2518.1;0.136
2518.6;0.168
2519.1;0.213
2519.6;0.43
2520.1;0.579
2520.6;0.112
2521.1;0.495
2521.6;0.188
2522.1;0.728
2522.6;0.282
2523.1;0.464
2523.6;0.344
2524.1;0.109
2524.6;0.468
2525.1;0.337
2525.6;0.119
2526.1;0.093
2526.6;0.515
2527.1;0.567
2527.6;0.275
2528.1;0.492
2528.6;0.365
2529.1;0.297
2529.6;0.85
2530.1;0.508
2530.6;0.382
2531.1;0.311
2531.6;0.957
2532.1;0.03
2532.6;1.164
2533.1;0.944
2533.6;0.369
2534.1;0.644
2534.6;0.743
2535.1;0.505
2535.6;0.574
2536.1;0.94
2536.6;1.014
2537.1;1.021
2537.6;0.698
2538.1;0.804
2538.6;0.895
2539.1;0.672
2539.6;0.835
2540.1;0.729
2540.6;0.405
2541.1;0.452
2541.6;0.28
2542.1;0.347
2542.6;0.282
2543.1;0.763
2543.6;0.86
2544.1;0.794
2544.6;1.017
2545.1;0.922
2545.6;0.526
2546.1;0.556
2546.6;0.241
2547.1;0.303
2547.6;0.427
2548.1;0.517
2548.6;1.002
2549.1;0.886
2549.6;0.789
2550.1;0.538
2550.6;0.154
2551.1;0.248
2551.6;0.24
2552.1;0.865
2552.6;0.854
2553.1;1.456
2553.6;1.051
2554.1;0.633
2554.6;0.509
2555.1;0.523
2555.6;0.73
2556.1;0.211
2556.6;0.865
2557.1;0.501
2557.6;0.984
2558.1;1.17
2558.6;0.49
2559.1;0.364
2559.6;0.389
2560.1;1.271
2560.6;1.614
2561.1;0.754
2561.6;1.743
2562.1;0.378
2562.6;0.979
2563.1;1.192
2563.6;0.619
2564.1;0.61
2564.6;1.428
2565.1;1.577
2565.6;0.803
2566.1;1.624
2566.6;0.852
2567.1;1.334
2567.6;1.737
2568.1;0.385
2568.6;1.799
2569.1;1.673
2569.6;1.517
2570.1;0.188
2570.6;1.252
2571.1;0.749
2571.6;0.872
2572.1;0.678
2572.6;0.224
2573.1;0.582
2573.6;0.853
2574.1;0.643
2574.6;1.061
2575.1;0.911
2575.6;0.647
2576.1;0.672
2576.6;0.849
2577.1;1.236
2577.6;1.183
2578.1;0.28
2578.6;0.576
2579.1;0.678
2579.6;0.521
2580.1;0.695
2580.6;0.97
2581.1;0.932
2581.6;0.959
2582.1;0.137
2582.6;1.576
2583.1;1.482
2583.6;1.091
2584.1;1.541
2584.6;1.891
2585.1;1.146
2585.6;1.822
2586.1;1.236
2586.6;1.88
2587.1;0.827
2587.6;1.129
2588.1;1.381
2588.6;0.608
2589.1;0.827
2589.6;0.077
2590.1;0.69
2590.6;0.717
2591.1;0.945
2591.6;0.595
2592.1;1.277
2592.6;1.402
2593.1;1.366
2593.6;1.418
2594.1;1.303
2594.6;2.292
2595.1;1.23
2595.6;1.731
2596.1;1.739
2596.6;1.067
2597.1;2.033
2597.6;0.913
2598.1;1.074
2598.6;0.792
2599.1;1.128
2599.6;1.295
2600.1;0.472
2600.6;0.761
2601.1;0.783
2601.6;0.416
2602.1;0.608
2602.6;0.306
2603.1;0.259
2603.6;0.612
2604.1;1.078
2604.6;0.516
2605.1;0.536
2605.6;0.369
2606.1;0.866
2606.6;1.035
2607.1;0.743
2607.6;0.525
2608.1;1.055
2608.6;1.143
2609.1;0.422
2609.6;1.086
2610.1;0.115
2610.6;1.163
2611.1;1.07
2611.6;0.42
2612.1;0.662
2612.6;0.416
2613.1;0.525
2613.6;0.595
2614.1;0.32
2614.6;0.814
2615.1;0.277
2615.6;0.946
2616.1;0.772
2616.6;0.779
2617.1;1.273
2617.6;0.493
2618.1;1.042
2618.6;0.511
2619.1;0.968
2619.6;0.633
2620.1;0.285
2620.6;0.443
2621.1;0.32
2621.6;0.522
2622.1;0.382
2622.6;0.137
2623.1;0.594
2623.6;0.32
2624.1;0.664
2624.6;0.501
2625.1;0.368
2625.6;0.263
2626.1;0.374
2626.6;0.386
2627.1;0.284
2627.6;0.135
2628.1;0.204
2628.6;0.362
2629.1;0.547
2629.6;0.054
2630.1;0.328
2630.6;0.195
2631.1;0.307
2631.6;0.219
2632.1;0.496
2632.6;0.234
2633.1;0.193
2633.6;0.114
2634.1;0.237
2634.6;0.036
2635.1;0.136
2635.6;0.33
2636.1;0.513
2636.6;0.055
2637.1;0.451
2637.6;0.079
2638.1;0.241
2638.6;0.209
2639.1;0.074
2639.6;0.181
2640.1;0.231
2640.6;0.444
2641.1;0.215
2641.6;0.489
2642.1;0.43
2642.6;0.41
2643.1;0.418
2643.6;0.419
2644.1;0.556
2644.6;0.173
2645.1;0.198
2645.6;0.172
2646.1;0.236
2646.6;0.582
2647.1;0.446
2647.6;0.675
2648.1;0.659
2648.6;0.379
2649.1;0.263
2649.6;0.462
2650.1;0.546
2650.6;0.344
2651.1;0.501
2651.6;0.297
2652.1;0.567
2652.6;0.367
2653.1;0.999
2653.6;0.604
2654.1;0.442
2654.6;0.646
2655.1;0.293
2655.6;0.822
2656.1;0.213
2656.6;0.913
2657.1;0.481
2657.6;0.798
2658.1;0.741
2658.6;0.356
2659.1;0.795
2659.6;0.171
2660.1;0.661
2660.6;0.142
2661.1;0.139
2661.6;0.445
2662.1;0.204
2662.6;0.535
2663.1;0.17
2663.6;0.436
2664.1;0.417
2664.6;0.431
2665.1;0.312
2665.6;0.473
2666.1;0.437
2666.6;0.712
2667.1;0.035
2667.6;0.545
2668.1;0.026
2668.6;0.507
2669.1;0.193
2669.6;0.386
2670.1;0.069
2670.6;0.451
2671.1;0.522
2671.6;0.486
2672.1;0.45
2672.6;0.215
2673.1;0.56
2673.6;0.532
2674.1;1.15
2674.6;0.619
2675.1;1.046
2675.6;0.159
2676.1;0.812
2676.6;0.485
2677.1;0.235
2677.6;0.213
2678.1;0.06
2678.6;0.191
2679.1;0.154
2679.6;0.238
2680.1;0.412
2680.6;0.334
2681.1;0.163
2681.6;0.166
2682.1;0.217
2682.6;0.581
2683.1;0.388
2683.6;0.512
2684.1;0.558
2684.6;0.446
2685.1;0.136
2685.6;0.267
2686.1;0.104
2686.6;0.186
2687.1;0.108
2687.6;0.235
2688.1;0.262
2688.6;0.594
2689.1;0.494
2689.6;0.767
2690.1;0.761
2690.6;0.507
2691.1;1.071
2691.6;0.254
2692.1;1.444
2692.6;0.367
2693.1;1.255
2693.6;0.725
2694.1;0.821
2694.6;0.577
2695.1;0.442
2695.6;0.845
2696.1;0.212
2696.6;0.83
2697.1;0.275
2697.6;0.457
2698.1;0.839
2698.6;0.099
2699.1;0.968
2699.6;0.635
2700.1;0.614
2700.6;0.36
2701.1;0.624
2701.6;0.222
2702.1;0.611
2702.6;0.456
2703.1;0.413
2703.6;0.961
2704.1;0.163
2704.6;0.876
2705.1;0.256
2705.6;1.172
2706.1;0.405
2706.6;0.882
2707.1;0.382
2707.6;0.355
2708.1;0.452
2708.6;0.328
2709.1;0.529
2709.6;0.521
2710.1;0.104
2710.6;0.064
2711.1;0.286
2711.6;0.376
2712.1;0.906
2712.6;0.721
2713.1;0.969
2713.6;0.874
2714.1;0.659
2714.6;0.84
2715.1;0.8
2715.6;0.978
2716.1;0.848
2716.6;0.633
2717.1;0.53
2717.6;0.485
2718.1;0.808
2718.6;0.735
2719.1;0.482
2719.6;0.479
2720.1;0.583
2720.6;0.689
2721.1;0.607
2721.6;0.94
2722.1;0.469
2722.6;0.638
2723.1;0.691
2723.6;0.317
2724.1;0.442
2724.6;0.521
2725.1;0.307
2725.6;0.374
2726.1;0.187
2726.6;0.375
2727.1;0.638
2727.6;0.428
2728.1;0.182
2728.6;0.659
2729.1;0.416
2729.6;0.335
2730.1;0.164
2730.6;0.551
2731.1;0.227
2731.6;0.334
2732.1;0.18
2732.6;0.241
2733.1;0.419
2733.6;0.329
2734.1;0.512
2734.6;0.622
2735.1;0.157
2735.6;0.986
2736.1;0.336
2736.6;0.687
2737.1;0.409
2737.6;0.908
2738.1;0.842
2738.6;0.989
2739.1;0.278
2739.6;0.633
2740.1;0.405
2740.6;0.191
2741.1;0.114
2741.6;0.304
2742.1;0.278
2742.6;0.272
2743.1;0.464
2743.6;0.11
2744.1;0.343
2744.6;0.27
2745.1;0.337
2745.6;0.35
2746.1;0.439
2746.6;0.17
2747.1;0.197
2747.6;0.27
2748.1;0.411
2748.6;0.073
2749.1;0.717
2749.6;0.447
2750.1;0.502
2750.6;0.273
2751.1;0.365
2751.6;0.152
2752.1;0.322
2752.6;0.224
2753.1;0.408
2753.6;0.592
2754.1;0.234
2754.6;0.525
2755.1;0.382
2755.6;0.585
2756.1;0.366
2756.6;0.47
2757.1;0.328
2757.6;0.441
2758.1;0.547
2758.6;0.176
2759.1;0.143
2759.6;0.243
2760.1;0.449
2760.6;0.49
2761.1;0.656
2761.6;0.527
2762.1;0.61
2762.6;0.789
2763.1;0.39
2763.6;0.371
2764.1;0.481
2764.6;0.514
2765.1;0.452
2765.6;0.114
2766.1;0.202
2766.6;0.12
2767.1;0.269
2767.6;0.377
2768.1;0.485
2768.6;0.425
2769.1;0.348
2769.6;0.253
2770.1;0.116
2770.6;0.59
2771.1;0.366
2771.6;0.292
2772.1;0.681
2772.6;0.282
2773.1;0.386
2773.6;0.067
2774.1;0.175
2774.6;0.268
2775.1;0.143
2775.6;0.333
2776.1;0.342
2776.6;0.168
2777.1;0.147
2777.6;0.182
2778.1;0.642
2778.6;0.315
2779.1;0.573
2779.6;0.747
2780.1;0.237
2780.6;0.615
2781.1;0.261
2781.6;0.491
2782.1;0.205
2782.6;0.356
2783.1;0.273
2783.6;0.04
2784.1;0.242
2784.6;0.12
2785.1;0.387
2785.6;0.218
2786.1;0.372
2786.6;0.574
2787.1;0.65
2787.6;0.729
2788.1;0.336
2788.6;0.881
2789.1;0.78
2789.6;0.361
2790.1;0.575
2790.6;0.292
2791.1;0.339
2791.6;0.226
2792.1;0.195
2792.6;0.151
2793.1;0.146
2793.6;0.204
2794.1;0.415
2794.6;0.488
2795.1;0.009
2795.6;0.279
2796.1;0.375
2796.6;0.262
2797.1;0.66
2797.6;0.279
2798.1;0.362
2798.6;0.535
2799.1;0.184
2799.6;0.5
2800.1;0.158
2800.6;0.313
2801.1;0.221
2801.6;0.316
2802.1;0.394
2802.6;0.154
2803.1;0.27
2803.6;0.468
2804.1;0.132
2804.6;0.834
2805.1;0.708
2805.6;0.394
2806.1;0.819
2806.6;0.222
2807.1;0.27
2807.6;0.52
2808.1;0.169
2808.6;0.244
2809.1;0.44
2809.6;0.35
2810.1;0.411
2810.6;0.435
2811.1;0.167
2811.6;0.298
2812.1;0.317
2812.6;0.22
2813.1;0.665
2813.6;0.67
2814.1;0.279
2814.6;0.972
2815.1;0.45
2815.6;0.549
2816.1;0.657
2816.6;0.322
2817.1;0.501
2817.6;0.816
2818.1;0.422
2818.6;0.572
2819.1;0.309
2819.6;0.21
2820.1;0.288
2820.6;0.465
2821.1;0.307
2821.6;0.291
2822.1;0.658
2822.6;0.229
2823.1;0.353
2823.6;0.349
2824.1;0.448
2824.6;0.013
2825.1;0.534
2825.6;0.054
2826.1;0.474
2826.6;0.172
2827.1;0.661
2827.6;0.198
2828.1;0.492
2828.6;0.183
2829.1;0.604
2829.6;0.256
2830.1;0.558
2830.6;0.642
2831.1;0.339
2831.6;0.497
2832.1;0.57
2832.6;0.63
2833.1;0.623
2833.6;0.509
2834.1;0.681
2834.6;0.643
2835.1;0.589
2835.6;0.762
2836.1;0.646
2836.6;0.913
2837.1;0.54
2837.6;0.939
2838.1;0.747
2838.6;1.026
2839.1;0.724
2839.6;0.76
2840.1;0.897
2840.6;0.559
2841.1;0.731
2841.6;0.46
2842.1;0.803
2842.6;0.181
2843.1;0.507
2843.6;0.63
2844.1;0.43
2844.6;0.492
2845.1;0.502
2845.6;0.538
2846.1;0.539
2846.6;0.511
2847.1;0.54
2847.6;0.584
2848.1;0.345
2848.6;0.629
2849.1;0.187
2849.6;0.641
2850.1;0.122
2850.6;0.518
2851.1;0.106
2851.6;0.495
2852.1;0.295
2852.6;0.231
2853.1;0.362
2853.6;0.257
2854.1;0.345
2854.6;0.393
2855.1;0.204
2855.6;0.178
2856.1;0.555
2856.6;0.555
2857.1;0.524
2857.6;0.938
2858.1;0.441
2858.6;0.832
2859.1;0.369
2859.6;0.638
2860.1;0.55
2860.6;0.491
2861.1;0.731
2861.6;0.199
2862.1;0.388
2862.6;0.226
2863.1;0.435
2863.6;0.098
2864.1;0.536
2864.6;0.337
2865.1;0.355
2865.6;0.113
2866.1;0.391
2866.6;0.098
2867.1;0.637
2867.6;0.313
2868.1;0.774
2868.6;0.595
2869.1;0.883
2869.6;0.568
2870.1;0.756
2870.6;0.428
2871.1;0.499
2871.6;0.489
2872.1;0.636
2872.6;0.522
2873.1;0.759
2873.6;0.671
2874.1;0.695
2874.6;0.376
2875.1;0.387
2875.6;0.278
2876.1;0.438
2876.6;0.441
2877.1;0.523
2877.6;0.475
2878.1;0.568
2878.6;0.707
2879.1;0.674
2879.6;1.065
2880.1;0.827
2880.6;0.776
2881.1;0.41
2881.6;0.408
2882.1;0.268
2882.6;0.419
2883.1;0.336
2883.6;0.266
2884.1;0.208
2884.6;0.283
2885.1;0.391
2885.6;0.484
2886.1;0.49
2886.6;0.124
2887.1;0.265
2887.6;0.325
2888.1;0.582
2888.6;0.681
2889.1;0.622
2889.6;0.458
2890.1;0.362
2890.6;0.429
2891.1;0.639
2891.6;0.626
2892.1;0.676
2892.6;0.429
2893.1;0.286
2893.6;0.221
2894.1;0.326
2894.6;0.38
2895.1;0.387
2895.6;0.48
2896.1;0.41
2896.6;0.308
2897.1;0.524
2897.6;0.329
2898.1;0.162
2898.6;0.513
2899.1;0.175
2899.6;0.737
2900.1;0.542
2900.6;0.71
2901.1;0.581
2901.6;0.454
2902.1;0.72
2902.6;0.439
2903.1;1.095
2903.6;0.94
2904.1;1.245
2904.6;1.346
2905.1;0.861
2905.6;1.527
2906.1;0.891
2906.6;1.248
2907.1;0.918
2907.6;0.453
2908.1;0.708
2908.6;0.206
2909.1;0.264
2909.6;0.326
2910.1;0.847
2910.6;0.59
2911.1;0.64
2911.6;0.714
2912.1;0.43
2912.6;0.491
2913.1;0.508
2913.6;0.351
2914.1;0.412
2914.6;0.476
2915.1;0.567
2915.6;0.784
2916.1;0.839
2916.6;0.87
2917.1;0.763
2917.6;0.585
2918.1;0.292
2918.6;0.314
2919.1;0.293
2919.6;0.46
2920.1;0.628
2920.6;0.321
2921.1;0.069
2921.6;0.548
2922.1;0.573
2922.6;0.77
2923.1;1.143
2923.6;0.499
2924.1;0.862
2924.6;0.678
2925.1;0.206
2925.6;0.216
2926.1;0.537
2926.6;0.806
2927.1;0.566
2927.6;0.952
2928.1;0.702
2928.6;0.745
2929.1;0.713
2929.6;0.549
2930.1;0.659
2930.6;0.401
2931.1;0.792
2931.6;0.625
2932.1;1.127
2932.6;1.107
2933.1;1.144
2933.6;1.072
2934.1;0.732
2934.6;0.879
2935.1;0.63
2935.6;0.675
2936.1;0.509
2936.6;0.392
2937.1;0.381
2937.6;0.053
2938.1;0.137
2938.6;0.411
2939.1;0.537
2939.6;0.31
2940.1;0.175
2940.6;0.112
2941.1;0.392
2941.6;0.337
2942.1;0.502
2942.6;0.541
2943.1;0.796
2943.6;0.593
2944.1;0.619
2944.6;0.602
2945.1;0.554
2945.6;0.629
2946.1;0.406
2946.6;0.33
2947.1;0.293
2947.6;0.1
2948.1;0.184
2948.6;0.356
2949.1;0.068
2949.6;0.307
2950.1;0.222
2950.6;0.732
2951.1;0.497
2951.6;0.807
2952.1;1.1
2952.6;0.609
2953.1;0.59
2953.6;0.403
2954.1;0.565
2954.6;0.139
2955.1;0.581
2955.6;0.438
2956.1;0.205
2956.6;0.777
2957.1;0.678
2957.6;0.709
2958.1;0.936
2958.6;0.433
2959.1;0.97
2959.6;0.125
2960.1;0.688
2960.6;0.332
2961.1;0.692
2961.6;0.675
2962.1;0.384
2962.6;1.032
2963.1;0.459
2963.6;0.342
2964.1;0.349
2964.6;0.635
2965.1;0.394
2965.6;0.095
2966.1;0.474
2966.6;0.509
2967.1;0.393
2967.6;0.537
2968.1;0.236
2968.6;0.931
2969.1;0.716
2969.6;0.345
2970.1;0.128
2970.6;0.551
2971.1;0.242
2971.6;0.396
2972.1;0.104
2972.6;0.233
2973.1;0.127
2973.6;0.266
2974.1;0.086
2974.6;0.128
2975.1;0.169
2975.6;0.344
2976.1;0.741
2976.6;0.689
2977.1;0.837
2977.6;0.599
2978.1;0.882
2978.6;0.609
2979.1;0.498
2979.6;0.749
2980.1;0.661
2980.6;0.689
2981.1;1.004
2981.6;0.769
2982.1;0.714
2982.6;0.464
2983.1;0.225
2983.6;0.277
2984.1;0.326
2984.6;0.261
2985.1;0.46
2985.6;0.473
2986.1;0.265
2986.6;0.46
2987.1;0.353
2987.6;0.438
2988.1;0.363
2988.6;0.108
2989.1;0.309
2989.6;0.311
2990.1;0.11
2990.6;0.277
2991.1;0.309
2991.6;0.153
2992.1;0.298
2992.6;0.231
2993.1;0.111
2993.6;0.14
2994.1;0.129
2994.6;0.324
2995.1;0.482
2995.6;0.092
2996.1;0.313
2996.6;0.366
2997.1;0.338
2997.6;0.439
2998.1;0.578
2998.6;0.198
2999.1;0.354
2999.6;0.309
3000.1;0.373
3000.6;0.102
3001.1;0.292
3001.6;0.143
3002.1;0.01
3002.6;0.39
3003.1;0.423
3003.6;0.353
3004.1;0.448
3004.6;0.157
3005.1;0.242
3005.6;0.591
3006.1;0.655
3006.6;0.667
3007.1;0.837
3007.6;0.358
3008.1;0.425
3008.6;0.62
3009.1;0.357
3009.6;0.36
3010.1;0.515
3010.6;0.402
3011.1;0.847
3011.6;0.733
3012.1;0.447
3012.6;0.314
3013.1;0.441
3013.6;0.222
3014.1;0.224
3014.6;0.347
3015.1;0.453
3015.6;0.563
3016.1;0.553
3016.6;0.305
3017.1;0.359
3017.6;0.59
3018.1;0.515
3018.6;0.516
3019.1;0.505
3019.6;0.743
3020.1;0.852
3020.6;0.427
3021.1;0.332
3021.6;0.372
3022.1;0.037
3022.6;0.353
3023.1;0.213
3023.6;0.136
3024.1;0.352
3024.6;0.326
3025.1;0.341
3025.6;0.128
3026.1;0.424
3026.6;0.581
3027.1;0.301
3027.6;0.143
3028.1;0.548
3028.6;0.361
3029.1;0.736
3029.6;0.365
3030.1;0.291
3030.6;0.421
3031.1;0.39
3031.6;0.847
3032.1;0.293
3032.6;0.297
3033.1;0.531
3033.6;0.843
3034.1;0.539
3034.6;0.564
3035.1;0.081
3035.6;0.418
3036.1;0.42
3036.6;0.177
3037.1;0.258
3037.6;0.379
3038.1;0.581
3038.6;0.381
3039.1;0.465
3039.6;0.627
3040.1;0.113
3040.6;0.337
3041.1;0.244
3041.6;0.292
3042.1;0.196
3042.6;0.312
3043.1;0.294
3043.6;0.197
3044.1;0.316
3044.6;0.298
3045.1;0.437
3045.6;0.327
3046.1;0.308
3046.6;0.34
3047.1;0.505
3047.6;0.554
3048.1;0.3
3048.6;0.13
3049.1;0.153
3049.6;0.354
3050.1;0.509
3050.6;0.629
3051.1;0.095
3051.6;0.427
3052.1;0.942
3052.6;0.822
3053.1;0.207
3053.6;0.611
3054.1;0.663
3054.6;0.447
3055.1;0.328
3055.6;0.556
3056.1;0.261
3056.6;0.325
3057.1;0.309
3057.6;0.369
3058.1;0.248
3058.6;0.039
3059.1;0.176
3059.6;0.121
3060.1;0.28
3060.6;0.418
3061.1;0.412
3061.6;0.15
3062.1;0.197
3062.6;0.491
3063.1;0.521
3063.6;0.112
3064.1;0.343
3064.6;0.07
3065.1;0.354
3065.6;0.221
3066.1;0.178
3066.6;0.076
3067.1;0.457
3067.6;0.322
3068.1;0.113
3068.6;0.181
3069.1;0.647
3069.6;0.371
3070.1;0.321
3070.6;0.316
3071.1;0.437
3071.6;0.456
3072.1;0.452
3072.6;0.416
3073.1;0.908
3073.6;0.779
3074.1;0.747
3074.6;0.58
3075.1;0.133
3075.6;0.551
3076.1;0.273
3076.6;0.563
3077.1;0.451
3077.6;0.242
3078.1;0.213
3078.6;0.305
3079.1;0.241
3079.6;0.56
3080.1;0.624
3080.6;0.474
3081.1;0.44
3081.6;0.922
3082.1;0.787
3082.6;0.574
3083.1;0.775
3083.6;0.61
3084.1;0.391
3084.6;0.704
3085.1;0.6
3085.6;0.128
3086.1;0.41
3086.6;0.196
3087.1;0.276
3087.6;0.293
3088.1;0.539
3088.6;0.243
3089.1;0.161
3089.6;0.208
3090.1;0.787
3090.6;1.271
3091.1;1.395
3091.6;1.464
3092.1;1.297
3092.6;0.928
3093.1;1.113
3093.6;1.517
3094.1;1.471
3094.6;1.028
3095.1;0.974
3095.6;0.493
3096.1;0.823
3096.6;1.182
3097.1;1.749
3097.6;1.905
3098.1;1.839
3098.6;1.546
3099.1;0.467
3099.6;0.279
3100.1;1.349
3100.6;1.674
3101.1;1.648
3101.6;1.758
3102.1;1.008
3102.6;1.399
3103.1;1.153
3103.6;1.859
3104.1;1.697
3104.6;1.23
3105.1;0.952
3105.6;1.117
3106.1;1.664
3106.6;1.676
3107.1;1.749
3107.6;1.143
3108.1;1.241
3108.6;1.106
3109.1;1.428
3109.6;1.15
3110.1;0.942
3110.6;1.221
3111.1;1.197
3111.6;1.41
3112.1;1.167
3112.6;0.867
3113.1;0.188
3113.6;0.342
3114.1;0.3
3114.6;0.578
3115.1;0.482
3115.6;0.247
3116.1;0.223
3116.6;0.524
3117.1;0.478
3117.6;0.481
3118.1;0.831
3118.6;0.878
3119.1;1.107
3119.6;0.955
3120.1;0.716
3120.6;0.332
3121.1;0.319
3121.6;0.546
3122.1;1.139
3122.6;1.285
3123.1;1.471
3123.6;0.984
3124.1;0.716
3124.6;0.9
3125.1;0.229
3125.6;0.256
3126.1;1.065
3126.6;1.305
3127.1;0.798
3127.6;1.226
3128.1;0.646
3128.6;0.238
3129.1;0.468
3129.6;1.272
3130.1;1.17
3130.6;1.175
3131.1;0.811
3131.6;0.872
3132.1;0.824
3132.6;1.133
3133.1;0.817
3133.6;1.539
3134.1;1.841
3134.6;1.289
3135.1;1.51
3135.6;0.998
3136.1;1.63
3136.6;1.16
3137.1;1.955
3137.6;1.704
3138.1;1.146
3138.6;1.353
3139.1;1.586
3139.6;1.373
3140.1;2.041
3140.6;2.13
3141.1;0.673
3141.6;0.351
3142.1;1.023
3142.6;1.906
3143.1;1.917
3143.6;2.618
3144.1;1.809
3144.6;0.526
3145.1;0.298
3145.6;1.544
3146.1;2.439
3146.6;2.077
3147.1;2.173
3147.6;1.153
3148.1;0.59
3148.6;0.464
3149.1;1.377
3149.6;1.73
3150.1;2.377
3150.6;2.646
3151.1;2.192
3151.6;1.606
3152.1;1.389
3152.6;1.435
3153.1;1.202
3153.6;1.387
3154.1;1.195
3154.6;0.59
3155.1;0.259
3155.6;1.18
3156.1;1.784
3156.6;1.907
3157.1;1.644
3157.6;1.602
3158.1;1.245
3158.6;0.616
3159.1;0.65
3159.6;0.409
3160.1;1.217
3160.6;1.415
3161.1;1.274
3161.6;0.794
3162.1;0.358
3162.6;0.937
3163.1;1.16
3163.6;0.896
3164.1;0.218
3164.6;0.876
3165.1;1.097
3165.6;1.172
3166.1;0.629
3166.6;0.327
3167.1;0.673
3167.6;0.896
3168.1;0.63
3168.6;0.799
3169.1;1.556
3169.6;2.511
3170.1;2.413
3170.6;1.918
3171.1;1.665
3171.6;0.287
3172.1;0.748
3172.6;0.942
3173.1;1.279
3173.6;1.359
3174.1;1.564
3174.6;1.645
3175.1;1.661
3175.6;1.491
3176.1;1.306
3176.6;1.482
3177.1;1.609
3177.6;1.489
3178.1;1.354
3178.6;1.695
3179.1;1.74
3179.6;2.159
3180.1;2.216
3180.6;1.692
3181.1;1.708
3181.6;1.477
3182.1;1.106
3182.6;0.78
3183.1;1.192
3183.6;0.738
3184.1;0.486
3184.6;0.46
3185.1;0.183
3185.6;0.199
3186.1;0.395
3186.6;0.337
3187.1;0.4
3187.6;0.655
3188.1;0.426
3188.6;0.492
3189.1;0.937
3189.6;0.179
3190.1;0.39
3190.6;0.263
3191.1;0.373
3191.6;0.711
3192.1;1.687
3192.6;1.879
3193.1;1.775
3193.6;2.339
3194.1;1.943
3194.6;1.373
3195.1;1.393
3195.6;1.233
3196.1;0.874
3196.6;1.758
3197.1;1.606
3197.6;1.916
3198.1;2.272
3198.6;1.957
3199.1;2.02
3199.6;1.932
3200.1;1.018
3200.6;1.046
3201.1;1.173
3201.6;0.823
3202.1;1.353
3202.6;1.596
3203.1;1.407
3203.6;1.516
3204.1;1.382
3204.6;0.391
3205.1;0.367
3205.6;0.47
3206.1;0.343
3206.6;1.188
3207.1;1.399
3207.6;1.59
3208.1;1.808
3208.6;1.391
3209.1;0.986
3209.6;0.622
3210.1;0.146
3210.6;0.321
3211.1;0.155
3211.6;0.675
3212.1;0.934
3212.6;1.327
3213.1;1.365
3213.6;0.755
3214.1;0.835
3214.6;1.028
3215.1;0.557
3215.6;0.972
3216.1;0.882
3216.6;0.541
3217.1;0.956
3217.6;0.406
3218.1;0.31
3218.6;0.795
3219.1;0.791
3219.6;0.383
3220.1;1.148
3220.6;0.685
3221.1;0.612
3221.6;0.996
3222.1;0.475
3222.6;0.264
3223.1;0.775
3223.6;1.068
3224.1;0.39
3224.6;0.528
3225.1;0.331
3225.6;0.221
3226.1;0.792
3226.6;1.199
3227.1;0.974
3227.6;1.453
3228.1;1.382
3228.6;0.691
3229.1;0.761
3229.6;0.794
3230.1;0.394
3230.6;0.389
3231.1;0.656
3231.6;0.548
3232.1;0.645
3232.6;0.854
3233.1;0.972
3233.6;1.023
3234.1;0.733
3234.6;0.69
3235.1;0.334
3235.6;0.869
3236.1;0.668
3236.6;0.669
3237.1;1.027
3237.6;1.396
3238.1;1.323
3238.6;0.764
3239.1;0.439
3239.6;1.105
3240.1;1.225
3240.6;1.206
3241.1;2.175
3241.6;1.016
3242.1;1.997
3242.6;1.415
3243.1;1.308
3243.6;1.709
3244.1;0.336
3244.6;1.073
3245.1;0.215
3245.6;0.817
3246.1;0.636
3246.6;0.198
3247.1;0.355
3247.6;0.877
3248.1;0.661
3248.6;0.292
3249.1;0.776
3249.6;1.193
3250.1;0.636
3250.6;0.644
3251.1;0.288
3251.6;1.093
3252.1;1.159
3252.6;1.306
3253.1;2.076
3253.6;1.034
3254.1;2.026
3254.6;0.676
3255.1;1.194
3255.6;1.041
3256.1;1.037
3256.6;1.712
3257.1;0.413
3257.6;0.995
3258.1;0.367
3258.6;1.347
3259.1;0.266
3259.6;1.303
3260.1;0.807
3260.6;1.521
3261.1;0.472
3261.6;1.073
3262.1;0.745
3262.6;0.666
3263.1;0.701
3263.6;1.238
3264.1;1.912
3264.6;1.088
3265.1;2.218
3265.6;0.621
3266.1;1.211
3266.6;0.804
3267.1;1.362
3267.6;1.691
3268.1;0.599
3268.6;1.526
3269.1;0.851
3269.6;0.798
3270.1;0.584
3270.6;0.656
3271.1;0.938
3271.6;0.532
3272.1;1.212
3272.6;0.939
3273.1;1.081
3273.6;1.264
3274.1;0.706
3274.6;1.15
3275.1;0.676
3275.6;0.371
3276.1;0.234
3276.6;0.262
3277.1;0.264
3277.6;0.338
3278.1;0.26
3278.6;0.694
3279.1;0.413
3279.6;0.533
3280.1;0.103
3280.6;0.501
3281.1;0.758
3281.6;1.287
3282.1;1.286
3282.6;1.903
3283.1;1.407
3283.6;1.222
3284.1;1.432
3284.6;0.517
3285.1;1.114
3285.6;0.317
3286.1;1.184
3286.6;0.962
3287.1;0.319
3287.6;1.519
3288.1;2.462
3288.6;0.84
3289.1;2.303
3289.6;2.5
3290.1;0.702
3290.6;1.814
3291.1;1.415
3291.6;2.801
3292.1;0.815
3292.6;3.147
3293.1;2.194
3293.6;1.49
3294.1;1.597
3294.6;0.818
3295.1;1.781
3295.6;0.49
3296.1;1.351
3296.6;0.173
3297.1;2.24
3297.6;2.061
3298.1;2.395
3298.6;2.862
3299.1;1.832
3299.6;2.309
3300.1;0.986
3300.6;1.039
3301.1;0.4
3301.6;1.882
3302.1;1.541
3302.6;2.194
3303.1;2.27
3303.6;1.263
3304.1;1.43
3304.6;0.367
3305.1;1.105
3305.6;1.279
3306.1;1.574
3306.6;0.668
3307.1;0.897
3307.6;0.741
3308.1;1.3
3308.6;1.256
3309.1;0.905
3309.6;0.455
3310.1;0.757
3310.6;0.758
3311.1;0.869
3311.6;1.072
3312.1;0.196
3312.6;0.508
3313.1;1.207
3313.6;1.82
3314.1;1.362
3314.6;1.779
3315.1;1.061
3315.6;1.851
3316.1;1.026
3316.6;1.432
3317.1;1.107
3317.6;1.766
3318.1;2.196
3318.6;1.797
3319.1;2.859
3319.6;1.206
3320.1;2.772
3320.6;0.341
3321.1;2.332
3321.6;0.842
3322.1;2.794
3322.6;1.312
3323.1;2.736
3323.6;2.835
3324.1;2.179
3324.6;3.154
3325.1;0.977
3325.6;3.128
3326.1;1.361
3326.6;2.535
3327.1;1.237
3327.6;2.051
3328.1;1.913
3328.6;1.927
3329.1;2.295
3329.6;1.205
3330.1;2.045
3330.6;0.652
3331.1;1.294
3331.6;0.536
3332.1;1.512
3332.6;1.277
3333.1;0.601
3333.6;0.964
3334.1;1.213
3334.6;2.185
3335.1;1.223
3335.6;0.888
3336.1;0.464
3336.6;0.385
3337.1;0.199
3337.6;0.395
3338.1;0.313
3338.6;1.536
3339.1;1.842
3339.6;1.116
3340.1;1.8
3340.6;1.385
3341.1;0.852
3341.6;0.582
3342.1;0.729
3342.6;1.967
3343.1;1.334
3343.6;0.37
3344.1;1.655
3344.6;1.853
3345.1;0.105
3345.6;1.177
3346.1;0.398
3346.6;1.594
3347.1;0.963
3347.6;1.063
3348.1;2.064
3348.6;0.339
3349.1;1.692
3349.6;1.013
3350.1;1.1
3350.6;1.607
3351.1;0.139
3351.6;1.47
3352.1;1.422
3352.6;1.033
3353.1;0.848
3353.6;1.959
3354.1;0.864
3354.6;1.126
3355.1;0.621
3355.6;1.412
3356.1;1.683
3356.6;0.186
3357.1;1.666
3357.6;0.376
3358.1;1.693
3358.6;1.392
3359.1;1.292
3359.6;1.724
3360.1;0.297
3360.6;1.018
3361.1;0.098
3361.6;0.771
3362.1;0.274
3362.6;0.901
3363.1;0.909
3363.6;1.821
3364.1;1.129
3364.6;1.472
3365.1;1.83
3365.6;2.009
3366.1;2.116
3366.6;1.304
3367.1;0.785
3367.6;0.16
3368.1;0.607
3368.6;0.869
3369.1;0.941
3369.6;0.889
3370.1;1.37
3370.6;1.5
3371.1;1.931
3371.6;1.132
3372.1;0.652
3372.6;0.814
3373.1;0.169
3373.6;0.872
3374.1;0.304
3374.6;0.571
3375.1;0.843
3375.6;0.208
3376.1;0.735
3376.6;0.311
3377.1;0.472
3377.6;0.947
3378.1;1.654
3378.6;1.913
3379.1;1.635
3379.6;1.29
3380.1;1.772
3380.6;1.418
3381.1;1.924
3381.6;1.025
3382.1;0.559
3382.6;0.289
3383.1;0.869
3383.6;0.505
3384.1;0.659
3384.6;1.049
3385.1;0.999
3385.6;0.853
3386.1;1.096
3386.6;0.354
3387.1;0.746
3387.6;0.446
3388.1;0.383
3388.6;0.758
3389.1;0.321
3389.6;0.119
3390.1;0.579
3390.6;0.781
3391.1;0.911
3391.6;0.967
3392.1;1.058
3392.6;1.138
3393.1;1.114
3393.6;0.664
3394.1;0.986
3394.6;0.596
3395.1;1.591
3395.6;0.934
3396.1;0.758
3396.6;0.83
3397.1;1.284
3397.6;2.38
3398.1;1.381
3398.6;2.1
3399.1;1.509
3399.6;0.317
3400.1;0.633
3400.6;0.231
3401.1;0.403
3401.6;0.092
3402.1;0.447
3402.6;0.746
3403.1;0.873
3403.6;1.022
3404.1;0.312
3404.6;0.968
3405.1;0.837
3405.6;1.63
3406.1;1.748
3406.6;1.557
3407.1;2.167
3407.6;1.058
3408.1;0.886
3408.6;0.626
3409.1;0.56
3409.6;0.399
3410.1;0.974
3410.6;1.123
3411.1;0.437
3411.6;1.172
3412.1;0.487
3412.6;1.047
3413.1;0.91
3413.6;0.714
3414.1;1.475
3414.6;0.113
3415.1;1.436
3415.6;0.671
3416.1;1.604
3416.6;2.282
3417.1;1.499
3417.6;1.34
3418.1;1.003
3418.6;0.081
3419.1;0.7
3419.6;0.798
3420.1;1.757
3420.6;0.715
3421.1;2.554
3421.6;0.62
3422.1;2.574
3422.6;1.994
3423.1;0.827
3423.6;1.571
3424.1;0.256
3424.6;1.001
3425.1;0.113
3425.6;1.654
3426.1;1.098
3426.6;1.688
3427.1;1.798
3427.6;0.495
3428.1;1.286
3428.6;0.484
3429.1;1.178
3429.6;0.604
3430.1;0.328
3430.6;0.755
3431.1;1.038
3431.6;0.727
3432.1;1.038
3432.6;0.083
3433.1;1.054
3433.6;1.064
3434.1;1.638
3434.6;0.948
3435.1;0.902
3435.6;0.433
3436.1;1.325
3436.6;1.557
3437.1;0.721
3437.6;1.249
3438.1;0.458
3438.6;0.703
3439.1;0.265
3439.6;0.946
3440.1;0.632
3440.6;1.116
3441.1;0.61
3441.6;1.05
3442.1;0.866
3442.6;0.426
3443.1;0.527
3443.6;0.199
3444.1;0.354
3444.6;0.381
3445.1;1.07
3445.6;0.787
3446.1;0.374
3446.6;0.237
3447.1;0.36
3447.6;1.078
3448.1;0.877
3448.6;0.156
3449.1;0.229
3449.6;1.089
3450.1;1.428
3450.6;0.939
3451.1;1.297
3451.6;0.335
3452.1;0.944
3452.6;0.403
3453.1;0.678
3453.6;0.168
3454.1;1.512
3454.6;1.374
3455.1;1.314
3455.6;1.326
3456.1;0.183
3456.6;0.2
3457.1;0.508
3457.6;1.177
3458.1;0.608
3458.6;1.387
3459.1;1.136
3459.6;1.005
3460.1;1.011
3460.6;0.329
3461.1;0.918
3461.6;0.762
3462.1;0.77
3462.6;0.212
3463.1;0.564
3463.6;0.083
3464.1;0.616
3464.6;0.581
3465.1;0.282
3465.6;1.122
3466.1;1.573
3466.6;1.171
3467.1;0.984
3467.6;0.766
3468.1;0.24
3468.6;0.164
3469.1;0.494
3469.6;0.568
3470.1;0.866
3470.6;0.816
3471.1;0.465
3471.6;0.351
3472.1;0.154
3472.6;0.355
3473.1;0.3
3473.6;0.199
3474.1;0.779
3474.6;0.78
3475.1;1.079
3475.6;1.033
3476.1;0.423
3476.6;0.366
3477.1;0.381
3477.6;0.534
3478.1;0.661
3478.6;0.719
3479.1;0.882
3479.6;1.258
3480.1;0.914
3480.6;1.363
3481.1;1.017
3481.6;1.205
3482.1;0.654
3482.6;0.802
3483.1;1.187
3483.6;1.385
3484.1;1.618
3484.6;0.896
3485.1;1.047
3485.6;0.655
3486.1;2.143
3486.6;2.095
3487.1;2.36
3487.6;1.972
3488.1;1.111
3488.6;1.482
3489.1;0.618
3489.6;1.298
3490.1;0.544
3490.6;1.896
3491.1;1.038
3491.6;2.106
3492.1;1.398
3492.6;2.138
3493.1;2.435
3493.6;2.084
3494.1;2.709
3494.6;1.119
3495.1;0.165
3495.6;0.366
3496.1;1.099
3496.6;1.474
3497.1;0.792
3497.6;1.771
3498.1;1.436
3498.6;2.216
3499.1;2.675
3499.6;2.141
3500.1;2.083
3500.6;1.134
3501.1;0.872
3501.6;0.403
3502.1;1.001
3502.6;0.866
3503.1;1.122
3503.6;1.582
3504.1;1.536
3504.6;1.567
3505.1;0.979
3505.6;1.514
3506.1;1.61
3506.6;1.97
3507.1;1.652
3507.6;2.012
3508.1;1.252
3508.6;2.041
3509.1;1.853
3509.6;1.101
3510.1;1.517
3510.6;1.956
3511.1;2.808
3511.6;2.818
3512.1;3.024
3512.6;2.643
3513.1;2.312
3513.6;2.254
3514.1;1.489
3514.6;1.598
3515.1;1.048
3515.6;1.613
3516.1;1.819
3516.6;1.671
3517.1;1.185
3517.6;0.62
3518.1;1.013
3518.6;1.06
3519.1;1.423
3519.6;0.985
3520.1;1.049
3520.6;1.768
3521.1;1.022
3521.6;1.69
3522.1;0.981
3522.6;0.44
3523.1;0.675
3523.6;0.982
3524.1;1.598
3524.6;1.354
3525.1;2.31
3525.6;2.087
3526.1;2.587
3526.6;2.164
3527.1;1.981
3527.6;1.207
3528.1;1.569
3528.6;2.211
3529.1;2.016
3529.6;2.673
3530.1;1.694
3530.6;2.811
3531.1;2.195
3531.6;2.733
3532.1;2.054
3532.6;1.905
3533.1;1.269
3533.6;1.208
3534.1;1.538
3534.6;1.843
3535.1;2.093
3535.6;1.706
3536.1;1.023
3536.6;0.628
3537.1;1.915
3537.6;2.665
3538.1;3.489
3538.6;2.782
3539.1;2.138
3539.6;2.1
3540.1;0.948
3540.6;1.651
3541.1;0.604
3541.6;0.397
3542.1;1.026
3542.6;1.163
3543.1;1.475
3543.6;2.464
3544.1;1.774
3544.6;1.995
3545.1;2.006
3545.6;0.908
3546.1;1.112
3546.6;0.811
3547.1;0.797
3547.6;0.62
3548.1;1.051
3548.6;0.594
3549.1;1.107
3549.6;0.786
3550.1;1.369
3550.6;1.43
3551.1;0.889
3551.6;1.161
3552.1;0.96
3552.6;0.805
3553.1;1.224
3553.6;1.07
3554.1;1.812
3554.6;1.066
3555.1;1.507
3555.6;1.057
3556.1;1.057
3556.6;0.521
3557.1;0.671
3557.6;0.916
3558.1;0.9
3558.6;0.436
3559.1;1.264
3559.6;1.696
3560.1;1.481
3560.6;1.005
3561.1;0.924
3561.6;0.833
3562.1;0.711
3562.6;1.305
3563.1;0.396
3563.6;0.862
3564.1;0.299
3564.6;0.667
3565.1;0.774
3565.6;1.422
3566.1;1.094
3566.6;0.759
3567.1;0.62
3567.6;0.122
3568.1;0.602
3568.6;0.699
3569.1;0.293
3569.6;0.598
3570.1;0.077
3570.6;0.594
3571.1;0.224
3571.6;0.874
3572.1;0.298
3572.6;0.812
3573.1;1.078
3573.6;0.476
3574.1;1.331
3574.6;0.808
3575.1;0.683
3575.6;0.173
3576.1;0.704
3576.6;0.137
3577.1;0.367
3577.6;0.449
3578.1;0.713
3578.6;1.112
3579.1;1.166
3579.6;0.388
3580.1;0.539
3580.6;0.483
3581.1;0.564
3581.6;0.113
3582.1;0.675
3582.6;1.234
3583.1;0.869
3583.6;1.338
3584.1;1.282
3584.6;0.498
3585.1;0.385
3585.6;0.457
3586.1;0.76
3586.6;1.012
3587.1;1.142
3587.6;1.845
3588.1;0.535
3588.6;1.029
3589.1;0.298
3589.6;0.14
3590.1;0.705
3590.6;0.569
3591.1;0.987
3591.6;1.284
3592.1;0.731
3592.6;0.898
3593.1;0.324
3593.6;0.274
3594.1;1.012
3594.6;0.971
3595.1;1.917
3595.6;1.375
3596.1;1.22
3596.6;1.195
3597.1;0.833
3597.6;0.625
3598.1;0.659
3598.6;0.852
3599.1;0.786
3599.6;0.21
3600.1;0.216
3600.6;0.532
3601.1;0.304
3601.6;0.313
3602.1;0.591
3602.6;1.063
3603.1;1.252
3603.6;1.4
3604.1;0.704
3604.6;0.337
3605.1;0.73
3605.6;1.449
3606.1;1.362
3606.6;1.774
3607.1;1.915
3607.6;1.348
3608.1;1.331
3608.6;1.434
3609.1;1.33
3609.6;1.055
3610.1;0.892
3610.6;0.411
3611.1;1.905
3611.6;1.748
3612.1;1.808
3612.6;2.085
3613.1;1.088
3613.6;0.118
3614.1;1.045
3614.6;0.511
3615.1;0.748
3615.6;0.864
3616.1;0.407
3616.6;0.514
3617.1;1.345
3617.6;1.338
3618.1;0.096
3618.6;0.703
3619.1;0.713
3619.6;0.417
3620.1;0.318
3620.6;0.519
3621.1;0.862
3621.6;0.831
3622.1;0.547
3622.6;0.905
3623.1;0.637
3623.6;1.166
3624.1;0.531
3624.6;1.049
3625.1;1.169
3625.6;0.059
3626.1;1.064
3626.6;0.812
3627.1;0.66
3627.6;0.4
3628.1;0.747
3628.6;1.404
3629.1;1.03
3629.6;0.777
3630.1;1.878
3630.6;1.715
3631.1;0.197
3631.6;1.05
3632.1;1.533
3632.6;1.118
3633.1;1.094
3633.6;1.563
3634.1;0.147
3634.6;1.14
3635.1;0.752
3635.6;1.136
3636.1;0.96
3636.6;1.837
3637.1;0.561
3637.6;1.699
3638.1;1.379
3638.6;0.164
3639.1;0.731
3639.6;0.493
3640.1;0.961
3640.6;1.345
3641.1;0.57
3641.6;0.938
3642.1;0.858
3642.6;0.415
3643.1;0.379
3643.6;0.386
3644.1;0.742
3644.6;0.476
3645.1;1.151
3645.6;1.25
3646.1;1.107
3646.6;2.105
3647.1;0.562
3647.6;1.25
3648.1;0.709
3648.6;0.92
3649.1;1.368
3649.6;1.784
3650.1;0.382
3650.6;1.191
3651.1;0.772
3651.6;0.441
3652.1;0.939
3652.6;0.585
3653.1;0.872
3653.6;0.862
3654.1;0.809
3654.6;1.256
3655.1;0.461
3655.6;0.914
3656.1;0.773
3656.6;1.082
3657.1;0.255
3657.6;0.641
3658.1;0.435
3658.6;0.89
3659.1;0.393
3659.6;0.118
3660.1;0.257
3660.6;0.176
3661.1;0.215
3661.6;0.237
3662.1;0.531
3662.6;0.269
3663.1;0.602
3663.6;0.393
3664.1;0.622
3664.6;0.449
3665.1;0.595
3665.6;0.61
3666.1;1.074
3666.6;0.935
3667.1;0.876
3667.6;0.598
3668.1;0.719
3668.6;0.574
3669.1;1.252
3669.6;1.502
3670.1;1.569
3670.6;1.206
3671.1;0.909
3671.6;0.884
3672.1;1.223
3672.6;1.598
3673.1;1.317
3673.6;1.414
3674.1;0.881
3674.6;0.701
3675.1;0.427
3675.6;0.31
3676.1;0.63
3676.6;0.681
3677.1;0.87
3677.6;1.336
3678.1;0.972
3678.6;0.955
3679.1;1.092
3679.6;0.761
3680.1;1.053
3680.6;0.801
3681.1;0.825
3681.6;0.59
3682.1;0.762
3682.6;0.738
3683.1;0.538
3683.6;0.74
3684.1;2.076
3684.6;1.692
3685.1;0.786
3685.6;1.878
3686.1;0.598
3686.6;1.624
3687.1;2.162
3687.6;1.539
3688.1;1.162
3688.6;1.149
3689.1;0.306
3689.6;0.398
3690.1;0.137
3690.6;0.443
3691.1;0.351
3691.6;0.665
3692.1;1.065
3692.6;1.393
3693.1;0.974
3693.6;1.305
3694.1;1.104
3694.6;0.826
3695.1;0.084
3695.6;0.483
3696.1;0.479
3696.6;1.353
3697.1;0.774
3697.6;0.785
3698.1;0.204
3698.6;1.03
3699.1;0.136
3699.6;1.642
3700.1;1.039
3700.6;0.906
3701.1;0.232
3701.6;0.601
3702.1;0.504
3702.6;0.905
3703.1;0.78
3703.6;1.136
3704.1;0.47
3704.6;1.231
3705.1;0.596
3705.6;1.036
3706.1;0.735
3706.6;1.742
3707.1;0.504
3707.6;1.163
3708.1;0.607
3708.6;0.675
3709.1;0.641
3709.6;0.865
3710.1;0.839
3710.6;1.581
3711.1;1.2
3711.6;1.147
3712.1;0.673
3712.6;0.539
3713.1;1.227
3713.6;2.251
3714.1;1.357
3714.6;1.111
3715.1;2.058
3715.6;0.927
3716.1;1.067
3716.6;1.171
3717.1;0.712
3717.6;0.312
3718.1;0.818
3718.6;0.649
3719.1;1.295
3719.6;1.648
3720.1;0.924
3720.6;0.899
3721.1;0.815
3721.6;0.813
3722.1;0.786
3722.6;0.464
3723.1;0.69
3723.6;0.345
3724.1;0.637
3724.6;0.589
3725.1;0.512
3725.6;0.429
3726.1;0.378
3726.6;1.552
3727.1;1.465
3727.6;0.922
3728.1;0.802
3728.6;0.15
3729.1;0.883
3729.6;1.295
3730.1;1.201
3730.6;0.919
3731.1;0.946
3731.6;1.079
3732.1;2.007
3732.6;1.764
3733.1;1.477
3733.6;1.227
3734.1;0.671
3734.6;1.25
3735.1;1.693
3735.6;1.905
3736.1;1.94
3736.6;1.745
3737.1;0.935
3737.6;1.935
3738.1;1.699
3738.6;1.521
3739.1;1.649
3739.6;0.999
3740.1;0.446
3740.6;1.519
3741.1;1.292
3741.6;0.63
3742.1;2.428
3742.6;1.379
3743.1;0.965
3743.6;1.699
3744.1;1.339
3744.6;0.463
3745.1;2.356
3745.6;1.668
3746.1;0.409
3746.6;0.693
3747.1;1.216
3747.6;1.346
3748.1;0.971
3748.6;1.28
3749.1;0.615
3749.6;1.243
3750.1;0.931
3750.6;0.166
3751.1;0.637
3751.6;1.665
3752.1;0.838
3752.6;1.861
3753.1;1.433
3753.6;0.576
3754.1;1.711
3754.6;0.929
3755.1;0.742
3755.6;0.556
3756.1;0.916
3756.6;0.756
3757.1;2.116
3757.6;1.779
3758.1;1.1
3758.6;0.943
3759.1;1.3
3759.6;1.578
3760.1;2.302
3760.6;2.606
3761.1;2.264
3761.6;1.974
3762.1;3.233
3762.6;1.755
3763.1;2.613
3763.6;3.306
3764.1;1.387
3764.6;1.51
3765.1;2.137
3765.6;1.347
3766.1;1.753
3766.6;2.559
3767.1;2.807
3767.6;2.267
3768.1;3.131
3768.6;3.04
3769.1;2.435
3769.6;3.243
3770.1;2.771
3770.6;2.102
3771.1;2.678
3771.6;2.215
3772.1;3.292
3772.6;2.876
3773.1;2.637
3773.6;1.846
3774.1;1.786
3774.6;2.426
3775.1;1.078
3775.6;0.912
3776.1;0.673
3776.6;1.486
3777.1;2.959
3777.6;2.318
3778.1;1.821
3778.6;2.165
3779.1;1.05
3779.6;1.761
3780.1;1.081
3780.6;2.176
3781.1;1.616
3781.6;1.094
3782.1;0.3
3782.6;1.477
3783.1;1.075
3783.6;1.279
3784.1;2.014
3784.6;0.134
3785.1;1.554
3785.6;1.599
3786.1;0.629
3786.6;1.592
3787.1;1.328
3787.6;0.817
3788.1;0.528
3788.6;0.193
3789.1;0.734
3789.6;0.934
3790.1;0.448
3790.6;1.655
3791.1;0.999
3791.6;1.229
3792.1;1.925
3792.6;0.648
3793.1;0.298
3793.6;0.727
3794.1;0.328
3794.6;0.75
3795.1;0.71
3795.6;1.277
3796.1;1.357
3796.6;1.222
3797.1;0.994
3797.6;1.177
3798.1;0.576
3798.6;1.208
3799.1;1.335
3799.6;1.041
3800.1;1.229
3800.6;0.684
3801.1;0.411
3801.6;1.207
3802.1;0.944
3802.6;2.008
3803.1;1.953
3803.6;1.37
3804.1;1.414
3804.6;0.247
3805.1;0.669
3805.6;0.766
3806.1;0.943
3806.6;0.64
3807.1;0.685
3807.6;0.483
3808.1;1.053
3808.6;0.93
3809.1;0.399
3809.6;0.704
3810.1;0.114
3810.6;0.356
3811.1;0.736
3811.6;0.565
3812.1;0.349
3812.6;0.75
3813.1;0.685
3813.6;0.69
3814.1;0.796
3814.6;0.598
3815.1;0.188
3815.6;0.961
3816.1;0.656
3816.6;0.858
3817.1;0.777
3817.6;0.796
3818.1;0.841
3818.6;0.967
3819.1;0.916
3819.6;1.167
3820.1;1.136
3820.6;0.941
3821.1;0.961
3821.6;0.837
3822.1;0.76
3822.6;0.859
3823.1;0.797
3823.6;0.407
3824.1;0.352
3824.6;0.442
3825.1;0.452
3825.6;0.752
3826.1;0.762
3826.6;0.7
3827.1;0.198
3827.6;0.621
3828.1;0.262
3828.6;0.389
3829.1;0.668
3829.6;0.629
3830.1;0.447
3830.6;0.694
3831.1;1.121
3831.6;1.258
3832.1;1.491
3832.6;1.599
3833.1;1.044
3833.6;0.979
3834.1;1.176
3834.6;0.352
3835.1;0.597
3835.6;0.377
3836.1;1.775
3836.6;1.218
3837.1;0.553
3837.6;0.885
3838.1;1.315
3838.6;0.664
3839.1;1.85
3839.6;1.467
3840.1;1.2
3840.6;1.394
3841.1;0.325
3841.6;0.688
3842.1;0.669
3842.6;0.915
3843.1;0.636
3843.6;0.106
3844.1;0.445
3844.6;1.151
3845.1;1.261
3845.6;1.151
3846.1;1.807
3846.6;2.049
3847.1;1.206
3847.6;1.327
3848.1;1.022
3848.6;0.555
3849.1;0.677
3849.6;1.2
3850.1;1.644
3850.6;0.46
3851.1;2.005
3851.6;2.004
3852.1;0.82
3852.6;0.497
3853.1;1.766
3853.6;1.298
3854.1;0.011
3854.6;0.973
3855.1;0.955
3855.6;0.76
3856.1;0.788
3856.6;0.496
3857.1;0.34
3857.6;0.733
3858.1;0.064
3858.6;0.593
3859.1;0.724
3859.6;0.61
3860.1;0.79
3860.6;1.511
3861.1;1.122
3861.6;1.112
3862.1;0.995
3862.6;0.586
3863.1;0.389
3863.6;0.338
3864.1;0.491
3864.6;0.941
3865.1;1.1
3865.6;0.787
3866.1;0.709
3866.6;1.247
3867.1;0.75
3867.6;1.453
3868.1;1.622
3868.6;1.356
3869.1;0.938
3869.6;0.278
3870.1;0.694
3870.6;0.864
3871.1;1.468
3871.6;1.384
3872.1;1.731
3872.6;1.653
3873.1;1.743
3873.6;1.333
3874.1;1.37
3874.6;0.992
3875.1;0.431
3875.6;0.261
3876.1;0.488
3876.6;1.073
3877.1;1.699
3877.6;2.337
3878.1;2.241
3878.6;2.328
3879.1;2.362
3879.6;1.355
3880.1;0.973
3880.6;0.937
3881.1;0.97
3881.6;0.84
3882.1;0.789
3882.6;0.982
3883.1;0.441
3883.6;0.362
3884.1;0.108
3884.6;0.742
3885.1;1.232
3885.6;1.347
3886.1;1.047
3886.6;1.07
3887.1;0.965
3887.6;0.08
3888.1;0.5
3888.6;0.135
3889.1;0.647
3889.6;0.733
3890.1;1.364
3890.6;1.353
3891.1;1.728
3891.6;1.588
3892.1;0.844
3892.6;0.683
3893.1;0.792
3893.6;0.591
3894.1;1.107
3894.6;1.288
3895.1;0.766
3895.6;0.937
3896.1;0.845
3896.6;0.304
3897.1;0.22
3897.6;0.868
3898.1;0.8
3898.6;0.868
3899.1;1.406
3899.6;1.088
3900.1;1.181
3900.6;0.721
3901.1;0.532
3901.6;1.024
3902.1;0.375
3902.6;0.528
3903.1;0.403
3903.6;0.835
3904.1;1.376
3904.6;1.549
3905.1;1.848
3905.6;1.638
3906.1;1.59
3906.6;1.813
3907.1;1.009
3907.6;1.357
3908.1;1.367
3908.6;0.772
3909.1;1.059
3909.6;0.525
3910.1;0.6
3910.6;1.05
3911.1;1.342
3911.6;1.185
3912.1;1.427
3912.6;0.64
3913.1;0.334
3913.6;0.95
3914.1;0.644
3914.6;0.662
3915.1;0.888
3915.6;0.906
3916.1;0.461
3916.6;0.824
3917.1;0.38
3917.6;0.292
3918.1;0.149
3918.6;1.076
3919.1;0.785
3919.6;1.054
3920.1;1.838
3920.6;1.849
3921.1;2.257
3921.6;2.078
3922.1;1.69
3922.6;1.528
3923.1;1.146
3923.6;0.827
3924.1;1.091
3924.6;1.199
3925.1;1.035
3925.6;1.22
3926.1;1.11
3926.6;1.893
3927.1;2.303
3927.6;1.442
3928.1;1.075
3928.6;0.961
3929.1;0.561
3929.6;0.36
3930.1;0.847
3930.6;1.236
3931.1;1.094
3931.6;1.239
3932.1;1.888
3932.6;2.225
3933.1;1.846
3933.6;1.892
3934.1;1.691
3934.6;1.341
3935.1;1.545
3935.6;1.221
3936.1;1.286
3936.6;1.406
3937.1;0.902
3937.6;1.41
3938.1;0.952
3938.6;1.699
3939.1;1.934
3939.6;1.086
3940.1;0.909
3940.6;0.48
3941.1;0.679
3941.6;0.324
3942.1;0.657
3942.6;0.373
3943.1;1.495
3943.6;2.568
3944.1;3.818
3944.6;3.814
3945.1;3.521
3945.6;2.632
3946.1;1.358
3946.6;1.344
3947.1;2.065
3947.6;1.73
3948.1;1.091
3948.6;0.491
3949.1;0.854
3949.6;1.291
3950.1;1.705
3950.6;1.849
3951.1;1.336
3951.6;1.325
3952.1;1.267
3952.6;1.548
3953.1;1.64
3953.6;1.15
3954.1;0.285
3954.6;1.096
3955.1;2.004
3955.6;1.914
3956.1;1.698
3956.6;1.038
3957.1;0.478
3957.6;1.091
3958.1;1.537
3958.6;1.505
3959.1;1.353
3959.6;1.121
3960.1;0.926
3960.6;0.625
3961.1;0.584
3961.6;0.592
3962.1;1.457
3962.6;1.325
3963.1;1.111
3963.6;0.838
3964.1;1.078
3964.6;1.2
3965.1;2.314
3965.6;2.892
3966.1;2.482
3966.6;3.01
3967.1;2.792
3967.6;2.478
3968.1;2.664
3968.6;2.202
3969.1;1.855
3969.6;1.561
3970.1;1.051
3970.6;1.156
3971.1;1.111
3971.6;1.204
3972.1;1.432
3972.6;1.966
3973.1;2.538
3973.6;2.264
3974.1;2.552
3974.6;2.418
3975.1;0.991
3975.6;0.656
3976.1;0.181
3976.6;1.052
3977.1;1.809
3977.6;1.553
3978.1;1.52
3978.6;1.05
3979.1;1.618
3979.6;2.106
3980.1;2.848
3980.6;2.449
3981.1;1.301
3981.6;0.944
3982.1;1.586
3982.6;2.581
3983.1;2.205
3983.6;2.893
3984.1;2.395
3984.6;1.532
3985.1;1.814
3985.6;2.18
3986.1;3.192
3986.6;3.071
3987.1;3.017
3987.6;2.526
3988.1;0.823
3988.6;1.104
3989.1;0.604
3989.6;0.77
3990.1;0.703
3990.6;1.653
3991.1;1.769
3991.6;2.306
3992.1;2.305
3992.6;1.789
3993.1;2.427
3993.6;1.989
3994.1;1.702
3994.6;1.116
3995.1;1.298
3995.6;1.313
3996.1;2.32
3996.6;2.247
3997.1;1.588
3997.6;1.278
3998.1;0.48
3998.6;0.83
3999.1;1.254
3999.6;1.097
4000.1;1.536
4000.6;1.857
4001.1;1.619
4001.6;1.424
4002.1;0.445
4002.6;0.661
4003.1;0.744
4003.6;1.391
4004.1;1.666
4004.6;1.276
4005.1;1.057
4005.6;0.567
4006.1;0.549
4006.6;1.08
4007.1;1.509
4007.6;1.08
4008.1;1.315
4008.6;0.818
4009.1;0.688
4009.6;0.261
4010.1;0.776
4010.6;0.595
4011.1;0.651
4011.6;0.58
4012.1;0.628
4012.6;0.654
4013.1;0.795
4013.6;1.378
4014.1;1.051
4014.6;1.078
4015.1;0.99
4015.6;1.615
4016.1;1.854
4016.6;2.043
4017.1;1.778
4017.6;1.256
4018.1;1.308
4018.6;1.212
4019.1;0.884
4019.6;0.641
4020.1;0.998
4020.6;1.227
4021.1;1.162
4021.6;1.286
4022.1;0.846
4022.6;0.243
4023.1;0.412
4023.6;1.466
4024.1;1.882
4024.6;1.635
4025.1;1.3
4025.6;1.047
4026.1;0.533
4026.6;0.391
4027.1;0.314
4027.6;1.001
4028.1;0.594
4028.6;0.831
4029.1;0.554
4029.6;0.835
4030.1;0.77
4030.6;0.901
4031.1;1.077
4031.6;1.104
4032.1;1.665
4032.6;1.461
4033.1;0.821
4033.6;0.885
4034.1;0.298
4034.6;0.283
4035.1;0.082
4035.6;0.626
4036.1;0.827
4036.6;0.865
4037.1;0.477
4037.6;0.217
4038.1;0.711
4038.6;1.508
4039.1;1.663
4039.6;1.582
4040.1;1.369
4040.6;0.988
4041.1;0.848
4041.6;0.865
4042.1;0.804
4042.6;1.199
4043.1;1.699
4043.6;1.56
4044.1;1.332
4044.6;0.991
4045.1;0.678
4045.6;0.393
4046.1;0.68
4046.6;0.869
4047.1;0.92
4047.6;0.716
4048.1;0.63
4048.6;0.834
4049.1;1.302
4049.6;1.446
4050.1;1.599
4050.6;2.026
4051.1;1.5
4051.6;1.401
4052.1;1.15
4052.6;0.343
4053.1;0.06
4053.6;0.266
4054.1;0.59
4054.6;1.209
4055.1;1.046
4055.6;0.718
4056.1;0.96
4056.6;0.869
4057.1;0.812
4057.6;1.003
4058.1;0.507
4058.6;0.902
4059.1;1.215
4059.6;0.68
4060.1;0.919
4060.6;0.18
4061.1;0.408
4061.6;0.79
4062.1;1.274
4062.6;1.254
4063.1;1.737
4063.6;1.563
4064.1;2.138
4064.6;2.043
4065.1;1.007
4065.6;1.281
4066.1;0.164
4066.6;0.98
4067.1;0.522
4067.6;1.346
4068.1;0.975
4068.6;1.042
4069.1;1.257
4069.6;1.268
4070.1;1.204
4070.6;0.722
4071.1;0.893
4071.6;0.58
4072.1;0.37
4072.6;0.211
4073.1;0.364
4073.6;0.749
4074.1;0.939
4074.6;1.315
4075.1;1.171
4075.6;1.202
4076.1;0.758
4076.6;0.997
4077.1;0.691
4077.6;0.597
4078.1;0.435
4078.6;0.546
4079.1;0.708
4079.6;0.555
4080.1;1.308
4080.6;1.183
4081.1;1.386
4081.6;1.461
4082.1;0.91
4082.6;0.329
4083.1;0.581
4083.6;0.686
4084.1;1.476
4084.6;1.973
4085.1;1.455
4085.6;1.502
4086.1;0.986
4086.6;0.598
4087.1;0.206
4087.6;0.352
4088.1;0.46
4088.6;0.147
4089.1;0.26
4089.6;0.636
4090.1;0.849
4090.6;0.806
4091.1;0.869
4091.6;0.724
4092.1;0.436
4092.6;0.62
4093.1;0.655
4093.6;0.53
4094.1;0.723
4094.6;0.995
4095.1;1.196
4095.6;1.108
4096.1;1.085
4096.6;0.934
4097.1;0.763
4097.6;0.347
4098.1;0.582
4098.6;0.583
4099.1;0.628
4099.6;1.077
4100.1;0.684
4100.6;0.488
4101.1;0.935
4101.6;0.724
4102.1;0.384
4102.6;0.188
4103.1;0.633
4103.6;0.879
4104.1;0.82
4104.6;1.426
4105.1;1.052
4105.6;1.26
4106.1;1.324
4106.6;1.089
4107.1;1.637
4107.6;1.358
4108.1;1.588
4108.6;0.694
4109.1;0.258
4109.6;0.422
4110.1;1.352
4110.6;1.058
4111.1;0.379
4111.6;0.454
4112.1;0.891
4112.6;1.212
4113.1;1.341
4113.6;1.119
4114.1;0.543
4114.6;0.899
4115.1;0.59
4115.6;1.262
4116.1;0.891
4116.6;0.208
4117.1;0.322
4117.6;0.491
4118.1;0.806
4118.6;1.459
4119.1;1.387
4119.6;1.125
4120.1;1.005
4120.6;1.105
4121.1;1.09
4121.6;1.25
4122.1;1.314
4122.6;0.612
4123.1;0.239
4123.6;0.116
4124.1;0.525
4124.6;0.525
4125.1;0.135
4125.6;0.101
4126.1;0.412
4126.6;0.902
4127.1;0.721
4127.6;0.915
4128.1;0.857
4128.6;0.33
4129.1;0.333
4129.6;0.547
4130.1;0.765
4130.6;0.671
4131.1;0.524
4131.6;0.19
4132.1;0.065
4132.6;0.213
4133.1;0.466
4133.6;0.573
4134.1;0.486
4134.6;0.393
4135.1;0.537
4135.6;0.822
4136.1;0.396
4136.6;0.568
4137.1;0.151
4137.6;0.407
4138.1;0.168
4138.6;0.322
4139.1;0.213
4139.6;0.483
4140.1;0.106
4140.6;0.542
4141.1;0.15
4141.6;0.544
4142.1;0.831
4142.6;1.188
4143.1;0.932
4143.6;0.609
4144.1;0.549
4144.6;0.1
4145.1;0.445
4145.6;0.071
4146.1;0.321
4146.6;0.333
4147.1;0.588
4147.6;0.798
4148.1;1.372
4148.6;0.614
4149.1;0.315
4149.6;0.127
4150.1;0.569
4150.6;0.618
4151.1;0.518
4151.6;0.527
4152.1;0.274
4152.6;0.4
4153.1;0.304
4153.6;0.392
4154.1;0.045
4154.6;0.243
4155.1;0.162
4155.6;0.538
4156.1;0.181
4156.6;0.656
4157.1;0.277
4157.6;0.242
4158.1;0.384
4158.6;0.252
4159.1;0.142
4159.6;0.459
4160.1;0.373
4160.6;0.129
4161.1;0.148
4161.6;0.435
4162.1;0.139
4162.6;0.444
4163.1;0.548
4163.6;0.868
4164.1;0.938
4164.6;0.394
4165.1;0.52
4165.6;0.352
4166.1;1.121
4166.6;0.583
4167.1;0.74
4167.6;0.498
4168.1;0.604
4168.6;0.707
4169.1;0.534
4169.6;0.471
4170.1;0.393
4170.6;0.308
4171.1;0.756
4171.6;0.807
4172.1;0.569
4172.6;0.782
4173.1;0.339
4173.6;0.758
4174.1;0.607
4174.6;0.86
4175.1;0.997
4175.6;0.419
4176.1;0.524
4176.6;0.138
4177.1;0.448
4177.6;0.382
4178.1;0.53
4178.6;0.198
4179.1;0.583
4179.6;0.994
4180.1;0.861
4180.6;0.346
4181.1;0.285
4181.6;0.604
4182.1;1.297
4182.6;1.03
4183.1;0.934
4183.6;0.792
4184.1;0.124
4184.6;0.575
4185.1;0.113
4185.6;0.492
4186.1;0.326
4186.6;1.102
4187.1;0.871
4187.6;1.251
4188.1;0.899
4188.6;0.795
4189.1;1.182
4189.6;0.738
4190.1;1.251
4190.6;0.777
4191.1;1.289
4191.6;1.087
4192.1;1.201
4192.6;0.977
4193.1;0.555
4193.6;0.384
4194.1;0.342
4194.6;0.624
4195.1;0.938
4195.6;1.464
4196.1;0.961
4196.6;0.839
4197.1;0.722
4197.6;0.953
4198.1;1.371
4198.6;0.946
4199.1;0.846
4199.6;0.385
4200.1;0.65
4200.6;0.978
4201.1;0.436
4201.6;0.568
4202.1;0.468
4202.6;0.826
4203.1;0.939
4203.6;1.204
4204.1;0.969
4204.6;1.492
4205.1;1.434
4205.6;1.604
4206.1;1.461
4206.6;1.133
4207.1;1.343
4207.6;1.243
4208.1;1.617
4208.6;0.951
4209.1;0.645
4209.6;0.288
4210.1;0.659
4210.6;0.467
4211.1;0.245
4211.6;0.142
4212.1;0.569
4212.6;0.87
4213.1;0.964
4213.6;0.902
4214.1;0.784
4214.6;0.888
4215.1;0.929
4215.6;1.116
4216.1;0.957
4216.6;0.844
4217.1;0.938
4217.6;0.394
4218.1;0.74
4218.6;0.525
4219.1;0.94
4219.6;0.455
4220.1;0.827
4220.6;0.522
4221.1;1.069
4221.6;0.71
4222.1;1.39
4222.6;0.49
4223.1;0.78
4223.6;0.897
4224.1;1.026
4224.6;1.281
4225.1;0.433
4225.6;0.726
4226.1;0.525
4226.6;1.461
4227.1;1.034
4227.6;1.455
4228.1;1.129
4228.6;0.785
4229.1;0.58
4229.6;0.343
4230.1;0.493
4230.6;0.733
4231.1;0.395
4231.6;0.342
4232.1;0.524
4232.6;0.565
4233.1;0.637
4233.6;0.209
4234.1;0.163
4234.6;0.174
4235.1;0.61
4235.6;0.68
4236.1;0.311
4236.6;0.562
4237.1;0.271
4237.6;0.254
4238.1;0.306
4238.6;0.447
4239.1;0.597
4239.6;0.496
4240.1;0.375
4240.6;0.414
4241.1;0.253
4241.6;0.203
4242.1;0.199
4242.6;0.066
4243.1;0.148
4243.6;0.279
4244.1;0.162
4244.6;0.141
4245.1;0.123
4245.6;0.342
4246.1;0.177
4246.6;0.351
4247.1;0.187
4247.6;0.498
4248.1;0.431
4248.6;0.469
4249.1;0.828
4249.6;0.259
4250.1;0.711
4250.6;0.417
4251.1;0.461
4251.6;0.605
4252.1;0.31
4252.6;0.96
4253.1;0.54
4253.6;0.552
4254.1;0.484
4254.6;0.63
4255.1;1.137
4255.6;0.411
4256.1;0.823
4256.6;0.947
4257.1;0.362
4257.6;0.199
4258.1;0.696
4258.6;0.147
4259.1;0.755
4259.6;0.218
4260.1;0.851
4260.6;0.448
4261.1;1.009
4261.6;1.084
4262.1;0.894
4262.6;0.886
4263.1;0.721
4263.6;1.236
4264.1;0.943
4264.6;1.251
4265.1;0.502
4265.6;1.114
4266.1;0.262
4266.6;1.068
4267.1;0.76
4267.6;0.927
4268.1;1.23
4268.6;0.958
4269.1;1.209
4269.6;0.655
4270.1;0.691
4270.6;0.242
4271.1;1.282
4271.6;0.338
4272.1;1.265
4272.6;1.461
4273.1;0.571
4273.6;1.065
4274.1;0.701
4274.6;0.938
4275.1;0.602
4275.6;0.57
4276.1;0.389
4276.6;0.839
4277.1;0.192
4277.6;0.519
4278.1;0.56
4278.6;0.392
4279.1;0.404
4279.6;0.489
4280.1;0.636
4280.6;0.285
4281.1;0.398
4281.6;0.505
4282.1;0.688
4282.6;0.624
4283.1;0.397
4283.6;0.42
4284.1;0.464
4284.6;0.408
4285.1;0.751
4285.6;0.778
4286.1;0.29
4286.6;0.19
4287.1;0.265
4287.6;0.627
4288.1;0.867
4288.6;0.289
4289.1;0.249
4289.6;0.427
4290.1;0.487
4290.6;0.67
4291.1;0.309
4291.6;0.472
4292.1;0.44
4292.6;0.124
4293.1;0.362
4293.6;0.427
4294.1;0.813
4294.6;0.753
4295.1;0.668
4295.6;0.86
4296.1;0.81
4296.6;0.318
4297.1;0.123
4297.6;0.364
4298.1;0.314
4298.6;0.304
4299.1;0.551
4299.6;0.409
4300.1;0.484
4300.6;0.66
4301.1;0.558
4301.6;0.628
4302.1;0.529
4302.6;0.518
4303.1;0.458
4303.6;0.518
4304.1;0.407
4304.6;0.662
4305.1;0.55
4305.6;0.537
4306.1;0.154
4306.6;0.218
4307.1;0.074
4307.6;0.357
4308.1;0.272
4308.6;0.655
4309.1;0.865
4309.6;0.16
4310.1;0.621
4310.6;0.1
4311.1;0.693
4311.6;0.454
4312.1;0.851
4312.6;0.637
4313.1;0.228
4313.6;0.47
4314.1;0.567
4314.6;0.367
4315.1;0.544
4315.6;0.395
4316.1;0.636
4316.6;0.559
4317.1;0.363
4317.6;0.319
4318.1;0.296
4318.6;0.409
4319.1;0.393
4319.6;0.173
4320.1;0.275
4320.6;0.398
4321.1;0.417
4321.6;0.583
4322.1;0.375
4322.6;0.247
4323.1;0.092
4323.6;0.644
4324.1;0.705
4324.6;0.701
4325.1;0.644
4325.6;0.308
4326.1;0.525
4326.6;0.886
4327.1;0.919
4327.6;0.55
4328.1;0.709
4328.6;0.462
4329.1;0.946
4329.6;0.492
4330.1;1.177
4330.6;0.546
4331.1;1.277
4331.6;0.963
4332.1;0.393
4332.6;0.876
4333.1;0.686
4333.6;1.204
4334.1;0.719
4334.6;0.875
4335.1;0.562
4335.6;0.936
4336.1;0.503
4336.6;1.327
4337.1;1.251
4337.6;0.85
4338.1;1.304
4338.6;0.532
4339.1;1.402
4339.6;0.365
4340.1;1.232
4340.6;0.275
4341.1;0.877
4341.6;0.571
4342.1;0.69
4342.6;0.648
4343.1;0.408
4343.6;0.458
4344.1;0.106
4344.6;0.681
4345.1;0.488
4345.6;0.554
4346.1;0.523
4346.6;0.181
4347.1;0.419
4347.6;0.579
4348.1;0.634
4348.6;0.485
4349.1;1.264
4349.6;0.892
4350.1;0.569
4350.6;0.423
4351.1;0.188
4351.6;0.667
4352.1;1.141
4352.6;0.785
4353.1;1.023
4353.6;1.421
4354.1;0.563
4354.6;0.512
4355.1;0.556
4355.6;0.371
4356.1;0.332
4356.6;0.17
4357.1;0.373
4357.6;0.58
4358.1;0.647
4358.6;0.253
4359.1;0.494
4359.6;0.667
4360.1;0.453
4360.6;0.304
4361.1;0.669
4361.6;0.306
4362.1;0.467
4362.6;0.531
4363.1;0.1
4363.6;0.367
4364.1;0.456
4364.6;0.207
4365.1;0.28
4365.6;0.218
4366.1;0.106
4366.6;0.189
4367.1;0.616
4367.6;0.252
4368.1;0.904
4368.6;0.645
4369.1;0.389
4369.6;0.686
4370.1;0.528
4370.6;0.502
4371.1;0.216
4371.6;0.419
4372.1;0.12
4372.6;0.271
4373.1;0.479
4373.6;0.38
4374.1;0.823
4374.6;0.09
4375.1;0.754
4375.6;0.438
4376.1;0.744
4376.6;0.342
4377.1;0.691
4377.6;0.381
4378.1;0.892
4378.6;0.587
4379.1;0.455
4379.6;0.479
4380.1;0.291
4380.6;0.413
4381.1;0.385
4381.6;0.425
4382.1;0.173
4382.6;0.128
4383.1;0.45
4383.6;0.267
4384.1;0.48
4384.6;0.887
4385.1;0.392
4385.6;0.309
4386.1;0.665
4386.6;0.297
4387.1;0.177
4387.6;0.105
4388.1;0.271
4388.6;0.138
4389.1;0.126
4389.6;0.505
4390.1;0.731
4390.6;0.522
4391.1;0.423
4391.6;0.503
4392.1;0.284
4392.6;0.533
4393.1;0.403
4393.6;0.578
4394.1;0.66
4394.6;0.344
4395.1;0.421
4395.6;0.254
4396.1;0.447
4396.6;0.342
4397.1;0.285
4397.6;0.458
4398.1;0.37
4398.6;0.758
4399.1;0.428
4399.6;0.028
4400.1;0.138
4400.6;0.676
4401.1;0.559
4401.6;0.694
4402.1;0.937
4402.6;0.327
4403.1;0.433
4403.6;0.672
4404.1;0.248
4404.6;0.437
4405.1;0.168
4405.6;0.32
4406.1;0.242
4406.6;0.779
4407.1;0.296
4407.6;0.893
4408.1;0.761
4408.6;0.482
4409.1;0.878
4409.6;0.183
4410.1;0.579
4410.6;0.242
4411.1;0.742
4411.6;0.288
4412.1;0.932
4412.6;0.251
4413.1;1.184
4413.6;0.74
4414.1;0.505
4414.6;1.114
4415.1;0.376
4415.6;0.963
4416.1;0.329
4416.6;1.059
4417.1;0.593
4417.6;0.985
4418.1;1.066
4418.6;0.648
4419.1;1.015
4419.6;0.044
4420.1;0.48
4420.6;0.264
4421.1;1.143
4421.6;0.521
4422.1;1.041
4422.6;1.06
4423.1;0.534
4423.6;1.31
4424.1;0.507
4424.6;0.971
4425.1;0.392
4425.6;0.628
4426.1;0.437
4426.6;0.103
4427.1;0.11
4427.6;0.609
4428.1;0.596
4428.6;0.35
4429.1;0.55
4429.6;0.31
4430.1;0.708
4430.6;0.692
4431.1;0.535
4431.6;0.861
4432.1;0.212
4432.6;0.578
4433.1;0.191
4433.6;0.766
4434.1;0.134
4434.6;1.017
4435.1;0.353
4435.6;0.681
4436.1;0.803
4436.6;0.41
4437.1;0.575
4437.6;0.652
4438.1;0.706
4438.6;0.816
4439.1;0.803
4439.6;0.623
4440.1;0.866
4440.6;1.149
4441.1;0.794
4441.6;1.22
4442.1;1.16
4442.6;0.715
4443.1;0.167
4443.6;0.403
4444.1;0.318
4444.6;0.813
4445.1;0.724
4445.6;0.402
4446.1;0.248
4446.6;0.187
4447.1;0.622
4447.6;0.904
4448.1;0.649
4448.6;0.989
4449.1;0.913
4449.6;0.405
4450.1;0.53
4450.6;0.313
4451.1;0.377
4451.6;0.233
4452.1;0.68
4452.6;0.335
4453.1;0.657
4453.6;0.492
4454.1;0.109
4454.6;0.581
4455.1;0.425
4455.6;0.493
4456.1;0.668
4456.6;0.348
4457.1;0.366
4457.6;0.212
4458.1;0.23
4458.6;0.156
4459.1;0.495
4459.6;0.198
4460.1;0.327
4460.6;0.583
4461.1;0.178
4461.6;0.755
4462.1;0.227
4462.6;0.23
4463.1;0.296
4463.6;0.522
4464.1;0.836
4464.6;0.802
4465.1;0.238
4465.6;1.12
4466.1;0.978
4466.6;0.47
4467.1;0.214
4467.6;0.198
4468.1;0.394
4468.6;0.482
4469.1;0.489
4469.6;0.635
4470.1;0.76
4470.6;0.821
4471.1;1.009
4471.6;1.137
4472.1;0.631
4472.6;0.813
4473.1;0.733
4473.6;0.605
4474.1;0.537
4474.6;0.477
4475.1;0.541
4475.6;0.28
4476.1;0.681
4476.6;0.795
4477.1;1.031
4477.6;0.985
4478.1;0.862
4478.6;0.216
4479.1;0.421
4479.6;0.773
4480.1;0.594
4480.6;0.218
4481.1;0.385
4481.6;0.83
4482.1;0.803
4482.6;0.845
4483.1;0.591
4483.6;0.424
4484.1;0.333
4484.6;0.288
4485.1;0.501
4485.6;0.466
4486.1;0.6
4486.6;0.681
4487.1;0.624
4487.6;0.558
4488.1;0.553
4488.6;0.474
4489.1;0.978
4489.6;1.331
4490.1;1.355
4490.6;1.891
4491.1;1.236
4491.6;1.237
4492.1;0.805
4492.6;1.204
4493.1;1.074
4493.6;0.859
4494.1;0.871
4494.6;0.474
4495.1;0.189
4495.6;0.26
4496.1;0.352
4496.6;0.229
4497.1;0.959
4497.6;0.886
4498.1;0.61
4498.6;0.889
4499.1;0.432
4499.6;0.363
4500.1;0.325
4500.6;0.808
4501.1;0.606
4501.6;0.997
4502.1;1.026
4502.6;0.57
4503.1;0.864
4503.6;0.64
4504.1;0.564
4504.6;0.33
4505.1;0.2
4505.6;0.255
4506.1;0.542
4506.6;0.219
4507.1;0.744
4507.6;0.747
4508.1;0.21
4508.6;1.152
4509.1;0.656
4509.6;0.168
4510.1;0.433
4510.6;0.481
4511.1;0.27
4511.6;0.239
4512.1;0.511
4512.6;0.615
4513.1;0.624
4513.6;0.54
4514.1;0.849
4514.6;0.501
4515.1;0.447
4515.6;0.817
4516.1;0.444
4516.6;0.333
4517.1;0.604
4517.6;0.963
4518.1;0.393
4518.6;0.596
4519.1;1.184
4519.6;1.022
4520.1;0.183
4520.6;0.855
4521.1;1.049
4521.6;1.058
4522.1;0.428
4522.6;1.254
4523.1;0.988
4523.6;0.383
4524.1;0.33
4524.6;0.342
4525.1;0.784
4525.6;0.686
4526.1;0.94
4526.6;0.939
4527.1;0.121
4527.6;0.666
4528.1;0.623
4528.6;1.224
4529.1;1.23
4529.6;1.004
4530.1;1.567
4530.6;0.847
4531.1;1.723
4531.6;1.016
4532.1;0.867
4532.6;0.85
4533.1;1.34
4533.6;1.412
4534.1;0.989
4534.6;1.359
4535.1;1.03
4535.6;0.607
4536.1;0.706
4536.6;1.403
4537.1;1.706
4537.6;1.342
4538.1;1.92
4538.6;0.905
4539.1;0.663
4539.6;0.835
4540.1;0.302
4540.6;0.789
4541.1;0.83
4541.6;0.894
4542.1;1.305
4542.6;0.802
4543.1;0.202
4543.6;0.427
4544.1;0.419
4544.6;0.614
4545.1;0.542
4545.6;0.773
4546.1;0.456
4546.6;0.803
4547.1;0.808
4547.6;0.703
4548.1;0.886
4548.6;0.271
4549.1;0.102
4549.6;0.582
4550.1;0.91
4550.6;0.799
4551.1;0.481
4551.6;0.535
4552.1;0.829
4552.6;1.188
4553.1;1.396
4553.6;1.141
4554.1;0.743
4554.6;0.888
4555.1;0.849
4555.6;1.347
4556.1;0.668
4556.6;0.695
4557.1;0.386
4557.6;0.541
4558.1;1.085
4558.6;1.474
4559.1;0.417
4559.6;0.626
4560.1;0.319
4560.6;0.848
4561.1;1.038
4561.6;0.489
4562.1;1.194
4562.6;0.853
4563.1;0.295
4563.6;0.591
4564.1;0.83
4564.6;0.724
4565.1;0.731
4565.6;1.162
4566.1;0.186
4566.6;1.219
4567.1;0.823
4567.6;1.506
4568.1;1.468
4568.6;0.593
4569.1;0.817
4569.6;0.441
4570.1;0.76
4570.6;0.565
4571.1;0.885
4571.6;1.032
4572.1;1.181
4572.6;1.199
4573.1;1.106
4573.6;1.305
4574.1;0.933
4574.6;0.94
4575.1;0.967
4575.6;1.102
4576.1;0.535
4576.6;0.532
4577.1;1.21
4577.6;1.778
4578.1;1.726
4578.6;1.052
4579.1;0.833
4579.6;0.231
4580.1;0.457
4580.6;0.609
4581.1;0.939
4581.6;0.456
4582.1;0.937
4582.6;0.535
4583.1;1.211
4583.6;0.481
4584.1;0.624
4584.6;0.011
4585.1;0.802
4585.6;0.375
4586.1;0.658
4586.6;0.547
4587.1;0.202
4587.6;0.416
4588.1;0.623
4588.6;0.884
4589.1;0.307
4589.6;0.325
4590.1;0.493
4590.6;0.349
4591.1;0.159
4591.6;0.226
4592.1;0.377
4592.6;0.43
4593.1;0.529
4593.6;0.395
4594.1;0.518
4594.6;0.452
4595.1;0.569
4595.6;0.337
4596.1;0.108
4596.6;0.218
4597.1;0.315
4597.6;0.24
4598.1;0.14
4598.6;0.249
4599.1;0.472
4599.6;0.163
4600.1;0.351
4600.6;0.659
4601.1;0.244
4601.6;0.301
4602.1;0.243
4602.6;0.583
4603.1;0.577
4603.6;1.156
4604.1;1.045
4604.6;0.578
4605.1;0.424
4605.6;0.082
4606.1;0.206
4606.6;0.391
4607.1;0.484
4607.6;0.315
4608.1;0.32
4608.6;0.231
4609.1;0.249
4609.6;0.216
4610.1;0.38
4610.6;0.204
4611.1;0.618
4611.6;0.471
4612.1;0.535
4612.6;0.471
4613.1;0.065
4613.6;0.27
4614.1;0.445
4614.6;0.462
4615.1;0.969
4615.6;1.04
4616.1;0.667
4616.6;0.947
4617.1;0.686
4617.6;0.238
4618.1;0.249
4618.6;0.729
4619.1;0.241
4619.6;0.612
4620.1;0.489
4620.6;0.25
4621.1;0.425
4621.6;0.338
4622.1;0.486
4622.6;0.392
4623.1;0.732
4623.6;0.067
4624.1;0.318
4624.6;0.29
4625.1;0.757
4625.6;0.543
4626.1;0.346
4626.6;0.218
4627.1;0.291
4627.6;0.577
4628.1;0.215
4628.6;0.689
4629.1;0.457
4629.6;0.85
4630.1;0.922
4630.6;0.139
4631.1;0.295
4631.6;0.611
4632.1;0.844
4632.6;0.747
4633.1;0.895
4633.6;0.54
4634.1;0.387
4634.6;0.29
4635.1;0.23
4635.6;0.282
4636.1;0.856
4636.6;0.923
4637.1;0.77
4637.6;1.114
4638.1;0.669
4638.6;0.524
4639.1;0.589
4639.6;1.044
4640.1;0.903
4640.6;1.135
4641.1;0.648
4641.6;1.171
4642.1;1.429
4642.6;1.64
4643.1;1.546
4643.6;1.445
4644.1;1.397
4644.6;1.181
4645.1;0.679
4645.6;0.648
4646.1;0.864
4646.6;1.228
4647.1;1.334
4647.6;1.048
4648.1;1.38
4648.6;0.823
4649.1;0.599
4649.6;0.635
4650.1;0.518
4650.6;0.657
4651.1;0.462
4651.6;1.088
4652.1;0.59
4652.6;0.708
4653.1;0.547
4653.6;0.867
4654.1;1.289
4654.6;0.894
4655.1;0.965
4655.6;0.898
4656.1;0.905
4656.6;0.795
4657.1;1.13
4657.6;1.175
4658.1;1.34
4658.6;1.504
4659.1;0.823
4659.6;0.72
4660.1;0.507
4660.6;0.583
4661.1;0.201
4661.6;0.899
4662.1;0.811
4662.6;0.653
4663.1;0.788
4663.6;0.444
4664.1;0.673
4664.6;0.387
4665.1;1.229
4665.6;1.269
4666.1;1.554
4666.6;1.58
4667.1;1.32
4667.6;1.177
4668.1;0.902
4668.6;1.046
4669.1;0.993
4669.6;0.708
4670.1;0.727
4670.6;0.493
4671.1;0.936
4671.6;0.959
4672.1;0.812
4672.6;1.059
4673.1;0.566
4673.6;0.314
4674.1;0.328
4674.6;0.151
4675.1;0.808
4675.6;0.724
4676.1;0.474
4676.6;1.193
4677.1;0.869
4677.6;0.369
4678.1;0.4
4678.6;0.228
4679.1;0.624
4679.6;0.495
4680.1;1.093
4680.6;0.551
4681.1;0.648
4681.6;0.758
4682.1;0.206
4682.6;0.207
4683.1;0.261
4683.6;0.542
4684.1;0.454
4684.6;0.79
4685.1;0.636
4685.6;0.514
4686.1;1.058
4686.6;0.497
4687.1;0.706
4687.6;0.7
4688.1;0.441
4688.6;0.738
4689.1;0.597
4689.6;0.62
4690.1;0.717
4690.6;0.215
4691.1;0.331
4691.6;0.342
4692.1;0.961
4692.6;0.859
4693.1;0.556
4693.6;0.734
4694.1;0.788
4694.6;1.299
4695.1;0.785
4695.6;0.65
4696.1;1.184
4696.6;0.529
4697.1;0.375
4697.6;1.482
4698.1;1.458
4698.6;0.622
4699.1;0.638
4699.6;1.234
4700.1;0.181
4700.6;0.524
4701.1;1.342
4701.6;1.385
4702.1;0.662
4702.6;0.717
4703.1;0.358
4703.6;0.277
4704.1;0.169
4704.6;0.643
4705.1;0.848
4705.6;0.218
4706.1;0.528
4706.6;0.986
4707.1;0.784
4707.6;0.763
4708.1;0.595
4708.6;0.093
4709.1;0.267
4709.6;0.619
4710.1;0.517
4710.6;0.28
4711.1;0.534
4711.6;0.496
4712.1;0.797
4712.6;0.752
4713.1;0.565
4713.6;0.295
4714.1;0.314
4714.6;0.524
4715.1;0.425
4715.6;0.258
4716.1;0.39
4716.6;0.507
4717.1;0.218
4717.6;0.347
4718.1;0.453
4718.6;0.341
4719.1;0.178
4719.6;0.058
4720.1;0.554
4720.6;0.519
4721.1;0.318
4721.6;0.509
4722.1;0.153
4722.6;0.388
4723.1;0.18
4723.6;0.487
4724.1;0.672
4724.6;0.236
4725.1;0.365
4725.6;0.542
4726.1;0.337
4726.6;0.246
4727.1;0.351
4727.6;0.336
4728.1;0.384
4728.6;0.625
4729.1;0.251
4729.6;0.308
4730.1;0.364
4730.6;0.088
4731.1;0.029
4731.6;0.447
4732.1;0.321
4732.6;0.143
4733.1;0.784
4733.6;0.388
4734.1;0.619
4734.6;0.712
4735.1;0.111
4735.6;0.7
4736.1;0.222
4736.6;0.936
4737.1;0.93
4737.6;0.281
4738.1;0.629
4738.6;0.947
4739.1;0.548
4739.6;0.59
4740.1;1.112
4740.6;0.535
4741.1;0.697
4741.6;0.315
4742.1;0.392
4742.6;0.112
4743.1;0.296
4743.6;0.38
4744.1;0.148
4744.6;0.457
4745.1;0.289
4745.6;0.32
4746.1;0.343
4746.6;0.535
4747.1;0.414
4747.6;0.202
4748.1;0.513
4748.6;0.639
4749.1;0.497
4749.6;0.346
4750.1;0.547
4750.6;0.289
4751.1;0.396
4751.6;0.842
4752.1;0.261
4752.6;0.577
4753.1;0.352
4753.6;0.159
4754.1;0.229
4754.6;0.319
4755.1;0.1
4755.6;0.337
4756.1;0.451
4756.6;0.335
4757.1;0.678
4757.6;0.709
4758.1;0.247
4758.6;0.296
4759.1;0.167
4759.6;0.401
4760.1;0.294
4760.6;0.169
4761.1;0.3
4761.6;0.251
4762.1;0.639
4762.6;0.377
4763.1;0.495
4763.6;0.589
4764.1;0.44
4764.6;0.439
4765.1;0.532
4765.6;0.53
4766.1;0.508
4766.6;0.892
4767.1;0.505
4767.6;0.478
4768.1;0.779
4768.6;0.116
4769.1;0.547
4769.6;0.363
4770.1;0.479
4770.6;0.663
4771.1;0.091
4771.6;0.454
4772.1;0.458
4772.6;0.185
4773.1;0.309
4773.6;0.345
4774.1;0.245
4774.6;0.537
4775.1;0.61
4775.6;0.702
4776.1;1.059
4776.6;0.583
4777.1;0.875
4777.6;0.953
4778.1;0.685
4778.6;1.019
4779.1;1.007
4779.6;1.19
4780.1;1.1
4780.6;0.947
4781.1;0.964
4781.6;0.41
4782.1;0.213
4782.6;0.477
4783.1;0.57
4783.6;0.372
4784.1;0.355
4784.6;0.229
4785.1;0.239
4785.6;0.308
4786.1;0.464
4786.6;0.573
4787.1;0.205
4787.6;0.483
4788.1;0.109
4788.6;0.644
4789.1;0.29
4789.6;0.327
4790.1;0.386
4790.6;0.204
4791.1;0.143
4791.6;0.323
4792.1;0.482
4792.6;0.25
4793.1;0.365
4793.6;0.333
4794.1;0.313
4794.6;0.224
4795.1;0.18
4795.6;0.389
4796.1;0.367
4796.6;0.247
4797.1;0.453
4797.6;0.263
4798.1;0.395
4798.6;0.489
4799.1;0.145
4799.6;0.647
4800.1;0.443
4800.6;0.071
4801.1;0.24
4801.6;0.755
4802.1;0.526
4802.6;0.649
4803.1;0.96
4803.6;0.507
4804.1;0.81
4804.6;0.799
4805.1;0.396
4805.6;0.511
4806.1;0.693
4806.6;0.708
4807.1;0.656
4807.6;0.654
4808.1;0.611
4808.6;0.529
4809.1;0.469
4809.6;0.281
4810.1;0.425
4810.6;0.271
4811.1;0.346
4811.6;0.633
4812.1;0.507
4812.6;0.445
4813.1;0.825
4813.6;0.669
4814.1;0.685
4814.6;0.77
4815.1;0.475
4815.6;0.784
4816.1;0.649
4816.6;0.428
4817.1;0.958
4817.6;0.822
4818.1;0.508
4818.6;0.837
4819.1;0.307
4819.6;0.312
4820.1;0.208
4820.6;0.202
4821.1;0.192
4821.6;0.361
4822.1;0.534
4822.6;0.307
4823.1;0.479
4823.6;0.174
4824.1;0.329
4824.6;0.137
4825.1;0.16
4825.6;0.141
4826.1;0.513
4826.6;0.327
4827.1;0.558
4827.6;0.603
4828.1;0.465
4828.6;0.281
4829.1;0.522
4829.6;0.579
4830.1;0.223
4830.6;0.584
4831.1;0.451
4831.6;0.313
4832.1;0.62
4832.6;0.743
4833.1;0.417
4833.6;0.735
4834.1;0.71
4834.6;0.37
4835.1;0.64
4835.6;0.537
4836.1;0.412
4836.6;0.523
4837.1;0.164
4837.6;0.433
4838.1;0.394
4838.6;0.119
4839.1;0.508
4839.6;0.078
4840.1;0.244
4840.6;0.035
4841.1;0.147
4841.6;0.076
4842.1;0.353
4842.6;0.145
4843.1;0.344
4843.6;0.262
4844.1;0.25
4844.6;0.166
4845.1;0.132
4845.6;0.343
4846.1;0.13
4846.6;0.228
4847.1;0.218
4847.6;0.191
4848.1;0.244
4848.6;0.303
4849.1;0.087
4849.6;0.467
4850.1;0.283
4850.6;0.222
4851.1;0.458
4851.6;0.117
4852.1;0.298
4852.6;0.19
4853.1;0.046
4853.6;0.475
4854.1;0.246
4854.6;0.397
4855.1;0.511
4855.6;0.143
4856.1;0.345
4856.6;0.142
4857.1;0.284
4857.6;0.163
4858.1;0.446
4858.6;0.148
4859.1;0.198
4859.6;0.265
4860.1;0.095
4860.6;0.07
4861.1;0.231
4861.6;0.228
4862.1;0.468
4862.6;0.31
4863.1;0.312
4863.6;0.48
4864.1;0.286
4864.6;0.456
4865.1;0.176
4865.6;0.256
4866.1;0.076
4866.6;0.201
4867.1;0.265
4867.6;0.317
4868.1;0.217
4868.6;0.411
4869.1;0.32
4869.6;0.318
4870.1;0.136
4870.6;0.232
4871.1;0.192
4871.6;0.211
4872.1;0.389
4872.6;0.495
4873.1;0.5
4873.6;0.583
4874.1;0.464
4874.6;0.495
4875.1;0.406
4875.6;0.178
4876.1;0.157
4876.6;0.337
4877.1;0.531
4877.6;0.302
4878.1;0.681
4878.6;0.244
4879.1;0.538
4879.6;0.3
4880.1;0.272
4880.6;0.199
4881.1;0.365
4881.6;0.291
4882.1;0.489
4882.6;0.387
4883.1;0.377
4883.6;0.431
4884.1;0.335
4884.6;0.338
4885.1;0.168
4885.6;0.125
4886.1;0.173
4886.6;0.331
4887.1;0.374
4887.6;0.313
4888.1;0.168
4888.6;0.192
4889.1;0.051
4889.6;0.231
4890.1;0.102
4890.6;0.42
4891.1;0.108
4891.6;0.253
4892.1;0.261
4892.6;0.262
4893.1;0.179
4893.6;0.359
4894.1;0.535
4894.6;0.045
4895.1;0.473
4895.6;0.125
4896.1;0.249
4896.6;0.351
4897.1;0.242
4897.6;0.122
4898.1;0.279
4898.6;0.443
4899.1;0.212
4899.6;0.521
4900.1;0.118
4900.6;0.469
4901.1;0.599
4901.6;0.317
4902.1;0.475
4902.6;0.395
4903.1;0.477
4903.6;0.45
4904.1;0.416
4904.6;0.428
4905.1;0.079
4905.6;0.292
4906.1;0.061
4906.6;0.199
4907.1;0.055
4907.6;0.186
4908.1;0.121
4908.6;0.348
4909.1;0.151
4909.6;0.117
4910.1;0.132
4910.6;0.251
4911.1;0.452
4911.6;0.822
4912.1;0.933
4912.6;0.811
4913.1;1.047
4913.6;0.55
4914.1;0.581
4914.6;0.448
4915.1;0.177
4915.6;0.31
4916.1;0.299
4916.6;0.402
4917.1;0.598
4917.6;0.355
4918.1;0.294
4918.6;0.487
4919.1;0.288
4919.6;0.069
4920.1;0.477
4920.6;0.551
4921.1;0.338
4921.6;0.486
4922.1;0.342
4922.6;0.449
4923.1;0.328
4923.6;0.161
4924.1;0.404
4924.6;0.337
4925.1;0.42
4925.6;0.586
4926.1;0.513
4926.6;0.502
4927.1;0.2
4927.6;0.354
4928.1;0.037
4928.6;0.218
4929.1;0.221
4929.6;0.249
4930.1;0.073
4930.6;0.131
4931.1;0.159
4931.6;0.196
4932.1;0.146
4932.6;0.196
4933.1;0.262
4933.6;0.094
4934.1;0.272
4934.6;0.284
4935.1;0.182
4935.6;0.275
4936.1;0.333
4936.6;0.48
4937.1;0.255
4937.6;0.239
4938.1;0.391
4938.6;0.246
4939.1;0.405
4939.6;0.271
4940.1;0.162
4940.6;0.387
4941.1;0.211
4941.6;0.503
4942.1;0.524
4942.6;0.093
4943.1;0.453
4943.6;0.207
4944.1;0.365
4944.6;0.156
4945.1;0.198
4945.6;0.109
4946.1;0.194
4946.6;0.144
4947.1;0.208
4947.6;0.505
4948.1;0.393
4948.6;0.525
4949.1;0.346
4949.6;0.665
4950.1;0.49
4950.6;0.591
4951.1;0.752
4951.6;0.549
4952.1;0.879
4952.6;0.839
4953.1;0.704
4953.6;0.877
4954.1;0.386
4954.6;0.553
4955.1;0.451
4955.6;0.581
4956.1;0.457
4956.6;0.422
4957.1;0.387
4957.6;0.536
4958.1;0.614
4958.6;0.583
4959.1;0.635
4959.6;0.529
4960.1;0.748
4960.6;0.876
4961.1;1.106
4961.6;0.993
4962.1;0.848
4962.6;0.669
4963.1;0.823
4963.6;0.633
4964.1;0.598
4964.6;0.416
4965.1;0.59
4965.6;0.702
4966.1;0.73
4966.6;0.539
4967.1;0.622
4967.6;0.464
4968.1;0.431
4968.6;0.467
4969.1;0.378
4969.6;0.328
4970.1;0.518
4970.6;0.516
4971.1;0.555
4971.6;0.762
4972.1;0.588
4972.6;0.4
4973.1;0.582
4973.6;0.437
4974.1;0.225
4974.6;0.642
4975.1;0.424
4975.6;0.21
4976.1;0.219
4976.6;0.488
4977.1;0.337
4977.6;0.248
4978.1;0.307
4978.6;0.197
4979.1;0.437
4979.6;0.099
4980.1;0.037
4980.6;0.237
4981.1;0.189
4981.6;0.205
4982.1;0.17
4982.6;0.035
4983.1;0.169
4983.6;0.095
4984.1;0.108
4984.6;0.179
4985.1;0.182
4985.6;0.172
4986.1;0.221
4986.6;0.155
4987.1;0.013
4987.6;0.283
4988.1;0.186
4988.6;0.227
4989.1;0.11
4989.6;0.048
4990.1;0.191
4990.6;0.235
4991.1;0.154
4991.6;0.241
4992.1;0.167
4992.6;0.155
4993.1;0.032
4993.6;0.145
4994.1;0.195
4994.6;0.242
4995.1;0.103
4995.6;0.147
4996.1;0.354
4996.6;0.359
4997.1;0.441
4997.6;0.609
4998.1;0.558
4998.6;0.412
4999.1;0.698
4999.6;0.341
5000.1;0.578
5000.6;0.586
5001.1;0.376
5001.6;0.736
5002.1;0.639
5002.6;0.366
5003.1;0.764
5003.6;0.63
5004.1;0.253
5004.6;0.843
5005.1;0.49
5005.6;0.282
5006.1;0.683
5006.6;0.293
5007.1;0.206
5007.6;0.581
5008.1;0.243
5008.6;0.573
5009.1;0.482
5009.6;0.227
5010.1;0.588
5010.6;0.367
5011.1;0.189
5011.6;0.321
5012.1;0.243
5012.6;0.201
5013.1;0.456
5013.6;0.196
5014.1;0.226
5014.6;0.169
5015.1;0.241
5015.6;0.192
5016.1;0.189
5016.6;0.045
5017.1;0.382
5017.6;0.199
5018.1;0.128
5018.6;0.358
5019.1;0.248
5019.6;0.183
5020.1;0.236
5020.6;0.118
5021.1;0.294
5021.6;0.171
5022.1;0.036
5022.6;0.183
5023.1;0.087
5023.6;0.186
5024.1;0.311
5024.6;0.041
5025.1;0.121
5025.6;0.28
5026.1;0.099
5026.6;0.35
5027.1;0.295
5027.6;0.022
5028.1;0.379
5028.6;0.23
5029.1;0.064
5029.6;0.293
5030.1;0.37
5030.6;0.2
5031.1;0.435
5031.6;0.157
5032.1;0.359
5032.6;0.345
5033.1;0.185
5033.6;0.35
5034.1;0.276
5034.6;0.166
5035.1;0.207
5035.6;0.236
5036.1;0.087
5036.6;0.371
5037.1;0.097
5037.6;0.387
5038.1;0.264
5038.6;0.183
5039.1;0.261
5039.6;0.376
5040.1;0.058
5040.6;0.238
5041.1;0.291
5041.6;0.225
5042.1;0.348
5042.6;0.12
5043.1;0.166
5043.6;0.485
5044.1;0.28
5044.6;0.271
5045.1;0.415
5045.6;0.113
5046.1;0.27
5046.6;0.334
5047.1;0.069
5047.6;0.071
5048.1;0.206
5048.6;0.171
5049.1;0.21
5049.6;0.288
5050.1;0.108
5050.6;0.696
5051.1;0.216
5051.6;0.537
5052.1;0.338
5052.6;0.342
5053.1;0.089
5053.6;0.08
5054.1;0.456
5054.6;0.322
5055.1;0.08
5055.6;0.431
5056.1;0.272
5056.6;0.259
5057.1;0.197
5057.6;0.508
5058.1;0.611
5058.6;0.497
5059.1;0.716
5059.6;0.661
5060.1;0.268
5060.6;0.301
5061.1;0.188
5061.6;0.184
5062.1;0.343
5062.6;0.109
5063.1;0.552
5063.6;0.559
5064.1;0.284
5064.6;1.015
5065.1;0.77
5065.6;0.629
5066.1;0.84
5066.6;0.609
5067.1;0.651
5067.6;0.617
5068.1;0.711
5068.6;0.206
5069.1;0.494
5069.6;0.14
5070.1;0.469
5070.6;0.323
5071.1;0.343
5071.6;0.46
5072.1;0.304
5072.6;0.44
5073.1;0.438
5073.6;0.64
5074.1;0.246
5074.6;0.52
5075.1;0.466
5075.6;0.41
5076.1;0.312
5076.6;0.495
5077.1;0.504
5077.6;0.334
5078.1;0.266
5078.6;0.27
5079.1;0.013
5079.6;0.231
5080.1;0.32
5080.6;0.126
5081.1;0.373
5081.6;0.211
5082.1;0.165
5082.6;0.328
5083.1;0.402
5083.6;0.248
5084.1;0.594
5084.6;0.172
5085.1;0.462
5085.6;0.288
5086.1;0.449
5086.6;0.156
5087.1;0.261
5087.6;0.162
5088.1;0.527
5088.6;0.231
5089.1;0.53
5089.6;0.225
5090.1;0.489
5090.6;0.726
5091.1;0.595
5091.6;0.686
5092.1;0.122
5092.6;0.268
5093.1;0.212
5093.6;0.635
5094.1;0.658
5094.6;0.606
5095.1;0.469
5095.6;0.378
5096.1;0.359
5096.6;0.665
5097.1;0.619
5097.6;0.781
5098.1;0.467
5098.6;0.394
5099.1;0.154
5099.6;0.466
5100.1;0.328
5100.6;0.658
5101.1;0.557
5101.6;0.404
5102.1;0.536
5102.6;0.136
5103.1;0.338
5103.6;0.339
5104.1;0.299
5104.6;0.536
5105.1;0.318
5105.6;0.139
5106.1;0.229
5106.6;0.505
5107.1;0.195
5107.6;0.523
5108.1;0.615
5108.6;0.074
5109.1;0.305
5109.6;0.292
5110.1;0.29
5110.6;0.177
5111.1;0.359
5111.6;0.105
5112.1;0.261
5112.6;0.295
5113.1;0.227
5113.6;0.263
5114.1;0.283
5114.6;0.389
5115.1;0.096
5115.6;0.366
5116.1;0.265
5116.6;0.381
5117.1;0.392
5117.6;0.289
5118.1;0.347
5118.6;0.21
5119.1;0.408
5119.6;0.187
5120.1;0.333
5120.6;0.263
5121.1;0.345
5121.6;0.249
5122.1;0.263
5122.6;0.42
5123.1;0.24
5123.6;0.325
5124.1;0.271
5124.6;0.271
5125.1;0.161
5125.6;0.12
5126.1;0.252
5126.6;0.237
5127.1;0.482
5127.6;0.319
5128.1;0.261
5128.6;0.357
5129.1;0.143
5129.6;0.298
5130.1;0.135
5130.6;0.305
5131.1;0.191
5131.6;0.339
5132.1;0.25
5132.6;0.322
5133.1;0.211
5133.6;0.246
5134.1;0.299
5134.6;0.245
5135.1;0.443
5135.6;0.368
5136.1;0.319
5136.6;0.363
5137.1;0.497
5137.6;0.339
5138.1;0.399
5138.6;0.519
5139.1;0.219
5139.6;0.251
5140.1;0.255
5140.6;0.189
5141.1;0.119
5141.6;0.2
5142.1;0.151
5142.6;0.176
5143.1;0.184
5143.6;0.146
5144.1;0.059
5144.6;0.34
5145.1;0.17
5145.6;0.262
5146.1;0.155
5146.6;0.201
5147.1;0.123
5147.6;0.21
5148.1;0.131
5148.6;0.019
5149.1;0.148
5149.6;0.135
5150.1;0.08
5150.6;0.158
5151.1;0.272
5151.6;0.234
5152.1;0.105
5152.6;0.335
5153.1;0.316
5153.6;0.172
5154.1;0.346
5154.6;0.079
5155.1;0.178
5155.6;0.308
5156.1;0.136
5156.6;0.278
5157.1;0.269
5157.6;0.187
5158.1;0.3
5158.6;0.428
5159.1;0.113
5159.6;0.473
5160.1;0.254
5160.6;0.063
5161.1;0.42
5161.6;0.276
5162.1;0.115
5162.6;0.431
5163.1;0.222
5163.6;0.259
5164.1;0.37
5164.6;0.282
5165.1;0.298
5165.6;0.283
5166.1;0.375
5166.6;0.327
5167.1;0.383
5167.6;0.338
5168.1;0.402
5168.6;0.397
5169.1;0.314
5169.6;0.473
5170.1;0.178
5170.6;0.56
5171.1;0.212
5171.6;0.346
5172.1;0.475
5172.6;0.162
5173.1;0.292
5173.6;0.177
5174.1;0.168
5174.6;0.385
5175.1;0.439
5175.6;0.218
5176.1;0.595
5176.6;0.384
5177.1;0.286
5177.6;0.56
5178.1;0.202
5178.6;0.357
5179.1;0.403
5179.6;0.265
5180.1;0.23
5180.6;0.335
5181.1;0.165
5181.6;0.192
5182.1;0.378
5182.6;0.252
5183.1;0.077
5183.6;0.053
5184.1;0.075
5184.6;0.34
5185.1;0.232
5185.6;0.251
5186.1;0.495
5186.6;0.368
5187.1;0.56
5187.6;0.187
5188.1;0.579
5188.6;0.366
5189.1;0.432
5189.6;0.488
5190.1;0.408
5190.6;0.477
5191.1;0.445
5191.6;0.259
5192.1;0.228
5192.6;0.33
5193.1;0.287
5193.6;0.462
5194.1;0.384
5194.6;0.539
5195.1;0.431
5195.6;0.33
5196.1;0.452
5196.6;0.175
5197.1;0.349
5197.6;0.162
5198.1;0.358
5198.6;0.041
5199.1;0.251
5199.6;0.179
5200.1;0.352
5200.6;0.305
5201.1;0.569
5201.6;0.44
5202.1;0.538
5202.6;0.434
5203.1;0.086
5203.6;0.081
5204.1;0.346
5204.6;0.284
5205.1;0.524
5205.6;0.328
5206.1;0.527
5206.6;0.43
5207.1;0.181
5207.6;0.395
5208.1;0.122
5208.6;0.352
5209.1;0.128
5209.6;0.399
5210.1;0.259
5210.6;0.399
5211.1;0.583
5211.6;0.393
5212.1;0.349
5212.6;0.188
5213.1;0.091
5213.6;0.141
5214.1;0.346
5214.6;0.368
5215.1;0.118
5215.6;0.619
5216.1;0.508
5216.6;0.13
5217.1;0.581
5217.6;0.375
5218.1;0.234
5218.6;0.724
5219.1;0.528
5219.6;0.646
5220.1;0.762
5220.6;0.222
5221.1;0.745
5221.6;0.448
5222.1;0.199
5222.6;0.419
5223.1;0.199
5223.6;0.336
5224.1;0.172
5224.6;0.195
5225.1;0.347
5225.6;0.355
5226.1;0.439
5226.6;0.3
5227.1;0.513
5227.6;0.709
5228.1;0.347
5228.6;0.421
5229.1;0.195
5229.6;0.149
5230.1;0.33
5230.6;0.247
5231.1;0.102
5231.6;0.113
5232.1;0.053
5232.6;0.467
5233.1;0.453
5233.6;0.157
5234.1;0.249
5234.6;0.393
5235.1;0.083
5235.6;0.348
5236.1;0.314
5236.6;0.101
5237.1;0.439
5237.6;0.532
5238.1;0.033
5238.6;0.309
5239.1;0.289
5239.6;0.163
5240.1;0.286
5240.6;0.303
5241.1;0.157
5241.6;0.115
5242.1;0.238
5242.6;0.3
5243.1;0.317
5243.6;0.4
5244.1;0.333
5244.6;0.459
5245.1;0.209
5245.6;0.385
5246.1;0.319
5246.6;0.307
5247.1;0.317
5247.6;0.016
5248.1;0.409
5248.6;0.2
5249.1;0.278
5249.6;0.27
5250.1;0.366
5250.6;0.247
5251.1;0.339
5251.6;0.449
5252.1;0.159
5252.6;0.361
5253.1;0.319
5253.6;0.012
5254.1;0.059
5254.6;0.128
5255.1;0.069
5255.6;0.209
5256.1;0.26
5256.6;0.244
5257.1;0.131
5257.6;0.174
5258.1;0.35
5258.6;0.37
5259.1;0.244
5259.6;0.776
5260.1;0.38
5260.6;0.418
5261.1;0.404
5261.6;0.23
5262.1;0.173
5262.6;0.12
5263.1;0.204
5263.6;0.267
5264.1;0.55
5264.6;0.575
5265.1;0.55
5265.6;0.548
5266.1;0.592
5266.6;0.587
5267.1;0.169
5267.6;0.055
5268.1;0.153
5268.6;0.508
5269.1;0.677
5269.6;0.293
5270.1;0.667
5270.6;0.487
5271.1;0.427
5271.6;0.35
5272.1;0.137
5272.6;0.399
5273.1;0.175
5273.6;0.128
5274.1;0.308
5274.6;0.491
5275.1;0.033
5275.6;0.355
5276.1;0.171
5276.6;0.167
5277.1;0.186
5277.6;0.369
5278.1;0.126
5278.6;0.393
5279.1;0.82
5279.6;0.256
5280.1;0.59
5280.6;0.513
5281.1;0.402
5281.6;0.512
5282.1;0.285
5282.6;0.573
5283.1;0.204
5283.6;0.359
5284.1;0.218
5284.6;0.313
5285.1;0.26
5285.6;0.139
5286.1;0.04
5286.6;0.473
5287.1;0.51
5287.6;0.295
5288.1;0.684
5288.6;0.549
5289.1;0.121
5289.6;0.353
5290.1;0.433
5290.6;0.296
5291.1;0.418
5291.6;0.382
5292.1;0.517
5292.6;0.294
5293.1;0.263
5293.6;0.266
5294.1;0.04
5294.6;0.022
5295.1;0.303
5295.6;0.679
5296.1;0.412
5296.6;0.798
5297.1;0.745
5297.6;0.224
5298.1;0.593
5298.6;0.134
5299.1;0.532
5299.6;0.514
5300.1;0.455
5300.6;0.26
5301.1;0.83
5301.6;0.527
5302.1;0.45
5302.6;0.875
5303.1;0.308
5303.6;0.476
5304.1;0.354
5304.6;0.586
5305.1;0.753
5305.6;0.405
5306.1;0.618
5306.6;0.211
5307.1;0.538
5307.6;0.357
5308.1;0.417
5308.6;0.337
5309.1;0.046
5309.6;0.221
5310.1;0.501
5310.6;0.742
5311.1;0.727
5311.6;0.313
5312.1;0.451
5312.6;0.239
5313.1;0.473
5313.6;0.406
5314.1;0.495
5314.6;0.768
5315.1;0.311
5315.6;0.763
5316.1;0.171
5316.6;0.516
5317.1;0.36
5317.6;0.185
5318.1;0.369
5318.6;0.507
5319.1;0.461
5319.6;0.255
5320.1;0.589
5320.6;0.261
5321.1;0.656
5321.6;0.373
5322.1;0.316
5322.6;0.364
5323.1;0.293
5323.6;0.151
5324.1;0.227
5324.6;0.3
5325.1;0.198
5325.6;0.32
5326.1;0.09
5326.6;0.366
5327.1;0.478
5327.6;0.089
5328.1;0.323
5328.6;0.524
5329.1;0.425
5329.6;0.055
5330.1;0.31
5330.6;0.423
5331.1;0.272
5331.6;0.458
5332.1;0.645
5332.6;0.227
5333.1;0.357
5333.6;0.518
5334.1;0.62
5334.6;0.575
5335.1;0.063
5335.6;0.653
5336.1;0.029
5336.6;0.511
5337.1;0.138
5337.6;0.537
5338.1;0.276
5338.6;0.393
5339.1;0.319
5339.6;0.297
5340.1;0.398
5340.6;0.204
5341.1;0.465
5341.6;0.416
5342.1;0.31
5342.6;0.21
5343.1;0.56
5343.6;0.087
5344.1;0.439
5344.6;0.246
5345.1;0.511
5345.6;0.462
5346.1;0.217
5346.6;0.234
5347.1;0.338
5347.6;0.267
5348.1;0.066
5348.6;0.386
5349.1;0.408
5349.6;0.35
5350.1;0.227
5350.6;0.343
5351.1;0.313
5351.6;0.445
5352.1;0.425
5352.6;0.24
5353.1;0.507
5353.6;0.553
5354.1;0.481
5354.6;1.024
5355.1;0.617
5355.6;0.085
5356.1;0.344
5356.6;0.807
5357.1;0.576
5357.6;0.616
5358.1;0.896
5358.6;0.197
5359.1;0.685
5359.6;0.563
5360.1;0.337
5360.6;0.406
5361.1;0.644
5361.6;0.415
5362.1;0.565
5362.6;0.733
5363.1;0.211
5363.6;0.458
5364.1;0.298
5364.6;0.189
5365.1;0.321
5365.6;0.491
5366.1;0.449
5366.6;0.464
5367.1;0.612
5367.6;0.346
5368.1;0.26
5368.6;0.361
5369.1;0.193
5369.6;0.189
5370.1;0.329
5370.6;0.585
5371.1;0.248
5371.6;0.528
5372.1;0.47
5372.6;0.167
5373.1;0.288
5373.6;0.292
5374.1;0.341
5374.6;0.16
5375.1;0.728
5375.6;0.725
5376.1;0.624
5376.6;0.802
5377.1;0.748
5377.6;0.446
5378.1;0.564
5378.6;0.48
5379.1;0.284
5379.6;0.06
5380.1;0.662
5380.6;0.588
5381.1;0.231
5381.6;0.432
5382.1;0.339
5382.6;0.819
5383.1;0.545
5383.6;0.58
5384.1;0.531
5384.6;0.36
5385.1;0.276
5385.6;0.443
5386.1;0.299
5386.6;0.645
5387.1;0.876
5387.6;0.164
5388.1;0.824
5388.6;0.323
5389.1;0.597
5389.6;0.586
5390.1;0.482
5390.6;0.174
5391.1;0.541
5391.6;0.58
5392.1;0.162
5392.6;0.414
5393.1;0.246
5393.6;0.199
5394.1;0.179
5394.6;0.251
5395.1;0.193
5395.6;0.375
5396.1;0.053
5396.6;0.511
5397.1;0.25
5397.6;0.404
5398.1;0.398
5398.6;0.312
5399.1;0.357
5399.6;0.13
5400.1;0.285
5400.6;0.123
5401.1;0.334
5401.6;0.409
5402.1;0.168
5402.6;0.5
5403.1;0.644
5403.6;0.313
5404.1;0.462
5404.6;0.744
5405.1;0.579
5405.6;0.379
5406.1;0.913
5406.6;0.245
5407.1;0.576
5407.6;0.639
5408.1;0.114
5408.6;0.277
5409.1;0.37
5409.6;0.112
5410.1;0.586
5410.6;0.562
5411.1;0.241
5411.6;0.53
5412.1;0.16
5412.6;0.213
5413.1;0.394
5413.6;0.467
5414.1;0.133
5414.6;0.561
5415.1;0.387
5415.6;0.509
5416.1;0.276
5416.6;0.452
5417.1;0.522
5417.6;0.176
5418.1;0.306
5418.6;0.516
5419.1;0.556
5419.6;0.387
5420.1;1.026
5420.6;0.078
5421.1;0.707
5421.6;0.774
5422.1;0.154
5422.6;0.583
5423.1;0.659
5423.6;0.621
5424.1;0.505
5424.6;0.568
5425.1;0.273
5425.6;0.667
5426.1;0.404
5426.6;0.416
5427.1;0.417
5427.6;0.12
5428.1;0.191
5428.6;0.426
5429.1;0.086
5429.6;0.545
5430.1;0.525
5430.6;0.351
5431.1;0.421
5431.6;0.28
5432.1;0.526
5432.6;0.582
5433.1;0.472
5433.6;0.663
5434.1;0.478
5434.6;0.373
5435.1;0.398
5435.6;0.404
5436.1;0.343
5436.6;0.423
5437.1;0.36
5437.6;0.544
5438.1;0.642
5438.6;0.415
5439.1;0.731
5439.6;0.636
5440.1;0.397
5440.6;0.332
5441.1;0.166
5441.6;0.194
5442.1;0.446
5442.6;0.603
5443.1;0.236
5443.6;0.519
5444.1;0.193
5444.6;0.595
5445.1;0.348
5445.6;0.333
5446.1;0.397
5446.6;0.394
5447.1;0.463
5447.6;0.129
5448.1;0.427
5448.6;0.049
5449.1;0.23
5449.6;0.098
5450.1;0.293
5450.6;0.153
5451.1;0.243
5451.6;0.15
5452.1;0.338
5452.6;0.228
5453.1;0.285
5453.6;0.279
5454.1;0.36
5454.6;0.269
5455.1;0.41
5455.6;0.506
5456.1;0.096
5456.6;0.387
5457.1;0.244
5457.6;0.132
5458.1;0.27
5458.6;0.204
5459.1;0.144
5459.6;0.45
5460.1;0.226
5460.6;0.373
5461.1;0.359
5461.6;0.335
5462.1;0.409
5462.6;0.184
5463.1;0.578
5463.6;0.036
5464.1;0.45
5464.6;0.349
5465.1;0.192
5465.6;0.244
5466.1;0.798
5466.6;0.351
5467.1;0.684
5467.6;0.349
5468.1;0.277
5468.6;0.426
5469.1;0.447
5469.6;0.396
5470.1;0.357
5470.6;0.648
5471.1;0.242
5471.6;0.739
5472.1;0.111
5472.6;0.518
5473.1;0.243
5473.6;0.468
5474.1;0.643
5474.6;0.173
5475.1;0.241
5475.6;0.142
5476.1;0.452
5476.6;0.266
5477.1;0.487
5477.6;0.569
5478.1;0.471
5478.6;0.673
5479.1;0.341
5479.6;0.358
5480.1;0.219
5480.6;0.161
5481.1;0.135
5481.6;0.186
5482.1;0.112
5482.6;0.083
5483.1;0.45
5483.6;0.253
5484.1;0.108
5484.6;0.429
5485.1;0.356
5485.6;0.053
5486.1;0.462
5486.6;0.257
5487.1;0.108
5487.6;0.38
5488.1;0.26
5488.6;0.44
5489.1;0.364
5489.6;0.223
5490.1;0.373
5490.6;0.191
5491.1;0.279
5491.6;0.197
5492.1;0.232
5492.6;0.049
5493.1;0.118
5493.6;0.355
5494.1;0.336
5494.6;0.033
5495.1;0.359
5495.6;0.472
5496.1;0.431
5496.6;0.184
5497.1;0.28
5497.6;0.376
5498.1;0.244
5498.6;0.474
5499.1;0.428
5499.6;0.545
5500.1;0.634
5500.6;0.598
5501.1;0.704
5501.6;0.225
5502.1;0.749
5502.6;0.251
5503.1;0.531
5503.6;0.4
5504.1;0.359
5504.6;0.396
5505.1;0.523
5505.6;0.712
5506.1;0.219
5506.6;0.763
5507.1;0.791
5507.6;0.733
5508.1;0.475
5508.6;0.544
5509.1;0.668
5509.6;0.299
5510.1;0.429
5510.6;0.382
5511.1;0.149
5511.6;0.596
5512.1;0.269
5512.6;0.284
5513.1;0.122
5513.6;0.289
5514.1;0.415
5514.6;0.281
5515.1;0.372
5515.6;0.079
5516.1;0.238
5516.6;0.078
5517.1;0.2
5517.6;0.209
5518.1;0.469
5518.6;0.357
5519.1;0.503
5519.6;0.427
5520.1;0.414
5520.6;0.453
5521.1;0.215
5521.6;0.133
5522.1;0.16
5522.6;0.166
5523.1;0.264
5523.6;0.162
5524.1;0.322
5524.6;0.329
5525.1;0.281
5525.6;0.448
5526.1;0.03
5526.6;0.572
5527.1;0.208
5527.6;0.505
5528.1;0.351
5528.6;0.369
5529.1;0.391
5529.6;0.184
5530.1;0.24
5530.6;0.268
5531.1;0.423
5531.6;0.25
5532.1;0.551
5532.6;0.035
5533.1;0.752
5533.6;0.243
5534.1;0.6
5534.6;0.658
5535.1;0.612
5535.6;0.672
5536.1;0.704
5536.6;0.946
5537.1;0.64
5537.6;0.894
5538.1;0.685
5538.6;1.024
5539.1;0.776
5539.6;0.878
5540.1;0.88
5540.6;0.604
5541.1;0.792
5541.6;0.47
5542.1;0.351
5542.6;0.324
5543.1;0.595
5543.6;0.417
5544.1;0.522
5544.6;0.505
5545.1;0.443
5545.6;0.432
5546.1;0.525
5546.6;0.564
5547.1;0.611
5547.6;0.724
5548.1;0.51
5548.6;0.554
5549.1;0.71
5549.6;0.316
5550.1;0.368
5550.6;0.577
5551.1;0.368
5551.6;0.644
5552.1;0.767
5552.6;0.512
5553.1;0.689
5553.6;0.448
5554.1;0.443
5554.6;0.803
5555.1;0.937
5555.6;0.9
5556.1;0.921
5556.6;0.685
5557.1;0.653
5557.6;0.229
5558.1;0.429
5558.6;0.56
5559.1;0.952
5559.6;0.849
5560.1;0.639
5560.6;0.601
5561.1;0.504
5561.6;0.523
5562.1;0.331
5562.6;0.516
5563.1;0.185
5563.6;0.632
5564.1;0.064
5564.6;0.785
5565.1;0.289
5565.6;0.59
5566.1;0.59
5566.6;0.757
5567.1;0.473
5567.6;0.727
5568.1;0.836
5568.6;0.717
5569.1;0.789
5569.6;0.34
5570.1;0.782
5570.6;0.349
5571.1;0.798
5571.6;0.491
5572.1;0.731
5572.6;0.234
5573.1;0.544
5573.6;0.238
5574.1;0.533
5574.6;0.257
5575.1;0.437
5575.6;0.731
5576.1;0.468
5576.6;0.407
5577.1;0.217
5577.6;0.383
5578.1;0.224
5578.6;0.42
5579.1;0.104
5579.6;0.332
5580.1;0.215
5580.6;0.176
5581.1;0.065
5581.6;0.305
5582.1;0.062
5582.6;0.334
5583.1;0.089
5583.6;0.503
5584.1;0.152
5584.6;0.453
5585.1;0.173
5585.6;0.415
5586.1;0.254
5586.6;0.449
5587.1;0.221
5587.6;0.25
5588.1;0.456
5588.6;0.149
5589.1;0.395
5589.6;0.389
5590.1;0.08
5590.6;0.215
5591.1;0.23
5591.6;0.113
5592.1;0.18
5592.6;0.198
5593.1;0.377
5593.6;0.043
5594.1;0.252
5594.6;0.465
5595.1;0.217
5595.6;0.354
5596.1;0.391
5596.6;0.009
5597.1;0.378
5597.6;0.164
5598.1;0.099
5598.6;0.328
5599.1;0.397
5599.6;0.157
5600.1;0.255
5600.6;0.383
5601.1;0.336
5601.6;0.178
5602.1;0.412
5602.6;0.479
5603.1;0.369
5603.6;0.072
5604.1;0.322
5604.6;0.33
5605.1;0.092
5605.6;0.455
5606.1;0.295
5606.6;0.519
5607.1;0.149
5607.6;0.575
5608.1;0.267
5608.6;0.583
5609.1;0.321
5609.6;0.417
5610.1;0.596
5610.6;0.076
5611.1;0.544
5611.6;0.28
5612.1;0.31
5612.6;0.159
5613.1;0.703
5613.6;0.305
5614.1;0.582
5614.6;0.501
5615.1;0.656
5615.6;0.561
5616.1;0.354
5616.6;0.936
5617.1;0.416
5617.6;0.247
5618.1;0.363
5618.6;0.6
5619.1;0.471
5619.6;0.399
5620.1;0.517
5620.6;0.108
5621.1;0.288
5621.6;0.137
5622.1;0.238
5622.6;0.164
5623.1;0.24
5623.6;0.129
5624.1;0.095
5624.6;0.053
5625.1;0.231
5625.6;0.09
5626.1;0.304
5626.6;0.377
5627.1;0.171
5627.6;0.474
5628.1;0.332
5628.6;0.318
5629.1;0.066
5629.6;0.215
5630.1;0.274
5630.6;0.592
5631.1;0.238
5631.6;0.483
5632.1;0.633
5632.6;0.078
5633.1;0.583
5633.6;0.472
5634.1;0.339
5634.6;0.411
5635.1;0.329
5635.6;0.17
5636.1;0.475
5636.6;0.124
5637.1;0.426
5637.6;0.305
5638.1;0.041
5638.6;0.345
5639.1;0.506
5639.6;0.066
5640.1;0.435
5640.6;0.362
5641.1;0.323
5641.6;0.069
5642.1;0.379
5642.6;0.283
5643.1;0.291
5643.6;0.379
5644.1;0.216
5644.6;0.288
5645.1;0.238
5645.6;0.533
5646.1;0.021
5646.6;0.707
5647.1;0.253
5647.6;0.426
5648.1;0.56
5648.6;0.606
5649.1;0.53
5649.6;0.235
5650.1;0.535
5650.6;0.511
5651.1;0.547
5651.6;0.289
5652.1;0.922
5652.6;0.236
5653.1;0.495
5653.6;0.646
5654.1;0.062
5654.6;0.311
5655.1;0.569
5655.6;0.07
5656.1;0.371
5656.6;0.364
5657.1;0.402
5657.6;0.509
5658.1;0.443
5658.6;0.404
5659.1;0.385
5659.6;0.595
5660.1;0.398
5660.6;0.839
5661.1;0.156
5661.6;0.615
5662.1;0.604
5662.6;0.606
5663.1;0.293
5663.6;0.894
5664.1;0.417
5664.6;0.446
5665.1;0.866
5665.6;0.251
5666.1;0.368
5666.6;0.51
5667.1;0.532
5667.6;0.237
5668.1;0.571
5668.6;0.311
5669.1;0.57
5669.6;0.357
5670.1;0.378
5670.6;0.303
5671.1;0.216
5671.6;0.193
5672.1;0.296
5672.6;0.284
5673.1;0.334
5673.6;0.393
5674.1;0.45
5674.6;0.591
5675.1;0.258
5675.6;0.447
5676.1;0.288
5676.6;0.122
5677.1;0.469
5677.6;0.493
5678.1;0.21
5678.6;0.314
5679.1;0.492
5679.6;0.384
5680.1;0.319
5680.6;0.4
5681.1;0.084
5681.6;0.486
5682.1;0.178
5682.6;0.443
5683.1;0.175
5683.6;0.431
5684.1;0.322
5684.6;0.224
5685.1;0.324
5685.6;0.157
5686.1;0.183
5686.6;0.293
5687.1;0.401
5687.6;0.248
5688.1;0.58
5688.6;0.355
5689.1;0.448
5689.6;0.079
5690.1;0.497
5690.6;0.141
5691.1;0.491
5691.6;0.09
5692.1;0.544
5692.6;0.408
5693.1;0.283
5693.6;0.362
5694.1;0.35
5694.6;0.336
5695.1;0.229
5695.6;0.501
5696.1;0.246
5696.6;0.446
5697.1;0.335
5697.6;0.371
5698.1;0.343
5698.6;0.368
5699.1;0.134
5699.6;0.489
5700.1;0.217
5700.6;0.29
5701.1;0.322
5701.6;0.412
5702.1;0.116
5702.6;0.245
5703.1;0.221
5703.6;0.327
5704.1;0.021
5704.6;0.351
5705.1;0.237
5705.6;0.301
5706.1;0.268
5706.6;0.555
5707.1;0.408
5707.6;0.103
5708.1;0.26
5708.6;0.258
5709.1;0.339
5709.6;0.335
5710.1;0.724
5710.6;0.065
5711.1;0.665
5711.6;0.255
5712.1;0.608
5712.6;0.511
5713.1;0.466
5713.6;0.304
5714.1;0.491
5714.6;0.654
5715.1;0.194
5715.6;0.648
5716.1;0.262
5716.6;0.529
5717.1;0.104
5717.6;0.439
5718.1;0.404
5718.6;0.221
5719.1;0.397
5719.6;0.264
5720.1;0.393
5720.6;0.187
5721.1;0.149
5721.6;0.288
5722.1;0.309
5722.6;0.299
5723.1;0.156
5723.6;0.258
5724.1;0.115
5724.6;0.338
5725.1;0.372
5725.6;0.16
5726.1;0.157
5726.6;0.162
5727.1;0.326
5727.6;0.296
5728.1;0.135
5728.6;0.083
5729.1;0.24
5729.6;0.228
5730.1;0.169
5730.6;0.385
5731.1;0.19
5731.6;0.247
5732.1;0.259
5732.6;0.157
5733.1;0.222
5733.6;0.065
5734.1;0.126
5734.6;0.348
5735.1;0.344
5735.6;0.547
5736.1;0.305
5736.6;0.181
5737.1;0.194
5737.6;0.389
5738.1;0.432
5738.6;0.227
5739.1;0.343
5739.6;0.146
5740.1;0.082
5740.6;0.091
5741.1;0.31
5741.6;0.257
5742.1;0.467
5742.6;0.254
5743.1;0.239
5743.6;0.273
5744.1;0.2
5744.6;0.338
5745.1;0.242
5745.6;0.719
5746.1;0.347
5746.6;0.356
5747.1;0.279
5747.6;0.751
5748.1;0.61
5748.6;0.616
5749.1;0.804
5749.6;0.316
5750.1;0.9
5750.6;0.299
5751.1;0.848
5751.6;0.315
5752.1;0.596
5752.6;0.421
5753.1;0.66
5753.6;0.51
5754.1;0.556
5754.6;0.533
5755.1;0.527
5755.6;0.519
5756.1;0.499
5756.6;0.914
5757.1;0.334
5757.6;1.004
5758.1;0.08
5758.6;1.242
5759.1;0.532
5759.6;1.125
5760.1;0.752
5760.6;0.693
5761.1;0.97
5761.6;0.567
5762.1;1.025
5762.6;0.406
5763.1;1.039
5763.6;0.294
5764.1;0.921
5764.6;0.609
5765.1;0.401
5765.6;0.435
5766.1;0.49
5766.6;0.314
5767.1;0.545
5767.6;0.593
5768.1;0.237
5768.6;0.614
5769.1;0.28
5769.6;0.593
5770.1;0.19
5770.6;0.417
5771.1;0.397
5771.6;0.617
5772.1;0.068
5772.6;0.575
5773.1;0.461
5773.6;0.769
5774.1;0.462
5774.6;0.393
5775.1;0.702
5775.6;0.329
5776.1;0.497
5776.6;0.374
5777.1;0.408
5777.6;0.381
5778.1;0.137
5778.6;0.447
5779.1;0.238
5779.6;0.372
5780.1;0.361
5780.6;0.338
5781.1;0.055
5781.6;0.379
5782.1;0.387
5782.6;0.01
5783.1;0.521
5783.6;0.301
5784.1;0.341
5784.6;0.398
5785.1;0.122
5785.6;0.13
5786.1;0.107
5786.6;0.461
5787.1;0.463
5787.6;0.31
5788.1;0.518
5788.6;0.15
5789.1;0.293
5789.6;0.228
5790.1;0.513
5790.6;0.181
5791.1;0.575
5791.6;0.478
5792.1;0.354
5792.6;0.681
5793.1;0.178
5793.6;0.436
5794.1;0.502
5794.6;0.653
5795.1;0.209
5795.6;0.756
5796.1;0.568
5796.6;0.745
5797.1;0.609
5797.6;0.763
5798.1;0.788
5798.6;0.466
5799.1;0.856
5799.6;0.414
5800.1;0.825
5800.6;0.458
5801.1;0.617
5801.6;0.709
5802.1;0.532
5802.6;0.776
5803.1;0.359
5803.6;0.744
5804.1;0.324
5804.6;0.553
5805.1;0.189
5805.6;0.494
5806.1;0.335
5806.6;0.32
5807.1;0.224
5807.6;0.35
5808.1;0.538
5808.6;0.092
5809.1;0.207
5809.6;0.147
5810.1;0.226
5810.6;0.287
5811.1;0.317
5811.6;0.458
5812.1;0.273
5812.6;0.474
5813.1;0.353
5813.6;0.22
5814.1;0.249
5814.6;0.182
5815.1;0.303
5815.6;0.205
5816.1;0.406
5816.6;0.452
5817.1;0.101
5817.6;0.249
5818.1;0.126
5818.6;0.198
5819.1;0.139
5819.6;0.097
5820.1;0.133
5820.6;0.347
5821.1;0.169
5821.6;0.34
5822.1;0.214
5822.6;0.054
5823.1;0.351
5823.6;0.092
5824.1;0.371
5824.6;0.271
5825.1;0.21
5825.6;0.116
5826.1;0.264
5826.6;0.417
5827.1;0.152
5827.6;0.234
5828.1;0.145
5828.6;0.133
5829.1;0.176
5829.6;0.267
5830.1;0.262
5830.6;0.106
5831.1;0.357
5831.6;0.193
5832.1;0.298
5832.6;0.341
5833.1;0.493
5833.6;0.397
5834.1;0.409
5834.6;0.587
5835.1;0.55
5835.6;0.575
5836.1;0.612
5836.6;0.741
5837.1;0.593
5837.6;0.72
5838.1;0.58
5838.6;0.816
5839.1;0.869
5839.6;0.644
5840.1;0.61
5840.6;0.538
5841.1;0.791
5841.6;0.397
5842.1;0.72
5842.6;0.643
5843.1;0.719
5843.6;0.514
5844.1;0.894
5844.6;0.943
5845.1;0.657
5845.6;1.042
5846.1;0.881
5846.6;0.941
5847.1;0.851
5847.6;1.225
5848.1;0.984
5848.6;0.958
5849.1;0.895
5849.6;1.029
5850.1;1.213
5850.6;0.809
5851.1;1.339
5851.6;0.883
5852.1;1.258
5852.6;0.975
5853.1;1.286
5853.6;1.115
5854.1;0.958
5854.6;1.25
5855.1;0.836
5855.6;1.168
5856.1;0.944
5856.6;1.062
5857.1;0.838
5857.6;0.627
5858.1;0.968
5858.6;0.828
5859.1;0.902
5859.6;0.6
5860.1;0.903
5860.6;0.69
5861.1;0.805
5861.6;0.702
5862.1;0.647
5862.6;0.477
5863.1;0.57
5863.6;0.55
5864.1;0.415
5864.6;0.64
5865.1;0.12
5865.6;0.503
5866.1;0.122
5866.6;0.776
5867.1;0.441
5867.6;0.676
5868.1;0.565
5868.6;0.417
5869.1;0.556
5869.6;0.436
5870.1;0.422
5870.6;0.597
5871.1;0.449
5871.6;0.301
5872.1;0.362
5872.6;0.307
5873.1;0.478
5873.6;0.355
5874.1;0.21
5874.6;0.298
5875.1;0.075
5875.6;0.298
5876.1;0.141
5876.6;0.08
5877.1;0.05
5877.6;0.174
5878.1;0.123
5878.6;0.148
5879.1;0.116
5879.6;0.079
5880.1;0.093
5880.6;0.297
5881.1;0.225
5881.6;0.183
5882.1;0.247
5882.6;0.135
5883.1;0.185
5883.6;0.153
5884.1;0.072
5884.6;0.269
5885.1;0.221
5885.6;0.094
5886.1;0.109
5886.6;0.101
5887.1;0.075
5887.6;0.155
5888.1;0.057
5888.6;0.053
5889.1;0.026
5889.6;0.081
5890.1;0.237
5890.6;0.036
5891.1;0.193
5891.6;0.199
5892.1;0.514
5892.6;0.251
5893.1;0.438
5893.6;0.58
5894.1;0.138
5894.6;0.468
5895.1;0.489
5895.6;0.547
5896.1;0.021
5896.6;0.498
5897.1;0.639
5897.6;0.286
5898.1;0.255
5898.6;0.306
5899.1;0.548
5899.6;0.214
5900.1;0.344
5900.6;0.329
5901.1;0.26
5901.6;0.22
5902.1;0.188
5902.6;0.401
5903.1;0.267
5903.6;0.409
5904.1;0.108
5904.6;0.167
5905.1;0.101
5905.6;0.178
5906.1;0.103
5906.6;0.396
5907.1;0.254
5907.6;0.242
5908.1;0.296
5908.6;0.334
5909.1;0.455
5909.6;0.14
5910.1;0.635
5910.6;0.412
5911.1;0.364
5911.6;0.392
5912.1;0.729
5912.6;0.707
5913.1;0.649
5913.6;0.656
5914.1;0.558
5914.6;0.7
5915.1;0.51
5915.6;0.715
5916.1;0.593
5916.6;0.812
5917.1;0.653
5917.6;0.735
5918.1;0.667
5918.6;0.883
5919.1;1.01
5919.6;0.521
5920.1;0.89
5920.6;0.718
5921.1;0.98
5921.6;0.594
5922.1;1.193
5922.6;0.827
5923.1;0.882
5923.6;1.036
5924.1;0.951
5924.6;1.277
5925.1;0.725
5925.6;1.085
5926.1;1.024
5926.6;0.967
5927.1;0.601
5927.6;1.051
5928.1;1.139
5928.6;0.66
5929.1;1.145
5929.6;0.695
5930.1;0.982
5930.6;0.771
5931.1;0.958
5931.6;0.738
5932.1;0.923
5932.6;0.894
5933.1;0.413
5933.6;0.914
5934.1;0.417
5934.6;0.815
5935.1;0.9
5935.6;0.669
5936.1;0.409
5936.6;0.588
5937.1;1.019
5937.6;0.339
5938.1;0.871
5938.6;0.602
5939.1;0.542
5939.6;0.625
5940.1;0.291
5940.6;0.63
5941.1;0.3
5941.6;0.498
5942.1;0.377
5942.6;0.544
5943.1;0.269
5943.6;0.721
5944.1;1.049
5944.6;0.301
5945.1;0.354
5945.6;0.392
5946.1;0.694
5946.6;0.453
5947.1;0.3
5947.6;0.363
5948.1;0.324
5948.6;0.37
5949.1;0.16
5949.6;0.326
5950.1;0.439
5950.6;0.479
5951.1;0.197
5951.6;0.302
5952.1;0.291
5952.6;0.246
5953.1;0.342
5953.6;0.087
5954.1;0.388
5954.6;0.505
5955.1;0.456
5955.6;0.269
5956.1;0.236
5956.6;0.37
5957.1;0.639
5957.6;0.19
5958.1;0.276
5958.6;0.469
5959.1;0.406
5959.6;0.066
5960.1;0.299
5960.6;0.136
5961.1;0.181
5961.6;0.16
5962.1;0.297
5962.6;0.461
5963.1;0.328
5963.6;0.224
5964.1;0.293
5964.6;0.189
5965.1;0.47
5965.6;0.262
5966.1;0.301
5966.6;0.562
5967.1;0.336
5967.6;0.075
5968.1;0.419
5968.6;0.513
5969.1;0.137
5969.6;0.211
5970.1;0.063
5970.6;0.494
5971.1;0.518
5971.6;0.488
5972.1;0.333
5972.6;0.343
5973.1;0.26
5973.6;0.402
5974.1;0.802
5974.6;0.316
5975.1;0.468
5975.6;0.298
5976.1;0.377
5976.6;0.086
5977.1;0.579
5977.6;0.383
5978.1;0.223
5978.6;0.463
5979.1;0.323
5979.6;0.837
5980.1;0.389
5980.6;0.667
5981.1;0.384
5981.6;0.326
5982.1;0.106
5982.6;0.442
5983.1;0.026
5983.6;0.445
5984.1;0.383
5984.6;0.275
5985.1;0.389
5985.6;0.306
5986.1;0.325
5986.6;0.333
5987.1;0.28
5987.6;0.075
5988.1;0.448
5988.6;0.61
5989.1;0.381
5989.6;0.353
5990.1;0.528
5990.6;0.322
5991.1;0.35
5991.6;0.343
5992.1;0.616
5992.6;0.366
5993.1;0.583
5993.6;0.285
5994.1;0.587
5994.6;0.374
5995.1;0.545
5995.6;0.472
5996.1;0.255
5996.6;0.36
5997.1;0.438
5997.6;0.288
5998.1;0.103
5998.6;0.327
5999.1;0.232
5999.6;0.198
6000.1;0.159
6000.6;0.223
6001.1;0.32
6001.6;0.163
6002.1;0.159
6002.6;0.094
6003.1;0.233
6003.6;0.083
6004.1;0.216
6004.6;0.152
6005.1;0.207
6005.6;0.312
6006.1;0.149
6006.6;0.403
6007.1;0.201
6007.6;0.391
6008.1;0.138
6008.6;0.562
6009.1;0.304
6009.6;0.412
6010.1;0.488
6010.6;0.164
6011.1;0.407
6011.6;0.109
6012.1;0.233
6012.6;0.101
6013.1;0.419
6013.6;0.157
6014.1;0.388
6014.6;0.474
6015.1;0.175
6015.6;0.217
6016.1;0.261
6016.6;0.398
6017.1;0.163
6017.6;0.468
6018.1;0.341
6018.6;0.249
6019.1;0.645
6019.6;0.253
6020.1;0.348
6020.6;0.518
6021.1;0.611
6021.6;0.381
6022.1;0.461
6022.6;0.667
6023.1;0.49
6023.6;0.609
6024.1;0.47
6024.6;0.62
6025.1;0.729
6025.6;0.582
6026.1;0.597
6026.6;0.796
6027.1;0.9
6027.6;0.546
6028.1;0.8
6028.6;0.529
6029.1;0.624
6029.6;0.513
6030.1;0.499
6030.6;0.645
6031.1;0.245
6031.6;0.738
6032.1;0.329
6032.6;0.635
6033.1;0.506
6033.6;0.333
6034.1;0.483
6034.6;0.12
6035.1;0.311
6035.6;0.244
6036.1;0.347
6036.6;0.104
6037.1;0.597
6037.6;0.323
6038.1;0.556
6038.6;0.434
6039.1;0.179
6039.6;0.237
6040.1;0.309
6040.6;0.505
6041.1;0.294
6041.6;0.589
6042.1;0.199
6042.6;0.464
6043.1;0.38
6043.6;0.366
6044.1;0.281
6044.6;0.197
6045.1;0.273
6045.6;0.215
6046.1;0.285
6046.6;0.103
6047.1;0.404
6047.6;0.169
6048.1;0.341
6048.6;0.256
6049.1;0.237
6049.6;0.309
6050.1;0.377
6050.6;0.497
6051.1;0.271
6051.6;0.481
6052.1;0.609
6052.6;0.53
6053.1;0.583
6053.6;0.579
6054.1;0.572
6054.6;0.847
6055.1;0.44
6055.6;0.629
6056.1;0.625
6056.6;0.422
6057.1;0.537
6057.6;0.147
6058.1;0.643
6058.6;0.238
6059.1;0.374
6059.6;0.386
6060.1;0.442
6060.6;0.426
6061.1;0.284
6061.6;0.632
6062.1;0.429
6062.6;0.409
6063.1;0.351
6063.6;0.46
6064.1;0.437
6064.6;0.473
6065.1;0.384
6065.6;0.519
6066.1;0.516
6066.6;0.481
6067.1;0.45
6067.6;0.418
6068.1;0.331
6068.6;0.367
6069.1;0.096
6069.6;0.27
6070.1;0.094
6070.6;0.078
6071.1;0.211
6071.6;0.292
6072.1;0.225
6072.6;0.28
6073.1;0.305
6073.6;0.467
6074.1;0.294
6074.6;0.386
6075.1;0.472
6075.6;0.474
6076.1;0.36
6076.6;0.457
6077.1;0.622
6077.6;0.625
6078.1;0.533
6078.6;0.789
6079.1;0.746
6079.6;0.691
6080.1;0.803
6080.6;0.395
6081.1;0.555
6081.6;0.724
6082.1;0.243
6082.6;0.286
6083.1;0.41
6083.6;0.539
6084.1;0.163
6084.6;0.412
6085.1;0.253
6085.6;0.365
6086.1;0.084
6086.6;0.278
6087.1;0.092
6087.6;0.248
6088.1;0.116
6088.6;0.109
6089.1;0.238
6089.6;0.202
6090.1;0.123
6090.6;0.25
6091.1;0.349
6091.6;0.23
6092.1;0.196
6092.6;0.198
6093.1;0.435
6093.6;0.093
6094.1;0.304
6094.6;0.275
6095.1;0.222
6095.6;0.348
6096.1;0.303
6096.6;0.473
6097.1;0.378
6097.6;0.426
6098.1;0.428
6098.6;0.345
6099.1;0.484
6099.6;0.581
6100.1;0.398
6100.6;0.536
6101.1;0.448
6101.6;0.393
6102.1;0.53
6102.6;0.532
6103.1;0.163
6103.6;0.438
6104.1;0.16
6104.6;0.344
6105.1;0.36
6105.6;0.164
6106.1;0.394
6106.6;0.144
6107.1;0.216
6107.6;0.123
6108.1;0.378
6108.6;0.107
6109.1;0.486
6109.6;0.309
6110.1;0.385
6110.6;0.356
6111.1;0.361
6111.6;0.508
6112.1;0.388
6112.6;0.378
6113.1;0.28
6113.6;0.574
6114.1;0.308
6114.6;0.701
6115.1;0.501
6115.6;0.46
6116.1;0.839
6116.6;0.39
6117.1;0.618
6117.6;0.593
6118.1;0.416
6118.6;0.397
6119.1;0.516
6119.6;0.322
6120.1;0.454
6120.6;0.5
6121.1;0.209
6121.6;0.537
6122.1;0.449
6122.6;0.458
6123.1;0.655
6123.6;0.478
6124.1;0.675
6124.6;0.784
6125.1;0.787
6125.6;0.548
6126.1;0.662
6126.6;0.49
6127.1;0.852
6127.6;0.69
6128.1;0.435
6128.6;0.909
6129.1;0.511
6129.6;0.508
6130.1;0.625
6130.6;0.439
6131.1;0.691
6131.6;0.726
6132.1;0.413
6132.6;0.63
6133.1;0.953
6133.6;0.456
6134.1;0.39
6134.6;0.617
6135.1;0.465
6135.6;0.43
6136.1;0.352
6136.6;0.346
6137.1;0.497
6137.6;0.118
6138.1;0.342
6138.6;0.249
6139.1;0.194
6139.6;0.042
6140.1;0.383
6140.6;0.186
6141.1;0.353
6141.6;0.547
6142.1;0.248
6142.6;0.345
6143.1;0.332
6143.6;0.27
6144.1;0.066
6144.6;0.243
6145.1;0.337
6145.6;0.166
6146.1;0.17
6146.6;0.113
6147.1;0.328
6147.6;0.283
6148.1;0.419
6148.6;0.292
6149.1;0.393
6149.6;0.26
6150.1;0.155
6150.6;0.148
6151.1;0.048
6151.6;0.24
6152.1;0.216
6152.6;0.183
6153.1;0.189
6153.6;0.245
6154.1;0.176
6154.6;0.284
6155.1;0.158
6155.6;0.168
6156.1;0.527
6156.6;0.125
6157.1;0.28
6157.6;0.277
6158.1;0.057
6158.6;0.188
6159.1;0.143
6159.6;0.189
6160.1;0.173
6160.6;0.176
6161.1;0.145
6161.6;0.303
6162.1;0.212
6162.6;0.333
6163.1;0.231
6163.6;0.072
6164.1;0.17
6164.6;0.175
6165.1;0.195
6165.6;0.174
6166.1;0.16
6166.6;0.13
6167.1;0.177
6167.6;0.032
6168.1;0.136
6168.6;0.036
6169.1;0.237
6169.6;0.015
6170.1;0.258
6170.6;0.329
6171.1;0.208
6171.6;0.407
6172.1;0.157
6172.6;0.276
6173.1;0.322
6173.6;0.246
6174.1;0.245
6174.6;0.352
6175.1;0.389
6175.6;0.188
6176.1;0.476
6176.6;0.12
6177.1;0.406
6177.6;0.247
6178.1;0.246
6178.6;0.332
6179.1;0.309
6179.6;0.212
6180.1;0.297
6180.6;0.264
6181.1;0.115
6181.6;0.377
6182.1;0.131
6182.6;0.234
6183.1;0.245
6183.6;0.193
6184.1;0.12
6184.6;0.235
6185.1;0.202
6185.6;0.165
6186.1;0.26
6186.6;0.141
6187.1;0.255
6187.6;0.135
6188.1;0.117
6188.6;0.152
6189.1;0.052
6189.6;0.065
6190.1;0.045
6190.6;0.023
6191.1;0.068
6191.6;0.073
6192.1;0.048
6192.6;0.097
6193.1;0.046
6193.6;0.085
6194.1;0.155
6194.6;0.01
6195.1;0.062
6195.6;0.113
6196.1;0.068
6196.6;0.037
6197.1;0.158
6197.6;0.196
6198.1;0.078
6198.6;0.013
6199.1;0.128
6199.6;0.096
6200.1;0.046
6200.6;0.11
6201.1;0.132
6201.6;0.098
6202.1;0.093
6202.6;0.175
6203.1;0.257
6203.6;0.042
6204.1;0.306
6204.6;0.264
6205.1;0.256
6205.6;0.303
6206.1;0.17
6206.6;0.175
6207.1;0.177
6207.6;0.263
6208.1;0.142
6208.6;0.28
6209.1;0.124
6209.6;0.224
6210.1;0.229
6210.6;0.226
6211.1;0.277
6211.6;0.166
6212.1;0.375
6212.6;0.071
6213.1;0.205
6213.6;0.165
6214.1;0.046
6214.6;0.023
6215.1;0.088
6215.6;0.153
6216.1;0.198
6216.6;0.075
6217.1;0.254
6217.6;0.252
6218.1;0.122
6218.6;0.33
6219.1;0.19
6219.6;0.158
6220.1;0.207
6220.6;0.139
6221.1;0.133
6221.6;0.182
6222.1;0.11
6222.6;0.186
6223.1;0.188
6223.6;0.128
6224.1;0.132
6224.6;0.091
6225.1;0.078
6225.6;0.14
6226.1;0.114
6226.6;0.043
6227.1;0.14
6227.6;0.22
6228.1;0.094
6228.6;0.075
6229.1;0.289
6229.6;0.035
6230.1;0.152
6230.6;0.016
6231.1;0.164
6231.6;0.071
6232.1;0.109
6232.6;0.151
6233.1;0.088
6233.6;0.181
6234.1;0.245
6234.6;0.116
6235.1;0.307
6235.6;0.291
6236.1;0.088
6236.6;0.325
6237.1;0.094
6237.6;0.147
6238.1;0.243
6238.6;0.273
6239.1;0.161
6239.6;0.356
6240.1;0.259
6240.6;0.254
6241.1;0.373
6241.6;0.063
6242.1;0.332
6242.6;0.156
6243.1;0.233
6243.6;0.197
6244.1;0.148
6244.6;0.127
6245.1;0.277
6245.6;0.198
6246.1;0.309
6246.6;0.444
6247.1;0.088
6247.6;0.357
6248.1;0.362
6248.6;0.088
6249.1;0.256
6249.6;0.13
6250.1;0.151
6250.6;0.148
6251.1;0.163
6251.6;0.129
6252.1;0.091
6252.6;0.084
6253.1;0.05
6253.6;0.064
6254.1;0.132
6254.6;0.192
6255.1;0.167
6255.6;0.206
6256.1;0.221
6256.6;0.128
6257.1;0.45
6257.6;0.267
6258.1;0.313
6258.6;0.36
6259.1;0.048
6259.6;0.152
6260.1;0.137
6260.6;0.255
6261.1;0.135
6261.6;0.296
6262.1;0.151
6262.6;0.38
6263.1;0.275
6263.6;0.378
6264.1;0.339
6264.6;0.165
6265.1;0.117
6265.6;0.351
6266.1;0.358
6266.6;0.077
6267.1;0.348
6267.6;0.454
6268.1;0.161
6268.6;0.397
6269.1;0.262
6269.6;0.36
6270.1;0.235
6270.6;0.452
6271.1;0.453
6271.6;0.17
6272.1;0.551
6272.6;0.524
6273.1;0.341
6273.6;0.449
6274.1;0.533
6274.6;0.15
6275.1;0.796
6275.6;0.77
6276.1;0.218
6276.6;0.523
6277.1;0.505
6277.6;0.872
6278.1;0.189
6278.6;0.782
6279.1;0.688
6279.6;0.589
6280.1;0.267
6280.6;0.75
6281.1;0.66
6281.6;0.472
6282.1;0.879
6282.6;0.185
6283.1;0.789
6283.6;0.382
6284.1;0.596
6284.6;0.616
6285.1;0.651
6285.6;0.502
6286.1;0.505
6286.6;0.74
6287.1;0.431
6287.6;0.663
6288.1;0.122
6288.6;0.868
6289.1;0.356
6289.6;0.513
6290.1;0.511
6290.6;0.455
6291.1;0.255
6291.6;0.396
6292.1;0.321
6292.6;0.349
6293.1;0.529
6293.6;0.157
6294.1;0.523
6294.6;0.242
6295.1;0.581
6295.6;0.217
6296.1;0.327
6296.6;0.43
6297.1;0.036
6297.6;0.129
6298.1;0.39
6298.6;0.363
6299.1;0.464
6299.6;0.48
6300.1;0.284
6300.6;0.528
6301.1;0.177
6301.6;0.478
6302.1;0.263
6302.6;0.327
6303.1;0.245
6303.6;0.27
6304.1;0.23
6304.6;0.474
6305.1;0.183
6305.6;0.795
6306.1;0.677
6306.6;0.603
6307.1;0.948
6307.6;0.284
6308.1;0.877
6308.6;0.66
6309.1;1.181
6309.6;0.774
6310.1;1.096
6310.6;1.057
6311.1;1.308
6311.6;0.98
6312.1;1.204
6312.6;0.902
6313.1;1.012
6313.6;1.224
6314.1;0.718
6314.6;1.271
6315.1;0.661
6315.6;1.114
6316.1;0.751
6316.6;0.957
6317.1;0.921
6317.6;0.586
6318.1;0.543
6318.6;0.606
6319.1;0.574
6319.6;0.773
6320.1;0.65
6320.6;0.711
6321.1;0.8
6321.6;0.565
6322.1;0.728
6322.6;0.629
6323.1;0.341
6323.6;0.348
6324.1;0.678
6324.6;0.437
6325.1;0.405
6325.6;0.48
6326.1;0.289
6326.6;0.722
6327.1;0.563
6327.6;0.511
6328.1;0.626
6328.6;0.344
6329.1;0.294
6329.6;0.124
6330.1;0.448
6330.6;0.439
6331.1;0.417
6331.6;0.698
6332.1;0.738
6332.6;0.701
6333.1;0.609
6333.6;0.927
6334.1;0.297
6334.6;0.72
6335.1;0.419
6335.6;0.687
6336.1;0.567
6336.6;0.907
6337.1;0.586
6337.6;0.839
6338.1;0.914
6338.6;0.42
6339.1;0.836
6339.6;0.363
6340.1;0.669
6340.6;0.554
6341.1;0.832
6341.6;0.303
6342.1;0.814
6342.6;0.431
6343.1;0.765
6343.6;0.53
6344.1;0.663
6344.6;0.996
6345.1;0.227
6345.6;0.592
6346.1;0.578
6346.6;0.531
6347.1;0.262
6347.6;0.608
6348.1;0.174
6348.6;0.721
6349.1;0.406
6349.6;0.38
6350.1;0.498
6350.6;0.187
6351.1;0.36
6351.6;0.35
6352.1;0.286
6352.6;0.374
6353.1;0.215
6353.6;0.357
6354.1;0.397
6354.6;0.33
6355.1;0.388
6355.6;0.226
6356.1;0.349
6356.6;0.176
6357.1;0.411
6357.6;0.257
6358.1;0.456
6358.6;0.187
6359.1;0.305
6359.6;0.201
6360.1;0.363
6360.6;0.253
6361.1;0.262
6361.6;0.46
6362.1;0.293
6362.6;0.49
6363.1;0.106
6363.6;0.348
6364.1;0.078
6364.6;0.41
6365.1;0.067
6365.6;0.41
6366.1;0.364
6366.6;0.36
6367.1;0.439
6367.6;0.177
6368.1;0.498
6368.6;0.131
6369.1;0.408
6369.6;0.169
6370.1;0.298
6370.6;0.123
6371.1;0.447
6371.6;0.131
6372.1;0.364
6372.6;0.564
6373.1;0.207
6373.6;0.506
6374.1;0.295
6374.6;0.128
6375.1;0.35
6375.6;0.199
6376.1;0.106
6376.6;0.334
6377.1;0.243
6377.6;0.155
6378.1;0.268
6378.6;0.186
6379.1;0.26
6379.6;0.206
6380.1;0.197
6380.6;0.41
6381.1;0.349
6381.6;0.174
6382.1;0.125
6382.6;0.231
6383.1;0.405
6383.6;0.411
6384.1;0.45
6384.6;0.353
6385.1;0.383
6385.6;0.503
6386.1;0.265
6386.6;0.278
6387.1;0.189
6387.6;0.105
6388.1;0.107
6388.6;0.158
6389.1;0.075
6389.6;0.272
6390.1;0.178
6390.6;0.038
6391.1;0.228
6391.6;0.105
6392.1;0.232
6392.6;0.033
6393.1;0.359
6393.6;0.355
6394.1;0.37
6394.6;0.388
6395.1;0.127
6395.6;0.278
6396.1;0.158
6396.6;0.253
6397.1;0.025
6397.6;0.27
6398.1;0.13
6398.6;0.241
6399.1;0.182
6399.6;0.203
6400.1;0.441
6400.6;0.284
6401.1;0.444
6401.6;0.274
6402.1;0.365
6402.6;0.356
6403.1;0.094
6403.6;0.272
6404.1;0.181
6404.6;0.229
6405.1;0.134
6405.6;0.256
6406.1;0.332
6406.6;0.08
6407.1;0.297
6407.6;0.494
6408.1;0.344
6408.6;0.456
6409.1;0.587
6409.6;0.307
6410.1;0.382
6410.6;0.285
6411.1;0.286
6411.6;0.59
6412.1;0.419
6412.6;0.163
6413.1;0.386
6413.6;0.346
6414.1;0.561
6414.6;0.474
6415.1;0.686
6415.6;0.514
6416.1;0.487
6416.6;0.094
6417.1;0.243
6417.6;0.431
6418.1;0.634
6418.6;0.465
6419.1;0.537
6419.6;0.365
6420.1;0.02
6420.6;0.107
6421.1;0.323
6421.6;0.439
6422.1;0.26
6422.6;0.176
6423.1;0.205
6423.6;0.288
6424.1;0.362
6424.6;0.325
6425.1;0.062
6425.6;0.248
6426.1;0.063
6426.6;0.564
6427.1;0.532
6427.6;0.438
6428.1;0.299
6428.6;0.287
6429.1;0.166
6429.6;0.258
6430.1;0.181
6430.6;0.082
6431.1;0.166
6431.6;0.327
6432.1;0.303
6432.6;0.224
6433.1;0.347
6433.6;0.229
6434.1;0.222
6434.6;0.216
6435.1;0.147
6435.6;0.116
6436.1;0.282
6436.6;0.255
6437.1;0.207
6437.6;0.049
6438.1;0.088
6438.6;0.05
6439.1;0.258
6439.6;0.405
6440.1;0.198
6440.6;0.04
6441.1;0.018
6441.6;0.069
6442.1;0.028
6442.6;0.199
6443.1;0.192
6443.6;0.101
6444.1;0.082
6444.6;0.107
6445.1;0.092
6445.6;0.087
6446.1;0.172
6446.6;0.21
6447.1;0.227
6447.6;0.193
6448.1;0.145
6448.6;0.239
6449.1;0.027
6449.6;0.322
6450.1;0.344
6450.6;0.274
6451.1;0.38
6451.6;0.259
6452.1;0.047
6452.6;0.366
6453.1;0.416
6453.6;0.23
6454.1;0.416
6454.6;0.389
6455.1;0.3
6455.6;0.176
6456.1;0.159
6456.6;0.146
6457.1;0.068
6457.6;0.115
6458.1;0.24
6458.6;0.229
6459.1;0.065
6459.6;0.204
6460.1;0.29
6460.6;0.301
6461.1;0.289
6461.6;0.593
6462.1;0.226
6462.6;0.32
6463.1;0.217
6463.6;0.279
6464.1;0.069
6464.6;0.227
6465.1;0.126
6465.6;0.204
6466.1;0.146
6466.6;0.286
6467.1;0.223
6467.6;0.239
6468.1;0.374
6468.6;0.182
6469.1;0.189
6469.6;0.16
6470.1;0.248
6470.6;0.126
6471.1;0.449
6471.6;0.23
6472.1;0.186
6472.6;0.283
6473.1;0.196
6473.6;0.078
6474.1;0.288
6474.6;0.133
6475.1;0.305
6475.6;0.249
6476.1;0.308
6476.6;0.476
6477.1;0.209
6477.6;0.125
6478.1;0.202
6478.6;0.095
6479.1;0.525
6479.6;0.507
6480.1;0.101
6480.6;0.342
6481.1;0.12
6481.6;0.168
6482.1;0.15
6482.6;0.238
6483.1;0.28
6483.6;0.109
6484.1;0.181
6484.6;0.183
6485.1;0.376
6485.6;0.356
6486.1;0.382
6486.6;0.146
6487.1;0.094
6487.6;0.408
6488.1;0.466
6488.6;0.227
6489.1;0.314
6489.6;0.379
6490.1;0.474
6490.6;0.272
6491.1;0.184
6491.6;0.354
6492.1;0.219
6492.6;0.384
6493.1;0.281
6493.6;0.212
6494.1;0.024
6494.6;0.097
6495.1;0.272
6495.6;0.429
6496.1;0.183
6496.6;0.573
6497.1;0.595
6497.6;0.436
6498.1;0.342
6498.6;0.256
6499.1;0.307
6499.6;0.331
6500.1;0.576
6500.6;0.349
6501.1;0.229
6501.6;0.084
6502.1;0.3
6502.6;0.234
6503.1;0.433
6503.6;0.229
6504.1;0.299
6504.6;0.33
6505.1;0.434
6505.6;0.431
6506.1;0.452
6506.6;0.607
6507.1;0.317
6507.6;0.307
6508.1;0.305
6508.6;0.366
6509.1;0.401
6509.6;0.055
6510.1;0.122
6510.6;0.124
6511.1;0.207
6511.6;0.262
6512.1;0.141
6512.6;0.262
6513.1;0.256
6513.6;0.439
6514.1;0.041
6514.6;0.568
6515.1;0.355
6515.6;0.215
6516.1;0.423
6516.6;0.138
6517.1;0.205
6517.6;0.126
6518.1;0.348
6518.6;0.112
6519.1;0.072
6519.6;0.234
6520.1;0.079
6520.6;0.234
6521.1;0.416
6521.6;0.122
6522.1;0.294
6522.6;0.189
6523.1;0.037
6523.6;0.228
6524.1;0.507
6524.6;0.116
6525.1;0.321
6525.6;0.334
6526.1;0.247
6526.6;0.209
6527.1;0.125
6527.6;0.081
6528.1;0.286
6528.6;0.255
6529.1;0.172
6529.6;0.443
6530.1;0.242
6530.6;0.48
6531.1;0.087
6531.6;0.287
6532.1;0.302
6532.6;0.237
6533.1;0.056
6533.6;0.248
6534.1;0.249
6534.6;0.077
6535.1;0.109
6535.6;0.238
6536.1;0.236
6536.6;0.118
6537.1;0.258
6537.6;0.28
6538.1;0.243
6538.6;0.386
6539.1;0.104
6539.6;0.196
6540.1;0.065
6540.6;0.278
6541.1;0.107
6541.6;0.278
6542.1;0.174
6542.6;0.254
6543.1;0.391
6543.6;0.217
6544.1;0.328
6544.6;0.362
6545.1;0.3
6545.6;0.243
6546.1;0.162
6546.6;0.176
6547.1;0.201
6547.6;0.312
6548.1;0.051
6548.6;0.368
6549.1;0.253
6549.6;0.178
6550.1;0.155
6550.6;0.136
6551.1;0.192
6551.6;0.231
6552.1;0.071
6552.6;0.3
6553.1;0.117
6553.6;0.204
6554.1;0.148
6554.6;0.23
6555.1;0.214
6555.6;0.213
6556.1;0.182
6556.6;0.372
6557.1;0.506
6557.6;0.215
6558.1;0.254
6558.6;0.42
6559.1;0.282
6559.6;0.067
6560.1;0.54
6560.6;0.385
6561.1;0.214
6561.6;0.478
6562.1;0.268
6562.6;0.356
6563.1;0.25
6563.6;0.111
6564.1;0.059
6564.6;0.144
6565.1;0.139
6565.6;0.576
6566.1;0.232
6566.6;0.337
6567.1;0.459
6567.6;0.206
6568.1;0.239
6568.6;0.199
6569.1;0.403
6569.6;0.141
6570.1;0.472
6570.6;0.258
6571.1;0.144
6571.6;0.143
6572.1;0.266
6572.6;0.207
6573.1;0.675
6573.6;0.27
6574.1;0.699
6574.6;0.513
6575.1;0.316
6575.6;0.405
6576.1;0.011
6576.6;0.349
6577.1;0.151
6577.6;0.13
6578.1;0.352
6578.6;0.164
6579.1;0.487
6579.6;0.452
6580.1;0.453
6580.6;0.665
6581.1;0.325
6581.6;0.281
6582.1;0.222
6582.6;0.434
6583.1;0.256
6583.6;0.758
6584.1;0.504
6584.6;0.229
6585.1;0.454
6585.6;0.322
6586.1;0.274
6586.6;0.163
6587.1;0.278
6587.6;0.944
6588.1;0.881
6588.6;0.083
6589.1;0.71
6589.6;0.647
6590.1;0.285
6590.6;0.148
6591.1;0.052
6591.6;0.475
6592.1;0.502
6592.6;0.302
6593.1;0.599
6593.6;0.478
6594.1;0.402
6594.6;0.301
6595.1;0.14
6595.6;0.252
6596.1;0.341
6596.6;0.444
6597.1;0.212
6597.6;0.412
6598.1;0.337
6598.6;0.321
6599.1;0.325
6599.6;0.192
6600.1;0.347
6600.6;0.775
6601.1;0.413
6601.6;0.452
6602.1;0.466
6602.6;0.4
6603.1;0.454
6603.6;0.099
6604.1;0.236
6604.6;0.467
6605.1;0.654
6605.6;0.833
6606.1;0.76
6606.6;0.163
6607.1;0.499
6607.6;0.327
6608.1;0.999
6608.6;0.765
6609.1;0.601
6609.6;1.055
6610.1;0.71
6610.6;0.541
6611.1;0.364
6611.6;0.415
6612.1;0.491
6612.6;0.581
6613.1;0.868
6613.6;0.468
6614.1;0.273
6614.6;0.977
6615.1;0.723
6615.6;0.235
6616.1;0.504
6616.6;0.166
6617.1;0.224
6617.6;0.374
6618.1;0.375
6618.6;0.365
6619.1;0.302
6619.6;0.333
6620.1;0.296
6620.6;0.369
6621.1;0.065
6621.6;0.496
6622.1;0.539
6622.6;0.649
6623.1;0.602
6623.6;0.271
6624.1;0.6
6624.6;0.678
6625.1;0.645
6625.6;0.612
6626.1;0.506
6626.6;0.439
6627.1;0.451
6627.6;0.616
6628.1;0.414
6628.6;0.157
6629.1;0.125
6629.6;0.409
6630.1;0.535
6630.6;0.426
6631.1;0.245
6631.6;0.126
6632.1;0.14
6632.6;0.236
6633.1;0.269
6633.6;0.407
6634.1;0.548
6634.6;0.638
6635.1;0.517
6635.6;0.475
6636.1;0.607
6636.6;0.3
6637.1;0.129
6637.6;0.509
6638.1;0.457
6638.6;0.537
6639.1;0.697
6639.6;0.552
6640.1;0.776
6640.6;0.227
6641.1;0.502
6641.6;0.084
6642.1;0.28
6642.6;0.244
6643.1;0.404
6643.6;0.465
6644.1;0.2
6644.6;0.485
6645.1;0.099
6645.6;0.312
6646.1;0.061
6646.6;0.629
6647.1;1.005
6647.6;0.735
6648.1;0.655
6648.6;0.389
6649.1;0.459
6649.6;0.758
6650.1;0.718
6650.6;0.98
6651.1;1.158
6651.6;0.554
6652.1;0.658
6652.6;0.824
6653.1;0.305
6653.6;0.371
6654.1;0.268
6654.6;0.339
6655.1;0.24
6655.6;0.263
6656.1;0.289
6656.6;0.485
6657.1;0.29
6657.6;0.569
6658.1;0.535
6658.6;0.515
6659.1;0.502
6659.6;1.013
6660.1;0.761
6660.6;0.487
6661.1;0.935
6661.6;0.332
6662.1;0.543
6662.6;0.461
6663.1;0.093
6663.6;0.287
6664.1;0.528
6664.6;0.344
6665.1;0.388
6665.6;0.36
6666.1;0.195
6666.6;0.313
6667.1;0.562
6667.6;0.548
6668.1;0.23
6668.6;0.483
6669.1;0.932
6669.6;1.005
6670.1;0.583
6670.6;0.778
6671.1;0.924
6671.6;0.551
6672.1;0.115
6672.6;0.613
6673.1;0.603
6673.6;0.29
6674.1;0.598
6674.6;0.429
6675.1;0.28
6675.6;0.115
6676.1;0.298
6676.6;0.231
6677.1;0.199
6677.6;0.332
6678.1;0.334
6678.6;0.321
6679.1;0.038
6679.6;0.445
6680.1;0.344
6680.6;0.457
6681.1;0.862
6681.6;0.827
6682.1;0.51
6682.6;0.81
6683.1;0.514
6683.6;0.819
6684.1;0.404
6684.6;0.368
6685.1;0.174
6685.6;0.442
6686.1;0.412
6686.6;0.845
6687.1;0.824
6687.6;0.248
6688.1;0.995
6688.6;0.525
6689.1;0.259
6689.6;0.203
6690.1;0.436
6690.6;0.318
6691.1;0.581
6691.6;0.707
6692.1;0.257
6692.6;0.823
6693.1;0.788
6693.6;0.472
6694.1;0.483
6694.6;0.385
6695.1;0.215
6695.6;0.564
6696.1;0.877
6696.6;0.309
6697.1;0.508
6697.6;0.124
6698.1;1.159
6698.6;1.533
6699.1;0.727
6699.6;0.835
6700.1;1.219
6700.6;0.643
6701.1;0.363
6701.6;1.363
6702.1;1.042
6702.6;0.604
6703.1;1.462
6703.6;1.251
6704.1;0.689
6704.6;0.811
6705.1;0.917
6705.6;1.14
6706.1;0.836
6706.6;0.77
6707.1;1.112
6707.6;0.828
6708.1;1.119
6708.6;1.386
6709.1;0.74
6709.6;0.054
6710.1;0.242
6710.6;0.339
6711.1;0.759
6711.6;0.954
6712.1;0.453
6712.6;1.043
6713.1;1.021
6713.6;0.085
6714.1;0.562
6714.6;0.473
6715.1;0.708
6715.6;0.843
6716.1;0.509
6716.6;1.434
6717.1;1.46
6717.6;0.076
6718.1;1.544
6718.6;1.372
6719.1;0.133
6719.6;0.235
6720.1;0.582
6720.6;0.554
6721.1;0.213
6721.6;0.765
6722.1;0.512
6722.6;0.473
6723.1;0.251
6723.6;0.549
6724.1;0.26
6724.6;0.783
6725.1;0.603
6725.6;0.701
6726.1;0.701
6726.6;0.444
6727.1;0.152
6727.6;0.495
6728.1;0.383
6728.6;0.5
6729.1;1.035
6729.6;1.27
6730.1;0.827
6730.6;0.462
6731.1;1.012
6731.6;0.932
6732.1;0.746
6732.6;0.397
6733.1;0.271
6733.6;0.392
6734.1;0.576
6734.6;0.914
6735.1;1.218
6735.6;0.265
6736.1;1.074
6736.6;1.007
6737.1;0.216
6737.6;0.807
6738.1;0.437
6738.6;0.47
6739.1;0.215
6739.6;0.109
6740.1;0.092
6740.6;0.23
6741.1;0.449
6741.6;0.531
6742.1;0.109
6742.6;0.799
6743.1;0.886
6743.6;0.193
6744.1;0.765
6744.6;0.581
6745.1;0.173
6745.6;0.424
6746.1;0.397
6746.6;0.369
6747.1;0.723
6747.6;0.363
6748.1;0.578
6748.6;0.29
6749.1;0.592
6749.6;0.724
6750.1;0.291
6750.6;0.363
6751.1;0.182
6751.6;0.3
6752.1;0.04
6752.6;0.62
6753.1;0.85
6753.6;0.34
6754.1;0.547
6754.6;0.083
6755.1;0.513
6755.6;0.531
6756.1;0.327
6756.6;0.074
6757.1;0.371
6757.6;0.15
6758.1;0.683
6758.6;0.559
6759.1;0.119
6759.6;0.583
6760.1;0.361
6760.6;0.282
6761.1;0.588
6761.6;0.407
6762.1;0.196
6762.6;0.489
6763.1;0.254
6763.6;0.492
6764.1;0.401
6764.6;0.306
6765.1;0.318
6765.6;0.413
6766.1;0.131
6766.6;0.277
6767.1;0.228
6767.6;0.444
6768.1;0.501
6768.6;0.486
6769.1;0.546
6769.6;0.126
6770.1;0.302
6770.6;0.12
6771.1;0.323
6771.6;0.386
6772.1;0.62
6772.6;0.353
6773.1;0.315
6773.6;0.242
6774.1;0.477
6774.6;0.677
6775.1;0.083
6775.6;0.258
6776.1;0.195
6776.6;0.512
6777.1;0.561
6777.6;0.896
6778.1;0.375
6778.6;0.216
6779.1;0.163
6779.6;0.378
6780.1;0.264
6780.6;0.468
6781.1;0.785
6781.6;0.222
6782.1;0.631
6782.6;0.242
6783.1;0.188
6783.6;0.24
6784.1;0.416
6784.6;0.303
6785.1;0.39
6785.6;0.428
6786.1;0.517
6786.6;0.18
6787.1;0.338
6787.6;0.167
6788.1;0.536
6788.6;0.257
6789.1;0.431
6789.6;0.255
6790.1;0.121
6790.6;0.213
6791.1;0.785
6791.6;0.843
6792.1;0.177
6792.6;0.732
6793.1;0.668
6793.6;0.468
6794.1;0.535
6794.6;0.368
6795.1;0.53
6795.6;0.526
6796.1;0.524
6796.6;0.201
6797.1;0.051
6797.6;0.174
6798.1;0.441
6798.6;0.643
6799.1;0.624
6799.6;0.838
6800.1;0.625
6800.6;0.267
6801.1;0.435
6801.6;0.131
6802.1;0.264
6802.6;0.657
6803.1;0.796
6803.6;0.248
6804.1;0.361
6804.6;0.445
6805.1;0.119
6805.6;0.911
6806.1;0.803
6806.6;0.399
6807.1;0.619
6807.6;0.182
6808.1;0.651
6808.6;0.61
6809.1;0.345
6809.6;0.541
6810.1;0.455
6810.6;0.829
6811.1;0.642
6811.6;0.263
6812.1;0.15
6812.6;0.412
6813.1;0.34
6813.6;1.113
6814.1;1.012
6814.6;0.745
6815.1;1.288
6815.6;0.411
6816.1;0.943
6816.6;1.118
6817.1;0.419
6817.6;0.463
6818.1;0.656
6818.6;0.351
6819.1;0.524
6819.6;0.545
6820.1;0.693
6820.6;1.195
6821.1;0.721
6821.6;0.865
6822.1;0.986
6822.6;0.399
6823.1;0.309
6823.6;0.283
6824.1;0.433
6824.6;0.234
6825.1;0.574
6825.6;0.554
6826.1;0.46
6826.6;0.133
6827.1;0.517
6827.6;0.054
6828.1;0.689
6828.6;0.794
6829.1;0.626
6829.6;0.441
6830.1;0.184
6830.6;0.102
6831.1;0.407
6831.6;1.026
6832.1;0.857
6832.6;0.757
6833.1;0.932
6833.6;0.506
6834.1;0.377
6834.6;0.391
6835.1;0.365
6835.6;0.572
6836.1;0.382
6836.6;0.676
6837.1;1.326
6837.6;0.892
6838.1;0.461
6838.6;0.6
6839.1;0.157
6839.6;0.55
6840.1;0.907
6840.6;1.724
6841.1;1.025
6841.6;0.627
6842.1;1.098
6842.6;0.294
6843.1;0.604
6843.6;0.251
6844.1;0.556
6844.6;0.763
6845.1;0.488
6845.6;0.221
6846.1;0.132
6846.6;0.399
6847.1;0.472
6847.6;0.329
6848.1;0.795
6848.6;0.543
6849.1;0.05
6849.6;0.389
6850.1;0.474
6850.6;0.706
6851.1;0.215
6851.6;0.47
6852.1;0.647
6852.6;0.376
6853.1;0.446
6853.6;0.449
6854.1;0.347
6854.6;0.286
6855.1;0.531
6855.6;0.485
6856.1;0.131
6856.6;0.299
6857.1;0.26
6857.6;0.396
6858.1;0.468
6858.6;0.182
6859.1;0.142
6859.6;0.08
6860.1;0.419
6860.6;0.427
6861.1;0.302
6861.6;0.521
6862.1;0.336
6862.6;0.142
6863.1;0.424
6863.6;0.358
6864.1;0.565
6864.6;0.858
6865.1;0.544
6865.6;0.425
6866.1;0.688
6866.6;0.249
6867.1;0.596
6867.6;0.413
6868.1;0.107
6868.6;0.419
6869.1;0.418
6869.6;0.166
6870.1;0.504
6870.6;0.308
6871.1;0.492
6871.6;0.401
6872.1;0.662
6872.6;0.899
6873.1;0.571
6873.6;0.661
6874.1;0.801
6874.6;0.466
6875.1;0.343
6875.6;0.291
6876.1;0.064
6876.6;0.542
6877.1;0.516
6877.6;0.318
6878.1;0.616
6878.6;0.225
6879.1;0.513
6879.6;0.451
6880.1;0.381
6880.6;0.497
6881.1;0.604
6881.6;0.257
6882.1;0.497
6882.6;0.579
6883.1;0.22
6883.6;0.168
6884.1;0.249
6884.6;0.204
6885.1;0.448
6885.6;0.447
6886.1;0.434
6886.6;0.429
6887.1;0.562
6887.6;0.201
6888.1;0.074
6888.6;0.044
6889.1;0.263
6889.6;0.149
6890.1;0.364
6890.6;0.306
6891.1;0.19
6891.6;0.384
6892.1;0.214
6892.6;0.303
6893.1;0.449
6893.6;0.628
6894.1;0.275
6894.6;0.468
6895.1;0.454
6895.6;0.043
6896.1;0.333
6896.6;0.406
6897.1;0.377
6897.6;0.379
6898.1;0.486
6898.6;0.561
6899.1;0.601
6899.6;0.778
6900.1;0.413
6900.6;0.378
6901.1;0.823
6901.6;0.981
6902.1;0.794
6902.6;1.081
6903.1;0.823
6903.6;0.334
6904.1;0.595
6904.6;0.143
6905.1;0.371
6905.6;0.483
6906.1;0.887
6906.6;0.531
6907.1;0.891
6907.6;0.83
6908.1;0.738
6908.6;0.844
6909.1;0.851
6909.6;0.436
6910.1;0.607
6910.6;0.62
6911.1;0.244
6911.6;0.936
6912.1;0.675
6912.6;0.988
6913.1;0.67
6913.6;0.684
6914.1;0.795
6914.6;0.398
6915.1;1.172
6915.6;1.197
6916.1;1.069
6916.6;1.68
6917.1;1.19
6917.6;1.082
6918.1;0.753
6918.6;0.213
6919.1;0.382
6919.6;0.77
6920.1;1.475
6920.6;1.646
6921.1;1.116
6921.6;1.425
6922.1;1.007
6922.6;0.766
6923.1;0.979
6923.6;0.306
6924.1;1.159
6924.6;0.486
6925.1;0.675
6925.6;0.15
6926.1;0.874
6926.6;0.488
6927.1;0.619
6927.6;0.679
6928.1;0.803
6928.6;0.694
6929.1;0.741
6929.6;0.897
6930.1;0.555
6930.6;1.06
6931.1;0.983
6931.6;0.774
6932.1;0.169
6932.6;0.982
6933.1;1.15
6933.6;0.895
6934.1;0.997
6934.6;0.702
6935.1;0.435
6935.6;0.567
6936.1;0.694
6936.6;0.924
6937.1;0.891
6937.6;1.228
6938.1;1.18
6938.6;0.301
6939.1;1.073
6939.6;1.251
6940.1;0.701
6940.6;0.439
6941.1;0.472
6941.6;0.8
6942.1;0.7
6942.6;0.426
6943.1;1.344
6943.6;1.235
6944.1;0.376
6944.6;0.694
6945.1;1.039
6945.6;0.403
6946.1;0.335
6946.6;0.594
6947.1;0.682
6947.6;0.21
6948.1;0.702
6948.6;0.756
6949.1;0.306
6949.6;0.401
6950.1;0.697
6950.6;0.956
6951.1;0.804
6951.6;0.128
6952.1;0.697
6952.6;0.51
6953.1;0.204
6953.6;0.119
6954.1;0.427
6954.6;0.773
6955.1;0.793
6955.6;0.191
6956.1;0.564
6956.6;0.77
6957.1;0.35
6957.6;0.19
6958.1;0.765
6958.6;0.711
6959.1;0.056
6959.6;0.739
6960.1;0.261
6960.6;0.843
6961.1;0.629
6961.6;0.186
6962.1;0.561
6962.6;0.041
6963.1;0.162
6963.6;0.233
6964.1;0.434
6964.6;0.738
6965.1;0.596
6965.6;0.12
6966.1;0.859
6966.6;1.032
6967.1;0.434
6967.6;0.5
6968.1;0.398
6968.6;0.205
6969.1;0.156
6969.6;0.596
6970.1;0.665
6970.6;0.503
6971.1;0.098
6971.6;0.725
6972.1;1.354
6972.6;0.87
6973.1;0.644
6973.6;0.872
6974.1;0.181
6974.6;0.407
6975.1;0.28
6975.6;0.379
6976.1;0.848
6976.6;0.797
6977.1;0.416
6977.6;0.371
6978.1;0.14
6978.6;0.415
6979.1;0.481
6979.6;0.349
6980.1;0.648
6980.6;0.325
6981.1;0.101
6981.6;0.18
6982.1;0.223
6982.6;0.333
6983.1;0.175
6983.6;0.261
6984.1;0.457
6984.6;0.42
6985.1;0.282
6985.6;0.531
6986.1;0.454
6986.6;0.401
6987.1;0.641
6987.6;0.15
6988.1;0.7
6988.6;0.726
6989.1;0.223
6989.6;0.403
6990.1;0.065
6990.6;0.548
6991.1;0.504
6991.6;0.93
6992.1;0.694
6992.6;0.294
6993.1;0.429
6993.6;0.362
6994.1;0.159
6994.6;0.574
6995.1;0.714
6995.6;0.455
6996.1;0.467
6996.6;0.373
6997.1;0.394
6997.6;0.205
6998.1;0.433
6998.6;0.45
6999.1;0.497
6999.6;0.728
7000.1;0.276
7000.6;0.544
7001.1;0.191
7001.6;0.079
7002.1;0.514
7002.6;0.679
7003.1;0.368
7003.6;0.497
7004.1;0.618
7004.6;0.373
7005.1;0.239
7005.6;0.158
7006.1;0.275
7006.6;0.504
7007.1;0.415
7007.6;0.62
7008.1;0.675
7008.6;0.394
7009.1;0.553
7009.6;0.42
7010.1;0.313
7010.6;0.68
7011.1;0.578
7011.6;0.411
7012.1;1.014
7012.6;0.472
7013.1;0.25
7013.6;0.573
7014.1;0.33
7014.6;0.522
7015.1;0.689
7015.6;0.428
7016.1;0.535
7016.6;0.439
7017.1;0.142
7017.6;0.381
7018.1;0.493
7018.6;0.094
7019.1;0.569
7019.6;0.706
7020.1;0.407
7020.6;0.696
7021.1;0.437
7021.6;0.148
7022.1;0.125
7022.6;0.176
7023.1;0.134
7023.6;0.522
7024.1;0.627
7024.6;0.59
7025.1;0.549
7025.6;0.286
7026.1;0.58
7026.6;0.656
7027.1;0.634
7027.6;0.36
7028.1;0.353
7028.6;0.47
7029.1;0.139
7029.6;0.228
7030.1;0.385
7030.6;0.381
7031.1;0.139
7031.6;0.108
7032.1;0.427
7032.6;0.769
7033.1;0.393
7033.6;0.702
7034.1;0.95
7034.6;0.464
7035.1;0.275
7035.6;0.146
7036.1;0.023
7036.6;0.444
7037.1;0.939
7037.6;0.637
7038.1;0.752
7038.6;0.99
7039.1;0.789
7039.6;0.888
7040.1;0.726
7040.6;0.456
7041.1;0.107
7041.6;0.454
7042.1;0.138
7042.6;0.619
7043.1;0.711
7043.6;0.855
7044.1;0.777
7044.6;0.907
7045.1;0.769
7045.6;0.929
7046.1;0.522
7046.6;0.225
7047.1;0.502
7047.6;0.086
7048.1;0.375
7048.6;0.419
7049.1;0.117
7049.6;0.308
7050.1;0.391
7050.6;0.166
7051.1;0.411
7051.6;0.24
7052.1;0.177
7052.6;0.402
7053.1;0.409
7053.6;0.337
7054.1;0.731
7054.6;0.437
7055.1;0.102
7055.6;0.26
7056.1;0.471
7056.6;0.299
7057.1;0.477
7057.6;0.218
7058.1;0.665
7058.6;0.67
7059.1;0.153
7059.6;0.443
7060.1;0.492
7060.6;0.108
7061.1;0.415
7061.6;0.624
7062.1;0.131
7062.6;0.395
7063.1;0.261
7063.6;0.219
7064.1;0.334
7064.6;0.113
7065.1;0.099
7065.6;0.23
7066.1;0.037
7066.6;0.295
7067.1;0.513
7067.6;0.684
7068.1;0.744
7068.6;0.282
7069.1;0.622
7069.6;0.705
7070.1;0.107
7070.6;0.252
7071.1;0.335
7071.6;0.177
7072.1;0.512
7072.6;0.642
7073.1;0.242
7073.6;0.411
7074.1;0.061
7074.6;0.985
7075.1;0.935
7075.6;0.253
7076.1;1.29
7076.6;1.144
7077.1;0.259
7077.6;0.351
7078.1;0.189
7078.6;0.231
7079.1;0.612
7079.6;0.617
7080.1;0.547
7080.6;0.476
7081.1;0.598
7081.6;0.783
7082.1;0.613
7082.6;0.501
7083.1;0.44
7083.6;0.533
7084.1;0.314
7084.6;0.363
7085.1;0.545
7085.6;0.845
7086.1;0.723
7086.6;0.73
7087.1;0.849
7087.6;0.196
7088.1;0.933
7088.6;0.857
7089.1;0.51
7089.6;0.086
7090.1;0.177
7090.6;0.393
7091.1;0.43
7091.6;0.318
7092.1;0.212
7092.6;0.417
7093.1;0.446
7093.6;0.24
7094.1;0.35
7094.6;0.325
7095.1;0.393
7095.6;0.305
7096.1;0.311
7096.6;0.712
7097.1;0.292
7097.6;0.331
7098.1;0.655
7098.6;0.521
7099.1;0.187
7099.6;0.305
7100.1;0.74
7100.6;0.332
7101.1;0.637
7101.6;0.595
7102.1;0.434
7102.6;0.116
7103.1;0.504
7103.6;0.098
7104.1;0.276
7104.6;0.326
7105.1;0.156
7105.6;0.243
7106.1;0.247
7106.6;0.311
7107.1;0.346
7107.6;0.449
7108.1;0.201
7108.6;0.376
7109.1;0.291
7109.6;0.508
7110.1;0.816
7110.6;0.193
7111.1;0.214
7111.6;0.126
7112.1;0.131
7112.6;0.212
7113.1;0.468
7113.6;0.681
7114.1;0.483
7114.6;0.155
7115.1;0.253
7115.6;0.328
7116.1;0.094
7116.6;0.451
7117.1;0.541
7117.6;0.166
7118.1;0.526
7118.6;0.047
7119.1;0.476
7119.6;0.261
7120.1;0.231
7120.6;0.305
7121.1;0.43
7121.6;0.383
7122.1;0.134
7122.6;0.552
7123.1;0.397
7123.6;0.196
7124.1;0.12
7124.6;0.425
7125.1;0.375
7125.6;0.26
7126.1;0.213
7126.6;0.483
7127.1;0.064
7127.6;0.393
7128.1;0.244
7128.6;0.356
7129.1;0.53
7129.6;0.286
7130.1;0.136
7130.6;0.212
7131.1;0.331
7131.6;0.183
7132.1;0.14
7132.6;0.257
7133.1;0.109
7133.6;0.228
7134.1;0.375
7134.6;0.528
7135.1;0.333
7135.6;0.122
7136.1;0.242
7136.6;0.336
7137.1;0.51
7137.6;0.678
7138.1;0.585
7138.6;0.671
7139.1;0.962
7139.6;0.654
7140.1;0.644
7140.6;0.659
7141.1;0.381
7141.6;0.226
7142.1;0.316
7142.6;0.327
7143.1;0.325
7143.6;0.137
7144.1;0.624
7144.6;0.52
7145.1;0.45
7145.6;0.76
7146.1;0.644
7146.6;0.708
7147.1;0.13
7147.6;0.474
7148.1;0.133
7148.6;0.404
7149.1;0.392
7149.6;0.594
7150.1;0.93
7150.6;0.369
7151.1;0.845
7151.6;0.835
7152.1;0.392
7152.6;0.412
7153.1;0.179
7153.6;0.458
7154.1;0.679
7154.6;0.768
7155.1;0.969
7155.6;0.858
7156.1;0.711
7156.6;0.519
7157.1;0.22
7157.6;0.203
7158.1;0.212
7158.6;0.217
7159.1;0.274
7159.6;0.57
7160.1;0.135
7160.6;0.246
7161.1;0.154
7161.6;0.42
7162.1;0.255
7162.6;0.406
7163.1;0.65
7163.6;0.534
7164.1;0.818
7164.6;0.586
7165.1;0.586
7165.6;0.662
7166.1;0.735
7166.6;0.967
7167.1;0.757
7167.6;0.407
7168.1;0.376
7168.6;0.399
7169.1;0.182
7169.6;0.303
7170.1;0.457
7170.6;0.537
7171.1;0.702
7171.6;0.64
7172.1;0.481
7172.6;0.233
7173.1;0.038
7173.6;0.153
7174.1;0.403
7174.6;0.466
7175.1;0.376
7175.6;0.491
7176.1;0.286
7176.6;0.369
7177.1;0.413
7177.6;0.414
7178.1;0.002
7178.6;0.269
7179.1;0.367
7179.6;0.276
7180.1;0.154
7180.6;0.103
7181.1;0.314
7181.6;0.093
7182.1;0.225
7182.6;0.213
7183.1;0.439
7183.6;0.384
7184.1;0.223
7184.6;0.487
7185.1;0.477
7185.6;0.165
7186.1;0.557
7186.6;0.57
7187.1;0.29
7187.6;0.243
7188.1;0.557
7188.6;0.532
7189.1;0.264
7189.6;0.116
7190.1;0.236
7190.6;0.018
7191.1;0.115
7191.6;0.16
7192.1;0.289
7192.6;0.131
7193.1;0.368
7193.6;0.261
7194.1;0.438
7194.6;0.488
7195.1;0.202
7195.6;0.354
7196.1;0.268
7196.6;0.208
7197.1;0.227
7197.6;0.245
7198.1;0.26
7198.6;0.15
7199.1;0.291
7199.6;0.522
7200.2;0.367
7200.7;0.062
7201.2;0.36
7201.7;0.584
7202.2;0.373
7202.7;0.357
7203.2;0.401
7203.7;0.158
7204.2;0.115
7204.7;0.526
7205.2;0.489
7205.7;0.142
7206.2;0.626
7206.7;0.676
7207.2;0.279
7207.7;0.429
7208.2;0.17
7208.7;0.22
7209.2;0.34
7209.7;0.684
7210.2;0.326
7210.7;0.619
7211.2;0.572
7211.7;0.401
7212.2;0.127
7212.7;0.22
7213.2;0.508
7213.7;0.028
7214.2;0.251
7214.7;0.051
7215.2;0.329
7215.7;0.195
7216.2;0.285
7216.7;0.265
7217.2;0.239
7217.7;0.381
7218.2;0.163
7218.7;0.246
7219.2;0.019
7219.7;0.089
7220.2;0.161
7220.7;0.258
7221.2;0.264
7221.7;0.245
7222.2;0.076
7222.7;0.272
7223.2;0.391
7223.7;0.106
7224.2;0.352
7224.7;0.591
7225.2;0.23
7225.7;0.384
7226.2;0.141
7226.7;0.367
7227.2;0.179
7227.7;0.351
7228.2;0.375
7228.7;0.476
7229.2;0.524
7229.7;0.461
7230.2;0.576
7230.7;0.399
7231.2;0.349
7231.7;0.409
7232.2;0.111
7232.7;0.389
7233.2;0.253
7233.7;0.667
7234.2;0.367
7234.7;0.361
7235.2;0.591
7235.7;0.193
7236.2;0.376
7236.7;0.255
7237.2;0.173
7237.7;0.057
7238.2;0.116
7238.7;0.145
7239.2;0.277
7239.7;0.11
7240.2;0.24
7240.7;0.269
7241.2;0.269
7241.7;0.108
7242.2;0.339
7242.7;0.214
7243.2;0.152
7243.7;0.133
7244.2;0.081
7244.7;0.147
7245.2;0.043
7245.7;0.245
7246.2;0.254
7246.7;0.197
7247.2;0.064
7247.7;0.128
7248.2;0.115
7248.7;0.34
7249.2;0.498
7249.7;0.575
7250.2;0.52
7250.7;0.49
7251.2;0.745
7251.7;0.629
7252.2;0.171
7252.7;0.332
7253.2;0.206
7253.7;0.265
7254.2;0.45
7254.7;0.514
7255.2;0.32
7255.7;0.223
7256.2;0.447
7256.7;0.162
7257.2;0.189
7257.7;0.131
7258.2;0.274
7258.7;0.056
7259.2;0.443
7259.7;0.153
7260.2;0.123
7260.7;0.283
7261.2;0.075
7261.7;0.069
7262.2;0.277
7262.7;0.029
7263.2;0.321
7263.7;0.424
7264.2;0.43
7264.7;0.534
7265.2;0.757
7265.7;0.752
7266.2;0.603
7266.7;0.658
7267.2;0.663
7267.7;0.45
7268.2;0.472
7268.7;0.477
7269.2;0.441
7269.7;0.166
7270.2;0.588
7270.7;0.024
7271.2;0.245
7271.7;0.21
7272.2;0.605
7272.7;0.386
7273.2;0.502
7273.7;0.962
7274.2;0.599
7274.7;0.351
7275.2;0.444
7275.7;0.212
7276.2;0.281
7276.7;0.295
7277.2;0.682
7277.7;0.32
7278.2;0.505
7278.7;0.526
7279.2;0.28
7279.7;0.382
7280.2;0.306
7280.7;0.831
7281.2;0.505
7281.7;0.732
7282.2;0.487
7282.7;0.221
7283.2;0.163
7283.7;0.476
7284.2;0.718
7284.7;0.487
7285.2;0.402
7285.7;0.691
7286.2;0.854
7286.7;0.49
7287.2;0.449
7287.7;0.519
7288.2;0.164
7288.7;0.241
7289.2;0.507
7289.7;0.387
7290.2;0.138
7290.7;0.473
7291.2;0.343
7291.7;0.778
7292.2;0.743
7292.7;0.621
7293.2;0.54
7293.7;0.553
7294.2;0.756
7294.7;0.129
7295.2;0.223
7295.7;0.726
7296.2;0.766
7296.7;0.05
7297.2;0.67
7297.7;0.378
7298.2;0.287
7298.7;0.346
7299.2;1.075
7299.7;0.961
7300.2;0.397
7300.7;0.853
7301.2;1.06
7301.7;1.184
7302.2;0.804
7302.7;0.541
7303.2;0.565
7303.7;0.637
7304.2;0.477
7304.7;0.431
7305.2;0.39
7305.7;0.342
7306.2;0.429
7306.7;0.363
7307.2;0.12
7307.7;0.219
7308.2;0.016
7308.7;0.111
7309.2;0.181
7309.7;0.438
7310.2;0.458
7310.7;0.338
7311.2;0.144
7311.7;0.737
7312.2;0.756
7312.7;0.244
7313.2;0.442
7313.7;0.564
7314.2;0.48
7314.7;0.542
7315.2;0.559
7315.7;1.055
7316.2;0.312
7316.7;0.505
7317.2;0.697
7317.7;0.188
7318.2;0.133
7318.7;0.544
7319.2;0.549
7319.7;0.25
7320.2;0.85
7320.7;0.568
7321.2;0.699
7321.7;0.675
7322.2;0.482
7322.7;0.425
7323.2;0.266
7323.7;0.515
7324.2;0.75
7324.7;0.714
7325.2;0.953
7325.7;0.796
7326.2;1.074
7326.7;0.88
7327.2;0.879
7327.7;0.701
7328.2;0.616
7328.7;0.904
7329.2;0.395
7329.7;0.519
7330.2;0.302
7330.7;0.342
7331.2;0.127
7331.7;0.311
7332.2;0.474
7332.7;0.432
7333.2;0.378
7333.7;0.204
7334.2;0.343
7334.7;0.107
7335.2;0.098
7335.7;0.361
7336.2;0.404
7336.7;0.079
7337.2;0.022
7337.7;0.185
7338.2;0.225
7338.7;0.174
7339.2;0.234
7339.7;0.325
7340.2;0.124
7340.7;0.211
7341.2;0.3
7341.7;0.257
7342.2;0.203
7342.7;0.398
7343.2;0.449
7343.7;0.163
7344.2;0.592
7344.7;0.351
7345.2;0.476
7345.7;0.397
7346.2;0.341
7346.7;0.356
7347.2;0.287
7347.7;0.267
7348.2;0.335
7348.7;0.065
7349.2;0.338
7349.7;0.373
7350.2;0.156
7350.7;0.355
7351.2;0.27
7351.7;0.349
7352.2;0.174
7352.7;0.166
7353.2;0.248
7353.7;0.305
7354.2;0.147
7354.7;0.225
7355.2;0.464
7355.7;0.237
7356.2;0.283
7356.7;0.608
7357.2;0.262
7357.7;0.036
7358.2;0.329
7358.7;0.33
7359.2;0.184
7359.7;0.601
7360.2;0.357
7360.7;0.376
7361.2;0.4
7361.7;0.295
7362.2;0.398
7362.7;0.051
7363.2;0.204
7363.7;0.058
7364.2;0.114
7364.7;0.14
7365.2;0.251
7365.7;0.243
7366.2;0.196
7366.7;0.059
7367.2;0.033
7367.7;0.341
7368.2;0.369
7368.7;0.449
7369.2;0.177
7369.7;0.431
7370.2;0.458
7370.7;0.166
7371.2;0.141
7371.7;0.08
7372.2;0.288
7372.7;0.012
7373.2;0.266
7373.7;0.27
7374.2;0.336
7374.7;0.173
7375.2;0.127
7375.7;0.179
7376.2;0.139
7376.7;0.119
7377.2;0.209
7377.7;0.299
7378.2;0.167
7378.7;0.075
7379.2;0.172
7379.7;0.263
7380.2;0.073
7380.7;0.088
7381.2;0.285
7381.7;0.248
7382.2;0.292
7382.7;0.404
7383.2;0.359
7383.7;0.352
7384.2;0.397
7384.7;0.198
7385.2;0.299
7385.7;0.363
7386.2;0.125
7386.7;0.29
7387.2;0.423
7387.7;0.4
7388.2;0.21
7388.7;0.358
7389.2;0.255
7389.7;0.151
7390.2;0.145
7390.7;0.146
7391.2;0.057
7391.7;0.392
7392.2;0.282
7392.7;0.136
7393.2;0.227
7393.7;0.234
7394.2;0.104
7394.7;0.204
7395.2;0.316
7395.7;0.375
7396.2;0.349
7396.7;0.583
7397.2;0.573
7397.7;0.223
7398.2;0.298
7398.7;0.105
7399.2;0.463
7399.7;0.204
7400.2;0.562
7400.7;0.274
7401.2;0.519
7401.7;0.206
7402.2;0.344
7402.7;0.337
7403.2;0.168
7403.7;0.288
7404.2;0.147
7404.7;0.193
7405.2;0.325
7405.7;0.334
7406.2;0.035
7406.7;0.437
7407.2;0.134
7407.7;0.4
7408.2;0.135
7408.7;0.602
7409.2;0.366
7409.7;0.264
7410.2;0.178
7410.7;0.255
7411.2;0.195
7411.7;0.338
7412.2;0.414
7412.7;0.164
7413.2;0.416
7413.7;0.112
7414.2;0.348
7414.7;0.209
7415.2;0.234
7415.7;0.169
7416.2;0.16
7416.7;0.151
7417.2;0.229
7417.7;0.278
7418.2;0.208
7418.7;0.213
7419.2;0.218
7419.7;0.154
7420.2;0.168
7420.7;0.037
7421.2;0.179
7421.7;0.038
7422.2;0.06
7422.7;0.209
7423.2;0.243
7423.7;0.149
7424.2;0.074
7424.7;0.15
7425.2;0.124
7425.7;0.457
7426.2;0.254
7426.7;0.159
7427.2;0.224
7427.7;0.22
7428.2;0.197
7428.7;0.245
7429.2;0.24
7429.7;0.405
7430.2;0.325
7430.7;0.075
7431.2;0.354
7431.7;0.251
7432.2;0.305
7432.7;0.321
7433.2;0.422
7433.7;0.309
7434.2;0.095
7434.7;0.322
7435.2;0.125
7435.7;0.088
7436.2;0.073
7436.7;0.152
7437.2;0.178
7437.7;0.226
7438.2;0.244
7438.7;0.308
7439.2;0.249
7439.7;0.375
7440.2;0.494
7440.7;0.404
7441.2;0.31
7441.7;0.125
7442.2;0.146
7442.7;0.272
7443.2;0.259
7443.7;0.259
7444.2;0.253
7444.7;0.396
7445.2;0.492
7445.7;0.417
7446.2;0.441
7446.7;0.527
7447.2;0.227
7447.7;0.258
7448.2;0.213
7448.7;0.371
7449.2;0.309
7449.7;0.393
7450.2;0.377
7450.7;0.336
7451.2;0.385
7451.7;0.296
7452.2;0.298
7452.7;0.486
7453.2;0.423
7453.7;0.384
7454.2;0.288
7454.7;0.216
7455.2;0.358
7455.7;0.083
7456.2;0.142
7456.7;0.265
7457.2;0.441
7457.7;0.426
7458.2;0.385
7458.7;0.4
7459.2;0.313
7459.7;0.007
7460.2;0.052
7460.7;0.328
7461.2;0.208
7461.7;0.269
7462.2;0.346
7462.7;0.339
7463.2;0.178
7463.7;0.314
7464.2;0.108
7464.7;0.1
7465.2;0.156
7465.7;0.068
7466.2;0.184
7466.7;0.38
7467.2;0.25
7467.7;0.21
7468.2;0.072
7468.7;0.319
7469.2;0.216
7469.7;0.15
7470.2;0.24
7470.7;0.155
7471.2;0.163
7471.7;0.145
7472.2;0.064
7472.7;0.2
7473.2;0.049
7473.7;0.178
7474.2;0.174
7474.7;0.298
7475.2;0.165
7475.7;0.236
7476.2;0.12
7476.7;0.057
7477.2;0.188
7477.7;0.151
7478.2;0.074
7478.7;0.199
7479.2;0.03
7479.7;0.167
7480.2;0.027
7480.7;0.217
7481.2;0.123
7481.7;0.156
7482.2;0.105
7482.7;0.18
7483.2;0.047
7483.7;0.133
7484.2;0.178
7484.7;0.162
7485.2;0.257
7485.7;0.149
7486.2;0.09
7486.7;0.074
7487.2;0.272
7487.7;0.313
7488.2;0.215
7488.7;0.18
7489.2;0.375
7489.7;0.159
7490.2;0.179
7490.7;0.12
7491.2;0.237
7491.7;0.161
7492.2;0.054
7492.7;0.12
7493.2;0.195
7493.7;0.3
7494.2;0.229
7494.7;0.153
7495.2;0.329
7495.7;0.121
7496.2;0.065
7496.7;0.064
7497.2;0.185
7497.7;0.161
7498.2;0.133
7498.7;0.179
7499.2;0.147
7499.7;0.051
7500.2;0.142
7500.7;0.315
7501.2;0.22
7501.7;0.346
7502.2;0.238
7502.7;0.163
7503.2;0.282
7503.7;0.295
7504.2;0.586
7504.7;0.847
7505.2;0.569
7505.7;0.313
7506.2;0.193
7506.7;0.16
7507.2;0.263
7507.7;0.201
7508.2;0.37
7508.7;0.233
7509.2;0.24
7509.7;0.329
7510.2;0.259
7510.7;0.598
7511.2;0.377
7511.7;0.378
7512.2;0.186
7512.7;0.247
7513.2;0.205
7513.7;0.122
7514.2;0.292
7514.7;0.23
7515.2;0.189
7515.7;0.423
7516.2;0.255
7516.7;0.28
7517.2;0.281
7517.7;0.368
7518.2;0.175
7518.7;0.411
7519.2;0.268
7519.7;0.171
7520.2;0.373
7520.7;0.087
7521.2;0.089
7521.7;0.269
7522.2;0.237
7522.7;0.176
7523.2;0.325
7523.7;0.299
7524.2;0.247
7524.7;0.13
7525.2;0.343
7525.7;0.183
7526.2;0.357
7526.7;0.328
7527.2;0.349
7527.7;0.513
7528.2;0.779
7528.7;0.517
7529.2;0.767
7529.7;0.35
7530.2;0.636
7530.7;0.571
7531.2;0.922
7531.7;0.677
7532.2;0.58
7532.7;0.872
7533.2;0.543
7533.7;0.64
7534.2;0.458
7534.7;0.512
7535.2;0.404
7535.7;0.439
7536.2;0.411
7536.7;0.564
7537.2;0.378
7537.7;0.479
7538.2;0.316
7538.7;0.595
7539.2;0.287
7539.7;0.326
7540.2;0.477
7540.7;0.484
7541.2;0.485
7541.7;0.493
7542.2;0.438
7542.7;0.351
7543.2;0.288
7543.7;0.213
7544.2;0.428
7544.7;0.242
7545.2;0.292
7545.7;0.212
7546.2;0.365
7546.7;0.218
7547.2;0.138
7547.7;0.274
7548.2;0.091
7548.7;0.345
7549.2;0.096
7549.7;0.367
7550.2;0.276
7550.7;0.322
7551.2;0.225
7551.7;0.133
7552.2;0.104
7552.7;0.147
7553.2;0.632
7553.7;0.335
7554.2;0.673
7554.7;0.416
7555.2;0.233
7555.7;0.295
7556.2;0.346
7556.7;0.271
7557.2;0.726
7557.7;0.55
7558.2;0.344
7558.7;0.431
7559.2;0.168
7559.7;0.383
7560.2;0.297
7560.7;0.392
7561.2;0.4
7561.7;0.668
7562.2;0.422
7562.7;0.538
7563.2;0.121
7563.7;0.387
7564.2;0.435
7564.7;0.3
7565.2;0.649
7565.7;0.425
7566.2;0.485
7566.7;0.545
7567.2;0.374
7567.7;0.192
7568.2;0.558
7568.7;0.093
7569.2;0.355
7569.7;0.11
7570.2;0.428
7570.7;0.234
7571.2;0.252
7571.7;0.153
7572.2;0.161
7572.7;0.118
7573.2;0.382
7573.7;0.516
7574.2;0.193
7574.7;0.467
7575.2;0.406
7575.7;0.704
7576.2;0.76
7576.7;0.266
7577.2;0.319
7577.7;0.426
7578.2;0.39
7578.7;0.487
7579.2;0.516
7579.7;0.377
7580.2;0.113
7580.7;0.149
7581.2;0.276
7581.7;0.624
7582.2;0.467
7582.7;0.504
7583.2;0.212
7583.7;0.313
7584.2;0.234
7584.7;0.329
7585.2;0.604
7585.7;0.438
7586.2;0.38
7586.7;0.369
7587.2;0.532
7587.7;0.026
7588.2;0.405
7588.7;0.458
7589.2;0.205
7589.7;0.501
7590.2;0.029
7590.7;0.644
7591.2;0.268
7591.7;0.395
7592.2;0.666
7592.7;0.185
7593.2;0.454
7593.7;0.685
7594.2;0.125
7594.7;0.549
7595.2;0.421
7595.7;0.483
7596.2;0.372
7596.7;0.046
7597.2;0.144
7597.7;0.373
7598.2;0.729
7598.7;0.494
7599.2;0.596
7599.7;0.738
7600.2;0.609
7600.7;0.232
7601.2;0.595
7601.7;0.42
7602.2;0.259
7602.7;0.372
7603.2;0.083
7603.7;0.254
7604.2;0.211
7604.7;0.372
7605.2;0.321
7605.7;0.579
7606.2;0.412
7606.7;0.31
7607.2;0.364
7607.7;0.187
7608.2;0.081
7608.7;0.193
7609.2;0.299
7609.7;0.302
7610.2;0.338
7610.7;0.424
7611.2;0.394
7611.7;0.452
7612.2;0.301
7612.7;0.042
7613.2;0.4
7613.7;0.174
7614.2;0.249
7614.7;0.368
7615.2;0.373
7615.7;0.19
7616.2;0.34
7616.7;0.244
7617.2;0.323
7617.7;0.092
7618.2;0.362
7618.7;0.589
7619.2;0.112
7619.7;0.282
7620.2;0.451
7620.7;0.216
7621.2;0.26
7621.7;0.297
7622.2;0.292
7622.7;0.244
7623.2;0.387
7623.7;0.133
7624.2;0.236
7624.7;0.175
7625.2;0.314
7625.7;0.565
7626.2;0.524
7626.7;0.531
7627.2;0.267
7627.7;0.512
7628.2;0.232
7628.7;0.543
7629.2;0.269
7629.7;0.358
7630.2;0.508
7630.7;0.4
7631.2;0.266
7631.7;0.6
7632.2;0.527
7632.7;0.214
7633.2;0.541
7633.7;0.258
7634.2;0.728
7634.7;0.304
7635.2;0.445
7635.7;0.472
7636.2;0.511
7636.7;0.537
7637.2;0.214
7637.7;0.523
7638.2;0.234
7638.7;0.384
7639.2;0.298
7639.7;0.437
7640.2;0.306
7640.7;0.381
7641.2;0.485
7641.7;0.321
7642.2;0.436
7642.7;0.103
7643.2;0.256
7643.7;0.239
7644.2;0.36
7644.7;0.384
7645.2;0.37
7645.7;0.462
7646.2;0.332
7646.7;0.173
7647.2;0.134
7647.7;0.291
7648.2;0.17
7648.7;0.146
7649.2;0.246
7649.7;0.308
7650.2;0.368
7650.7;0.174
7651.2;0.077
7651.7;0.127
7652.2;0.134
7652.7;0.237
7653.2;0.5
7653.7;0.448
7654.2;0.496
7654.7;0.674
7655.2;0.405
7655.7;0.342
7656.2;0.268
7656.7;0.146
7657.2;0.34
7657.7;0.55
7658.2;0.603
7658.7;0.51
7659.2;0.566
7659.7;0.231
7660.2;0.286
7660.7;0.293
7661.2;0.473
7661.7;0.463
7662.2;0.302
7662.7;0.353
7663.2;0.228
7663.7;0.398
7664.2;0.092
7664.7;0.438
7665.2;0.552
7665.7;0.175
7666.2;0.342
7666.7;0.21
7667.2;0.662
7667.7;0.448
7668.2;0.281
7668.7;0.25
7669.2;0.292
7669.7;0.256
7670.2;0.366
7670.7;0.195
7671.2;0.171
7671.7;0.093
7672.2;0.348
7672.7;0.285
7673.2;0.291
7673.7;0.13
7674.2;0.254
7674.7;0.609
7675.2;0.208
7675.7;0.265
7676.2;0.129
7676.7;0.239
7677.2;0.077
7677.7;0.287
7678.2;0.238
7678.7;0.356
7679.2;0.071
7679.7;0.155
7680.2;0.304
7680.7;0.092
7681.2;0.134
7681.7;0.056
7682.2;0.146
7682.7;0.142
7683.2;0.112
7683.7;0.294
7684.2;0.384
7684.7;0.087
7685.2;0.21
7685.7;0.097
7686.2;0.296
7686.7;0.223
7687.2;0.459
7687.7;0.344
7688.2;0.13
7688.7;0.363
7689.2;0.132
7689.7;0.265
7690.2;0.048
7690.7;0.265
7691.2;0.056
7691.7;0.194
7692.2;0.258
7692.7;0.258
7693.2;0.169
7693.7;0.137
7694.2;0.162
7694.7;0.33
7695.2;0.385
7695.7;0.445
7696.2;0.362
7696.7;0.271
7697.2;0.224
7697.7;0.136
7698.2;0.143
7698.7;0.147
7699.2;0.147
7699.7;0.091
7700.2;0.091
7700.7;0.061
7701.2;0.244
7701.7;0.219
7702.2;0.221
7702.7;0.245
7703.2;0.058
7703.7;0.246
7704.2;0.218
7704.7;0.239
7705.2;0.356
7705.7;0.217
7706.2;0.266
7706.7;0.212
7707.2;0.237
7707.7;0.141
7708.2;0.343
7708.7;0.235
7709.2;0.193
7709.7;0.227
7710.2;0.122
7710.7;0.292
7711.2;0.257
7711.7;0.38
7712.2;0.192
7712.7;0.214
7713.2;0.143
7713.7;0.283
7714.2;0.103
7714.7;0.058
7715.2;0.202
7715.7;0.146
7716.2;0.235
7716.7;0.312
7717.2;0.618
7717.7;0.279
7718.2;0.252
7718.7;0.139
7719.2;0.294
7719.7;0.285
7720.2;0.054
7720.7;0.463
7721.2;0.376
7721.7;0.159
7722.2;0.235
7722.7;0.084
7723.2;0.182
7723.7;0.169
7724.2;0.137
7724.7;0.056
7725.2;0.19
7725.7;0.098
7726.2;0.114
7726.7;0.113
7727.2;0.235
7727.7;0.242
7728.2;0.311
7728.7;0.238
7729.2;0.193
7729.7;0.247
7730.2;0.321
7730.7;0.25
7731.2;0.117
7731.7;0.161
7732.2;0.07
7732.7;0.2
7733.2;0.12
7733.7;0.122
7734.2;0.162
7734.7;0.346
7735.2;0.222
7735.7;0.35
7736.2;0.337
7736.7;0.134
7737.2;0.475
7737.7;0.133
7738.2;0.404
7738.7;0.268
7739.2;0.227
7739.7;0.283
7740.2;0.164
7740.7;0.283
7741.2;0.223
7741.7;0.07
7742.2;0.183
7742.7;0.21
7743.2;0.182
7743.7;0.199
7744.2;0.299
7744.7;0.417
7745.2;0.067
7745.7;0.247
7746.2;0.103
7746.7;0.067
7747.2;0.184
7747.7;0.112
7748.2;0.274
7748.7;0.17
7749.2;0.187
7749.7;0.129
7750.2;0.308
7750.7;0.24
7751.2;0.194
7751.7;0.149
7752.2;0.142
7752.7;0.128
7753.2;0.04
7753.7;0.17
7754.2;0.021
7754.7;0.082
7755.2;0.087
7755.7;0.148
7756.2;0.184
7756.7;0.125
7757.2;0.35
7757.7;0.331
7758.2;0.197
7758.7;0.134
7759.2;0.544
7759.7;0.433
7760.2;0.241
7760.7;0.194
7761.2;0.153
7761.7;0.367
7762.2;0.569
7762.7;0.261
7763.2;0.261
7763.7;0.291
7764.2;0.386
7764.7;0.133
7765.2;0.41
7765.7;0.295
7766.2;0.059
7766.7;0.12
7767.2;0.229
7767.7;0.08
7768.2;0.369
7768.7;0.191
7769.2;0.287
7769.7;0.264
7770.2;0.357
7770.7;0.172
7771.2;0.364
7771.7;0.248
7772.2;0.189
7772.7;0.351
7773.2;0.01
7773.7;0.329
7774.2;0.354
7774.7;0.19
7775.2;0.078
7775.7;0.086
7776.2;0.075
7776.7;0.052
7777.2;0.274
7777.7;0.165
7778.2;0.162
7778.7;0.222
7779.2;0.274
7779.7;0.198
7780.2;0.128
7780.7;0.095
7781.2;0.237
7781.7;0.077
7782.2;0.37
7782.7;0.156
7783.2;0.256
7783.7;0.494
7784.2;0.277
7784.7;0.383
7785.2;0.228
7785.7;0.189
7786.2;0.143
7786.7;0.387
7787.2;0.173
7787.7;0.245
7788.2;0.47
7788.7;0.13
7789.2;0.579
7789.7;0.449
7790.2;0.016
7790.7;0.397
7791.2;0.425
7791.7;0.21
7792.2;0.352
7792.7;0.316
7793.2;0.21
7793.7;0.341
7794.2;0.223
7794.7;0.385
7795.2;0.481
7795.7;0.165
7796.2;0.304
7796.7;0.242
7797.2;0.265
7797.7;0.238
7798.2;0.268
7798.7;0.258
7799.2;0.08
7799.7;0.388
7800.2;0.084
7800.7;0.329
7801.2;0.306
7801.7;0.206
7802.2;0.111
7802.7;0.067
7803.2;0.346
7803.7;0.337
7804.2;0.24
7804.7;0.348
7805.2;0.355
7805.7;0.11
7806.2;0.253
7806.7;0.114
7807.2;0.11
7807.7;0.214
7808.2;0.304
7808.7;0.214
7809.2;0.127
7809.7;0.481
7810.2;0.442
7810.7;0.071
7811.2;0.362
7811.7;0.44
7812.2;0.221
7812.7;0.181
7813.2;0.346
7813.7;0.626
7814.2;0.338
7814.7;0.26
7815.2;0.392
7815.7;0.195
7816.2;0.38
7816.7;0.495
7817.2;0.61
7817.7;0.43
7818.2;0.254
7818.7;0.081
7819.2;0.125
7819.7;0.225
7820.2;0.382
7820.7;0.482
7821.2;0.56
7821.7;0.332
7822.2;0.091
7822.7;0.099
7823.2;0.649
7823.7;0.752
7824.2;0.584
7824.7;0.284
7825.2;0.161
7825.7;0.413
7826.2;0.354
7826.7;0.269
7827.2;0.466
7827.7;0.264
7828.2;0.266
7828.7;0.258
7829.2;0.318
7829.7;0.158
7830.2;0.363
7830.7;0.572
7831.2;0.137
7831.7;0.231
7832.2;0.392
7832.7;0.129
7833.2;0.14
7833.7;0.157
7834.2;0.244
7834.7;0.288
7835.2;0.222
7835.7;0.295
7836.2;0.243
7836.7;0.141
7837.2;0.19
7837.7;0.179
7838.2;0.105
7838.7;0.095
7839.2;0.208
7839.7;0.082
7840.2;0.082
7840.7;0.152
7841.2;0.062
7841.7;0.157
7842.2;0.045
7842.7;0.311
7843.2;0.366
7843.7;0.517
7844.2;0.194
7844.7;0.345
7845.2;0.106
7845.7;0.309
7846.2;0.233
7846.7;0.516
7847.2;0.308
7847.7;0.295
7848.2;0.272
7848.7;0.279
7849.2;0.48
7849.7;0.087
7850.2;0.485
7850.7;0.071
7851.2;0.361
7851.7;0.198
7852.2;0.465
7852.7;0.302
7853.2;0.253
7853.7;0.376
7854.2;0.175
7854.7;0.342
7855.2;0.187
7855.7;0.24
7856.2;0.249
7856.7;0.24
7857.2;0.104
7857.7;0.236
7858.2;0.098
7858.7;0.277
7859.2;0.088
7859.7;0.543
7860.2;0.362
7860.7;0.08
7861.2;0.129
7861.7;0.141
7862.2;0.331
7862.7;0.207
7863.2;0.278
7863.7;0.18
7864.2;0.26
7864.7;0.303
7865.2;0.131
7865.7;0.362
7866.2;0.19
7866.7;0.043
7867.2;0.14
7867.7;0.189
7868.2;0.236
7868.7;0.264
7869.2;0.13
7869.7;0.327
7870.2;0.333
7870.7;0.083
7871.2;0.26
7871.7;0.228
7872.2;0.259
7872.7;0.19
7873.2;0.34
7873.7;0.324
7874.2;0.08
7874.7;0.204
7875.2;0.121
7875.7;0.112
7876.2;0.203
7876.7;0.31
7877.2;0.431
7877.7;0.241
7878.2;0.109
7878.7;0.252
7879.2;0.24
7879.7;0.136
7880.2;0.11
7880.7;0.115
7881.2;0.259
7881.7;0.373
7882.2;0.295
7882.7;0.312
7883.2;0.343
7883.7;0.189
7884.2;0.151
7884.7;0.329
7885.2;0.31
7885.7;0.15
7886.2;0.447
7886.7;0.411
7887.2;0.29
7887.7;0.272
7888.2;0.288
7888.7;0.074
7889.2;0.277
7889.7;0.312
7890.2;0.471
7890.7;0.331
7891.2;0.306
7891.7;0.299
7892.2;0.231
7892.7;0.182
7893.2;0.155
7893.7;0.171
7894.2;0.254
7894.7;0.429
7895.2;0.149
7895.7;0.159
7896.2;0.331
7896.7;0.14
7897.2;0.415
7897.7;0.344
7898.2;0.08
7898.7;0.359
7899.2;0.26
7899.7;0.185
7900.2;0.179
7900.7;0.094
7901.2;0.43
7901.7;0.114
7902.2;0.408
7902.7;0.381
7903.2;0.074
7903.7;0.392
7904.2;0.194
7904.7;0.268
7905.2;0.025
7905.7;0.166
7906.2;0.512
7906.7;0.33
7907.2;0.384
7907.7;0.33
7908.2;0.128
7908.7;0.224
7909.2;0.222
7909.7;0.068
7910.2;0.219
7910.7;0.178
7911.2;0.365
7911.7;0.396
7912.2;0.468
7912.7;0.511
7913.2;0.33
7913.7;0.097
7914.2;0.437
7914.7;0.032
7915.2;0.021
7915.7;0.151
7916.2;0.311
7916.7;0.647
7917.2;0.433
7917.7;0.463
7918.2;0.508
7918.7;0.039
7919.2;0.227
7919.7;0.083
7920.2;0.525
7920.7;0.187
7921.2;0.247
7921.7;0.332
7922.2;0.105
7922.7;0.087
7923.2;0.188
7923.7;0.075
7924.2;0.198
7924.7;0.093
7925.2;0.129
7925.7;0.242
7926.2;0.035
7926.7;0.134
7927.2;0.191
7927.7;0.385
7928.2;0.392
7928.7;0.238
7929.2;0.064
7929.7;0.265
7930.2;0.105
7930.7;0.261
7931.2;0.194
7931.7;0.074
7932.2;0.244
7932.7;0.34
7933.2;0.368
7933.7;0.159
7934.2;0.152
7934.7;0.145
7935.2;0.4
7935.7;0.079
7936.2;0.235
7936.7;0.379
7937.2;0.24
7937.7;0.175
7938.2;0.095
7938.7;0.064
7939.2;0.231
7939.7;0.047
7940.2;0.322
7940.7;0.281
7941.2;0.124
7941.7;0.127
7942.2;0.219
7942.7;0.275
7943.2;0.291
7943.7;0.056
7944.2;0.346
7944.7;0.415
7945.2;0.15
7945.7;0.415
7946.2;0.402
7946.7;0.117
7947.2;0.439
7947.7;0.2
7948.2;0.109
7948.7;0.146
7949.2;0.238
7949.7;0.189
7950.2;0.141
7950.7;0.077
7951.2;0.082
7951.7;0.45
7952.2;0.565
7952.7;0.048
7953.2;0.179
7953.7;0.421
7954.2;0.141
7954.7;0.069
7955.2;0.165
7955.7;0.34
7956.2;0.072
7956.7;0.208
7957.2;0.231
7957.7;0.046
7958.2;0.168
7958.7;0.26
7959.2;0.281
7959.7;0.523
7960.2;0.662
7960.7;0.29
7961.2;0.682
7961.7;0.579
7962.2;0.198
7962.7;0.654
7963.2;0.384
7963.7;0.159
7964.2;0.471
7964.7;0.436
7965.2;0.251
7965.7;0.513
7966.2;0.529
7966.7;0.468
7967.2;0.289
7967.7;0.287
7968.2;0.081
7968.7;0.408
7969.2;0.396
7969.7;0.269
7970.2;0.231
7970.7;0.131
7971.2;0.082
7971.7;0.506
7972.2;0.604
7972.7;0.231
7973.2;0.375
7973.7;0.241
7974.2;0.296
7974.7;0.377
7975.2;0.356
7975.7;0.386
7976.2;0.754
7976.7;0.292
7977.2;0.245
7977.7;0.353
7978.2;0.265
7978.7;0.396
7979.2;0.446
7979.7;0.601
7980.2;0.689
7980.7;0.686
7981.2;0.186
7981.7;0.4
7982.2;0.513
7982.7;0.252
7983.2;0.113
7983.7;0.383
7984.2;0.293
7984.7;0.289
7985.2;0.604
7985.7;0.354
7986.2;0.336
7986.7;0.1
7987.2;0.359
7987.7;0.357
7988.2;0.568
7988.7;0.461
7989.2;0.232
7989.7;0.16
7990.2;0.327
7990.7;0.544
7991.2;0.534
7991.7;0.878
7992.2;0.582
7992.7;0.735
7993.2;0.774
7993.7;0.481
7994.2;0.719
7994.7;0.322
7995.2;0.17
7995.7;0.437
7996.2;0.132
7996.7;0.278
7997.2;0.305
7997.7;0.226
7998.2;0.409
7998.7;0.614
7999.2;0.318
7999.7;0.559
8000.2;0.529
8000.7;0.367
8001.2;0.601
8001.7;0.47
8002.2;0.451
8002.7;0.338
8003.2;0.391
8003.7;0.082
8004.2;0.152
8004.7;0.035
8005.2;0.301
8005.7;0.108
8006.2;0.364
8006.7;0.391
8007.2;0.391
8007.7;0.232
8008.2;0.322
8008.7;0.39
8009.2;0.178
8009.7;0.293
8010.2;0.24
8010.7;0.289
8011.2;0.503
8011.7;0.614
8012.2;0.431
8012.7;0.47
8013.2;0.211
8013.7;0.136
8014.2;0.14
8014.7;0.14
8015.2;0.037
8015.7;0.188
8016.2;0.389
8016.7;0.506
8017.2;0.635
8017.7;0.596
8018.2;0.55
8018.7;0.266
8019.2;0.362
8019.7;0.393
8020.2;0.441
8020.7;0.654
8021.2;0.521
8021.7;0.384
8022.2;0.607
8022.7;0.328
8023.2;0.259
8023.7;0.211
8024.2;0.258
8024.7;0.194
8025.2;0.176
8025.7;0.257
8026.2;0.835
8026.7;0.574
8027.2;0.327
8027.7;0.42
8028.2;0.388
8028.7;0.102
8029.2;0.189
8029.7;0.086
8030.2;0.35
8030.7;0.647
8031.2;0.159
8031.7;0.383
8032.2;0.422
8032.7;0.4
8033.2;0.281
8033.7;0.436
8034.2;0.182
8034.7;0.556
8035.2;0.146
8035.7;0.302
8036.2;0.649
8036.7;0.397
8037.2;0.128
8037.7;0.541
8038.2;0.435
8038.7;0.442
8039.2;0.176
8039.7;0.568
8040.2;0.655
8040.7;0.039
8041.2;0.457
8041.7;0.44
8042.2;0.192
8042.7;0.481
8043.2;0.096
8043.7;0.599
8044.2;0.603
8044.7;0.148
8045.2;0.687
8045.7;0.604
8046.2;0.337
8046.7;0.405
8047.2;0.091
8047.7;0.403
8048.2;0.195
8048.7;0.153
8049.2;0.15
8049.7;0.243
8050.2;0.247
8050.7;0.463
8051.2;0.728
8051.7;0.459
8052.2;0.046
8052.7;0.453
8053.2;0.788
8053.7;0.206
8054.2;0.847
8054.7;0.42
8055.2;0.406
8055.7;0.976
8056.2;0.464
8056.7;0.503
8057.2;0.563
8057.7;0.442
8058.2;0.411
8058.7;0.62
8059.2;0.519
8059.7;0.625
8060.2;0.119
8060.7;0.659
8061.2;0.557
8061.7;0.395
8062.2;0.577
8062.7;0.366
8063.2;0.127
8063.7;0.459
8064.2;0.408
8064.7;0.16
8065.2;0.368
8065.7;0.314
8066.2;0.332
8066.7;0.35
8067.2;0.283
8067.7;0.222
8068.2;0.645
8068.7;0.188
8069.2;0.829
8069.7;0.576
8070.2;0.493
8070.7;0.539
8071.2;0.303
8071.7;0.238
8072.2;0.693
8072.7;0.217
8073.2;0.542
8073.7;0.48
8074.2;0.293
8074.7;0.95
8075.2;0.958
8075.7;0.657
8076.2;0.396
8076.7;0.399
8077.2;0.537
8077.7;0.333
8078.2;0.229
8078.7;0.426
8079.2;0.081
8079.7;0.276
8080.2;0.569
8080.7;0.497
8081.2;0.539
8081.7;0.252
8082.2;0.886
8082.7;1.096
8083.2;0.541
8083.7;1.328
8084.2;0.643
8084.7;0.412
8085.2;0.684
8085.7;1.071
8086.2;0.738
8086.7;0.455
8087.2;0.655
8087.7;0.421
8088.2;0.354
8088.7;0.402
8089.2;0.788
8089.7;0.649
8090.2;0.174
8090.7;0.27
8091.2;0.464
8091.7;0.321
8092.2;0.273
8092.7;0.325
8093.2;0.859
8093.7;0.7
8094.2;0.578
8094.7;0.699
8095.2;0.54
8095.7;0.161
8096.2;0.268
8096.7;0.526
8097.2;0.426
8097.7;0.241
8098.2;0.296
8098.7;0.31
8099.2;0.373
8099.7;0.133
8100.2;0.228
8100.7;0.142
8101.2;0.197
8101.7;0.297
8102.2;0.573
8102.7;0.261
8103.2;0.508
8103.7;0.442
8104.2;0.513
8104.7;1.027
8105.2;0.165
8105.7;0.89
8106.2;1.149
8106.7;0.183
8107.2;0.802
8107.7;0.441
8108.2;0.637
8108.7;0.718
8109.2;0.448
8109.7;1.009
8110.2;0.574
8110.7;0.539
8111.2;0.442
8111.7;0.377
8112.2;0.304
8112.7;0.127
8113.2;0.444
8113.7;0.283
8114.2;0.315
8114.7;0.249
8115.2;0.566
8115.7;0.514
8116.2;0.331
8116.7;0.327
8117.2;0.523
8117.7;0.39
8118.2;0.148
8118.7;0.234
8119.2;0.195
8119.7;0.445
8120.2;0.221
8120.7;0.36
8121.2;0.299
8121.7;0.073
8122.2;0.345
8122.7;0.137
8123.2;0.227
8123.7;0.069
8124.2;0.305
8124.7;0.31
8125.2;0.611
8125.7;0.371
8126.2;0.376
8126.7;0.437
8127.2;0.025
8127.7;0.081
8128.2;0.104
8128.7;0.295
8129.2;0.564
8129.7;0.242
8130.2;0.292
8130.7;0.486
8131.2;0.207
8131.7;0.259
8132.2;0.146
8132.7;0.264
8133.2;0.425
8133.7;0.068
8134.2;0.312
8134.7;0.714
8135.2;0.52
8135.7;0.178
8136.2;0.535
8136.7;0.37
8137.2;0.324
8137.7;0.091
8138.2;0.398
8138.7;0.549
8139.2;0.061
8139.7;0.394
8140.2;0.328
8140.7;0.129
8141.2;0.186
8141.7;0.221
8142.2;0.572
8142.7;0.089
8143.2;0.426
8143.7;0.41
8144.2;0.255
8144.7;0.39
8145.2;0.328
8145.7;0.631
8146.2;0.172
8146.7;0.934
8147.2;0.603
8147.7;0.372
8148.2;0.604
8148.7;0.339
8149.2;0.551
8149.7;0.415
8150.2;0.418
8150.7;0.677
8151.2;0.454
8151.7;0.422
8152.2;0.663
8152.7;0.297
8153.2;0.436
8153.7;0.529
8154.2;0.217
8154.7;0.53
8155.2;0.091
8155.7;0.039
8156.2;0.403
8156.7;0.296
8157.2;0.506
8157.7;1.112
8158.2;0.764
8158.7;0.65
8159.2;1.127
8159.7;0.873
8160.2;0.283
8160.7;0.087
8161.2;0.374
8161.7;0.351
8162.2;0.455
8162.7;0.335
8163.2;0.598
8163.7;0.419
8164.2;0.382
8164.7;0.411
8165.2;0.427
8165.7;0.432
8166.2;0.736
8166.7;0.609
8167.2;0.497
8167.7;0.385
8168.2;0.078
8168.7;0.312
8169.2;0.522
8169.7;0.278
8170.2;0.382
8170.7;0.41
8171.2;0.072
8171.7;0.628
8172.2;0.405
8172.7;0.333
8173.2;0.725
8173.7;0.119
8174.2;0.754
8174.7;0.808
8175.2;0.54
8175.7;0.673
8176.2;0.166
8176.7;0.365
8177.2;0.097
8177.7;0.728
8178.2;0.506
8178.7;0.69
8179.2;0.971
8179.7;0.471
8180.2;0.462
8180.7;0.553
8181.2;0.266
8181.7;0.321
8182.2;0.122
8182.7;0.39
8183.2;0.448
8183.7;0.229
8184.2;0.159
8184.7;0.294
8185.2;0.295
8185.7;0.449
8186.2;0.234
8186.7;0.302
8187.2;0.7
8187.7;0.467
8188.2;0.434
8188.7;0.79
8189.2;0.379
8189.7;0.747
8190.2;0.718
8190.7;0.555
8191.2;0.709
8191.7;0.174
8192.2;0.302
8192.7;0.518
8193.2;0.045
8193.7;0.316
8194.2;0.339
8194.7;0.164
8195.2;0.085
8195.7;0.239
8196.2;0.341
8196.7;0.348
8197.2;0.473
8197.7;0.23
8198.2;0.594
8198.7;0.436
8199.2;0.317
8199.7;0.352
8200.2;0.128
8200.7;0.689
8201.2;0.596
8201.7;0.152
8202.2;0.41
8202.7;0.281
8203.2;0.117
8203.7;0.243
8204.2;0.402
8204.7;0.311
8205.2;0.143
8205.7;0.376
8206.2;0.473
8206.7;0.136
8207.2;0.137
8207.7;0.362
8208.2;0.445
8208.7;0.211
8209.2;0.561
8209.7;0.373
8210.2;0.235
8210.7;0.107
8211.2;0.13
8211.7;0.246
8212.2;0.452
8212.7;0.319
8213.2;0.555
8213.7;0.555
8214.2;0.533
8214.7;0.552
8215.2;0.358
8215.7;0.303
8216.2;0.303
8216.7;0.123
8217.2;0.106
8217.7;0.27
8218.2;0.191
8218.7;0.352
8219.2;0.357
8219.7;0.379
8220.2;0.589
8220.7;0.724
8221.2;0.634
8221.7;0.489
8222.2;0.371
8222.7;0.305
8223.2;0.238
8223.7;0.228
8224.2;0.534
8224.7;0.611
8225.2;0.351
8225.7;0.328
8226.2;0.538
8226.7;0.131
8227.2;0.42
8227.7;0.171
8228.2;0.264
8228.7;0.133
8229.2;0.358
8229.7;0.241
8230.2;0.271
8230.7;0.312
8231.2;0.322
8231.7;0.454
8232.2;0.2
8232.7;0.491
8233.2;0.536
8233.7;0.137
8234.2;0.457
8234.7;0.131
8235.2;0.232
8235.7;0.11
8236.2;0.196
8236.7;0.14
8237.2;0.354
8237.7;0.294
8238.2;0.184
8238.7;0.105
8239.2;0.351
8239.7;0.462
8240.2;0.353
8240.7;0.318
8241.2;0.198
8241.7;0.241
8242.2;0.092
8242.7;0.137
8243.2;0.409
8243.7;0.368
8244.2;0.086
8244.7;0.14
8245.2;0.272
8245.7;0.128
8246.2;0.223
8246.7;0.179
8247.2;0.258
8247.7;0.38
8248.2;0.095
8248.7;0.519
8249.2;0.128
8249.7;0.37
8250.2;0.139
8250.7;0.464
8251.2;0.404
8251.7;0.29
8252.2;0.429
8252.7;0.345
8253.2;0.488
8253.7;0.189
8254.2;0.556
8254.7;0.499
8255.2;0.2
8255.7;0.235
8256.2;0.598
8256.7;0.386
8257.2;0.426
8257.7;0.358
8258.2;0.558
8258.7;0.333
8259.2;0.405
8259.7;0.416
8260.2;0.515
8260.7;0.2
8261.2;0.337
8261.7;0.405
8262.2;0.215
8262.7;0.52
8263.2;0.23
8263.7;0.617
8264.2;0.291
8264.7;0.49
8265.2;0.527
8265.7;0.614
8266.2;0.297
8266.7;0.697
8267.2;0.585
8267.7;0.705
8268.2;1.03
8268.7;0.601
8269.2;1.057
8269.7;0.523
8270.2;0.825
8270.7;0.804
8271.2;0.383
8271.7;0.646
8272.2;0.377
8272.7;0.627
8273.2;0.157
8273.7;0.853
8274.2;0.527
8274.7;0.6
8275.2;0.776
8275.7;0.374
8276.2;0.622
8276.7;0.3
8277.2;0.514
8277.7;0.418
8278.2;0.221
8278.7;0.253
8279.2;0.095
8279.7;0.158
8280.2;0.173
8280.7;0.163
8281.2;0.381
8281.7;0.308
8282.2;0.202
8282.7;0.271
8283.2;0.294
8283.7;0.254
8284.2;0.063
8284.7;0.285
8285.2;0.213
8285.7;0.22
8286.2;0.316
8286.7;0.164
8287.2;0.137
8287.7;0.196
8288.2;0.089
8288.7;0.251
8289.2;0.085
8289.7;0.445
8290.2;0.2
8290.7;0.13
8291.2;0.044
8291.7;0.287
8292.2;0.284
8292.7;0.241
8293.2;0.347
8293.7;0.134
8294.2;0.063
8294.7;0.485
8295.2;0.45
8295.7;0.308
8296.2;0.537
8296.7;0.224
8297.2;0.246
8297.7;0.353
8298.2;0.555
8298.7;0.209
8299.2;0.704
8299.7;0.811
8300.2;0.333
8300.7;0.299
8301.2;0.289
8301.7;0.263
8302.2;0.076
8302.7;0.257
8303.2;0.015
8303.7;0.495
8304.2;0.514
8304.7;0.359
8305.2;0.278
8305.7;0.314
8306.2;0.334
8306.7;0.157
8307.2;0.068
8307.7;0.247
8308.2;0.29
8308.7;0.25
8309.2;0.36
8309.7;0.623
8310.2;0.231
8310.7;0.284
8311.2;0.634
8311.7;0.649
8312.2;0.247
8312.7;0.543
8313.2;0.459
8313.7;0.447
8314.2;0.688
8314.7;0.651
8315.2;0.627
8315.7;0.442
8316.2;0.557
8316.7;0.628
8317.2;0.049
8317.7;0.185
8318.2;0.298
8318.7;0.451
8319.2;0.146
8319.7;0.708
8320.2;0.587
8320.7;0.253
8321.2;0.684
8321.7;0.577
8322.2;0.351
8322.7;0.398
8323.2;0.634
8323.7;0.389
8324.2;0.415
8324.7;0.415
8325.2;0.165
8325.7;0.38
8326.2;0.387
8326.7;0.172
8327.2;0.509
8327.7;0.605
8328.2;0.406
8328.7;0.512
8329.2;0.693
8329.7;0.349
8330.2;0.397
8330.7;0.247
8331.2;0.569
8331.7;0.314
8332.2;0.293
8332.7;0.076
8333.2;0.497
8333.7;0.37
8334.2;0.283
8334.7;0.589
8335.2;0.614
8335.7;0.149
8336.2;0.097
8336.7;0.506
8337.2;0.475
8337.7;0.253
8338.2;0.33
8338.7;0.206
8339.2;0.364
8339.7;0.135
8340.2;0.424
8340.7;0.302
8341.2;0.284
8341.7;0.497
8342.2;0.137
8342.7;0.424
8343.2;0.427
8343.7;0.156
8344.2;0.618
8344.7;0.419
8345.2;0.237
8345.7;0.348
8346.2;0.355
8346.7;0.554
8347.2;0.316
8347.7;0.464
8348.2;0.528
8348.7;0.076
8349.2;0.124
8349.7;0.253
8350.2;0.195
8350.7;0.066
8351.2;0.119
8351.7;0.635
8352.2;0.588
8352.7;0.68
8353.2;0.769
8353.7;0.548
8354.2;0.405
8354.7;0.198
8355.2;0.55
8355.7;0.36
8356.2;0.778
8356.7;0.778
8357.2;0.38
8357.7;0.256
8358.2;0.392
8358.7;0.161
8359.2;0.447
8359.7;0.268
8360.2;0.107
8360.7;0.307
8361.2;0.525
8361.7;0.656
8362.2;0.189
8362.7;0.374
8363.2;0.5
8363.7;0.301
8364.2;0.193
8364.7;0.354
8365.2;0.35
8365.7;0.556
8366.2;0.557
8366.7;0.583
8367.2;0.228
8367.7;0.294
8368.2;0.189
8368.7;0.512
8369.2;1.009
8369.7;0.478
8370.2;0.626
8370.7;0.524
8371.2;0.256
8371.7;0.363
8372.2;0.643
8372.7;0.888
8373.2;0.362
8373.7;0.623
8374.2;0.591
8374.7;0.276
8375.2;0.101
8375.7;0.272
8376.2;0.307
8376.7;0.22
8377.2;0.036
8377.7;0.41
8378.2;0.758
8378.7;0.176
8379.2;0.566
8379.7;0.428
8380.2;0.26
8380.7;0.279
8381.2;0.441
8381.7;0.722
8382.2;0.23
8382.7;0.492
8383.2;0.375
8383.7;0.171
8384.2;0.448
8384.7;0.392
8385.2;0.291
8385.7;0.308
8386.2;0.355
8386.7;0.421
8387.2;0.058
8387.7;0.228
8388.2;0.367
8388.7;0.159
8389.2;0.138
8389.7;0.086
8390.2;0.245
8390.7;0.049
8391.2;0.243
8391.7;0.328
8392.2;0.254
8392.7;0.405
8393.2;0.12
8393.7;0.58
8394.2;0.386
8394.7;0.224
8395.2;0.538
8395.7;0.092
8396.2;0.466
8396.7;0.587
8397.2;0.082
8397.7;0.801
8398.2;0.504
8398.7;0.174
8399.2;0.482
8399.7;0.374
8400.2;0.153
8400.7;0.177
8401.2;0.208
8401.7;0.273
8402.2;0.091
8402.7;0.312
8403.2;0.304
8403.7;0.358
8404.2;0.268
8404.7;0.32
8405.2;0.76
8405.7;0.278
8406.2;0.423
8406.7;0.72
8407.2;0.383
8407.7;0.264
8408.2;0.398
8408.7;0.362
8409.2;0.439
8409.7;0.115
8410.2;0.448
8410.7;0.717
8411.2;0.238
8411.7;0.464
8412.2;0.327
8412.7;0.182
8413.2;0.384
8413.7;0.282
8414.2;0.341
8414.7;0.073
8415.2;0.165
8415.7;0.263
8416.2;0.094
8416.7;0.377
8417.2;0.523
8417.7;0.345
8418.2;0.685
8418.7;0.365
8419.2;0.545
8419.7;0.276
8420.2;0.478
8420.7;0.317
8421.2;0.317
8421.7;0.667
8422.2;0.39
8422.7;0.261
8423.2;0.417
8423.7;0.592
8424.2;0.356
8424.7;0.314
8425.2;0.423
8425.7;0.213
8426.2;0.038
8426.7;0.375
8427.2;0.495
8427.7;0.332
8428.2;0.573
8428.7;0.183
8429.2;0.532
8429.7;0.242
8430.2;0.366
8430.7;0.601
8431.2;0.163
8431.7;0.489
8432.2;0.183
8432.7;0.489
8433.2;0.213
8433.7;0.296
8434.2;0.536
8434.7;0.432
8435.2;0.255
8435.7;0.438
8436.2;0.352
8436.7;0.527
8437.2;0.634
8437.7;0.399
8438.2;0.579
8438.7;0.359
8439.2;0.498
8439.7;0.505
8440.2;0.305
8440.7;0.695
8441.2;0.232
8441.7;0.392
8442.2;0.383
8442.7;0.334
8443.2;0.29
8443.7;0.237
8444.2;0.449
8444.7;0.067
8445.2;0.39
8445.7;0.231
8446.2;0.176
8446.7;0.512
8447.2;0.309
8447.7;0.446
8448.2;0.509
8448.7;0.36
8449.2;0.616
8449.7;0.323
8450.2;0.398
8450.7;0.55
8451.2;0.127
8451.7;0.54
8452.2;0.034
8452.7;0.406
8453.2;0.243
8453.7;0.298
8454.2;0.301
8454.7;0.435
8455.2;0.138
8455.7;0.468
8456.2;0.443
8456.7;0.065
8457.2;0.335
8457.7;0.11
8458.2;0.403
8458.7;0.359
8459.2;0.664
8459.7;0.559
8460.2;0.168
8460.7;0.261
8461.2;0.155
8461.7;0.219
8462.2;0.131
8462.7;0.159
8463.2;0.338
8463.7;0.288
8464.2;0.151
8464.7;0.427
8465.2;0.244
8465.7;0.237
8466.2;0.28
8466.7;0.269
8467.2;0.428
8467.7;0.284
8468.2;0.308
8468.7;0.433
8469.2;0.243
8469.7;0.163
8470.2;0.119
8470.7;0.064
8471.2;0.358
8471.7;0.357
8472.2;0.074
8472.7;0.09
8473.2;0.184
8473.7;0.15
8474.2;0.24
8474.7;0.12
8475.2;0.246
8475.7;0.299
8476.2;0.26
8476.7;0.023
8477.2;0.272
8477.7;0.302
8478.2;0.132
8478.7;0.335
8479.2;0.343
8479.7;0.143
8480.2;0.267
8480.7;0.449
8481.2;0.162
8481.7;0.402
8482.2;0.251
8482.7;0.396
8483.2;0.632
8483.7;0.134
8484.2;0.198
8484.7;0.172
8485.2;0.134
8485.7;0.054
8486.2;0.205
8486.7;0.213
8487.2;0.296
8487.7;0.317
8488.2;0.089
8488.7;0.35
8489.2;0.362
8489.7;0.259
8490.2;0.121
8490.7;0.197
8491.2;0.221
8491.7;0.405
8492.2;0.291
8492.7;0.33
8493.2;0.575
8493.7;0.103
8494.2;0.366
8494.7;0.059
8495.2;0.267
8495.7;0.191
8496.2;0.256
8496.7;0.455
8497.2;0.381
8497.7;0.637
8498.2;0.163
8498.7;0.379
8499.2;0.159
8499.7;0.482
8500.2;0.056
8500.7;0.376
8501.2;0.118
8501.7;0.299
8502.2;0.322
8502.7;0.294
8503.2;0.593
8503.7;0.052
8504.2;0.376
8504.7;0.247
8505.2;0.139
8505.7;0.129
8506.2;0.238
8506.7;0.146
8507.2;0.196
8507.7;0.238
8508.2;0.159
8508.7;0.168
8509.2;0.404
8509.7;0.189
8510.2;0.117
8510.7;0.612
8511.2;0.314
8511.7;0.363
8512.2;0.365
8512.7;0.086
8513.2;0.272
8513.7;0.107
8514.2;0.441
8514.7;0.344
8515.2;0.328
8515.7;0.242
8516.2;0.186
8516.7;0.159
8517.2;0.203
8517.7;0.284
8518.2;0.052
8518.7;0.433
8519.2;0.334
8519.7;0.152
8520.2;0.259
8520.7;0.35
8521.2;0.186
8521.7;0.38
8522.2;0.123
8522.7;0.491
8523.2;0.417
8523.7;0.2
8524.2;0.438
8524.7;0.231
8525.2;0.32
8525.7;0.504
8526.2;0.321
8526.7;0.403
8527.2;0.265
8527.7;0.457
8528.2;0.44
8528.7;0.063
8529.2;0.23
8529.7;0.034
8530.2;0.189
8530.7;0.166
8531.2;0.226
8531.7;0.129
8532.2;0.214
8532.7;0.449
8533.2;0.432
8533.7;0.34
8534.2;0.331
8534.7;0.451
8535.2;0.264
8535.7;0.154
8536.2;0.287
8536.7;0.356
8537.2;0.087
8537.7;0.227
8538.2;0.204
8538.7;0.187
8539.2;0.156
8539.7;0.232
8540.2;0.242
8540.7;0.073
8541.2;0.389
8541.7;0.502
8542.2;0.235
8542.7;0.526
8543.2;0.424
8543.7;0.249
8544.2;0.396
8544.7;0.14
8545.2;0.597
8545.7;0.297
8546.2;0.145
8546.7;0.601
8547.2;0.484
8547.7;0.244
8548.2;0.549
8548.7;0.42
8549.2;0.21
8549.7;0.24
8550.2;0.514
8550.7;0.481
8551.2;0.356
8551.7;0.367
8552.2;0.433
8552.7;0.602
8553.2;0.257
8553.7;0.54
8554.2;0.487
8554.7;0.367
8555.2;0.538
8555.7;0.152
8556.2;0.585
8556.7;0.356
8557.2;0.174
8557.7;0.31
8558.2;0.405
8558.7;0.363
8559.2;0.286
8559.7;0.623
8560.2;0.336
8560.7;0.268
8561.2;0.329
8561.7;0.471
8562.2;0.34
8562.7;0.348
8563.2;0.425
8563.7;0.344
8564.2;0.177
8564.7;0.29
8565.2;0.227
8565.7;0.229
8566.2;0.247
8566.7;0.083
8567.2;0.183
8567.7;0.269
8568.2;0.336
8568.7;0.332
8569.2;0.048
8569.7;0.165
8570.2;0.408
8570.7;0.317
8571.2;0.264
8571.7;0.216
8572.2;0.468
8572.7;0.125
8573.2;0.257
8573.7;0.323
8574.2;0.33
8574.7;0.223
8575.2;0.253
8575.7;0.356
8576.2;0.17
8576.7;0.306
8577.2;0.333
8577.7;0.275
8578.2;0.33
8578.7;0.155
8579.2;0.368
8579.7;0.127
8580.2;0.366
8580.7;0.323
8581.2;0.146
8581.7;0.406
8582.2;0.223
8582.7;0.275
8583.2;0.176
8583.7;0.428
8584.2;0.2
8584.7;0.367
8585.2;0.137
8585.7;0.473
8586.2;0.286
8586.7;0.287
8587.2;0.407
8587.7;0.13
8588.2;0.399
8588.7;0.154
8589.2;0.424
8589.7;0.395
8590.2;0.235
8590.7;0.248
8591.2;0.484
8591.7;0.136
8592.2;0.319
8592.7;0.193
8593.2;0.477
8593.7;0.048
8594.2;0.199
8594.7;0.055
8595.2;0.206
8595.7;0.172
8596.2;0.165
8596.7;0.294
8597.2;0.215
8597.7;0.357
8598.2;0.098
8598.7;0.44
8599.2;0.196
8599.7;0.145
8600.2;0.325
8600.7;0.387
8601.2;0.198
8601.7;0.169
8602.2;0.297
8602.7;0.139
8603.2;0.325
8603.7;0.296
8604.2;0.281
8604.7;0.399
8605.2;0.148
8605.7;0.337
8606.2;0.198
8606.7;0.217
8607.2;0.319
8607.7;0.246
8608.2;0.461
8608.7;0.134
8609.2;0.571
8609.7;0.317
8610.2;0.237
8610.7;0.26
8611.2;0.232
8611.7;0.134
8612.2;0.182
8612.7;0.453
8613.2;0.124
8613.7;0.522
8614.2;0.092
8614.7;0.384
8615.2;0.259
8615.7;0.151
8616.2;0.51
8616.7;0.243
8617.2;0.453
8617.7;0.003
8618.2;0.079
8618.7;0.399
8619.2;0.25
8619.7;0.583
8620.2;0.079
8620.7;0.281
8621.2;0.14
8621.7;0.17
8622.2;0.292
8622.7;0.2
8623.2;0.357
8623.7;0.229
8624.2;0.509
8624.7;0.098
8625.2;0.326
8625.7;0.208
8626.2;0.261
8626.7;0.132
8627.2;0.291
8627.7;0.268
8628.2;0.216
8628.7;0.511
8629.2;0.098
8629.7;0.264
8630.2;0.317
8630.7;0.119
8631.2;0.363
8631.7;0.225
8632.2;0.159
8632.7;0.199
8633.2;0.063
8633.7;0.362
8634.2;0.187
8634.7;0.119
8635.2;0.219
8635.7;0.459
8636.2;0.214
8636.7;0.391
8637.2;0.359
8637.7;0.574
8638.2;0.467
8638.7;0.258
8639.2;0.84
8639.7;0.351
8640.2;0.348
8640.7;0.418
8641.2;0.462
8641.7;0.232
8642.2;0.554
8642.7;0.488
8643.2;0.26
8643.7;0.793
8644.2;0.344
8644.7;0.514
8645.2;0.301
8645.7;0.379
8646.2;0.187
8646.7;0.442
8647.2;0.625
8647.7;0.492
8648.2;0.344
8648.7;0.664
8649.2;0.444
8649.7;0.437
8650.2;0.598
8650.7;0.37
8651.2;0.755
8651.7;0.256
8652.2;0.619
8652.7;0.239
8653.2;0.43
8653.7;0.365
8654.2;0.255
8654.7;0.52
8655.2;0.171
8655.7;0.554
8656.2;0.198
8656.7;0.544
8657.2;0.409
8657.7;0.534
8658.2;0.37
8658.7;0.717
8659.2;0.864
8659.7;0.233
8660.2;0.944
8660.7;0.671
8661.2;0.66
8661.7;0.66
8662.2;0.63
8662.7;0.921
8663.2;0.556
8663.7;0.766
8664.2;0.741
8664.7;0.811
8665.2;0.879
8665.7;0.632
8666.2;0.555
8666.7;0.843
8667.2;0.482
8667.7;0.529
8668.2;0.754
8668.7;0.356
8669.2;0.797
8669.7;0.438
8670.2;0.608
8670.7;0.655
8671.2;0.388
8671.7;0.558
8672.2;0.452
8672.7;0.607
8673.2;0.589
8673.7;0.423
8674.2;0.787
8674.7;0.469
8675.2;0.634
8675.7;0.752
8676.2;0.341
8676.7;0.611
8677.2;0.254
8677.7;0.513
8678.2;0.18
8678.7;0.542
8679.2;0.377
8679.7;0.581
8680.2;0.657
8680.7;0.469
8681.2;0.675
8681.7;0.371
8682.2;0.838
8682.7;0.189
8683.2;0.562
8683.7;0.189
8684.2;0.571
8684.7;0.277
8685.2;0.427
8685.7;0.36
8686.2;0.207
8686.7;0.249
8687.2;0.17
8687.7;0.272
8688.2;0.187
8688.7;0.292
8689.2;0.469
8689.7;0.282
8690.2;0.215
8690.7;0.495
8691.2;0.096
8691.7;0.579
8692.2;0.386
8692.7;0.234
8693.2;0.464
8693.7;0.145
8694.2;0.147
8694.7;0.148
8695.2;0.455
8695.7;0.088
8696.2;0.26
8696.7;0.325
8697.2;0.186
8697.7;0.202
8698.2;0.384
8698.7;0.173
8699.2;0.232
8699.7;0.262
8700.2;0.147
8700.7;0.384
8701.2;0.265
8701.7;0.501
8702.2;0.359
8702.7;0.264
8703.2;0.516
8703.7;0.022
8704.2;0.326
8704.7;0.363
8705.2;0.236
8705.7;0.279
8706.2;0.483
8706.7;0.138
8707.2;0.536
8707.7;0.456
8708.2;0.204
8708.7;0.349
8709.2;0.336
8709.7;0.328
8710.2;0.183
8710.7;0.451
8711.2;0.234
8711.7;0.39
8712.2;0.061
8712.7;0.479
8713.2;0.19
8713.7;0.324
8714.2;0.501
8714.7;0.17
8715.2;0.387
8715.7;0.254
8716.2;0.272
8716.7;0.207
8717.2;0.485
8717.7;0.482
8718.2;0.63
8718.7;0.557
8719.2;0.488
8719.7;0.3
8720.2;0.21
8720.7;0.297
8721.2;0.103
8721.7;0.22
8722.2;0.407
8722.7;0.668
8723.2;0.32
8723.7;0.541
8724.2;0.45
8724.7;0.175
8725.2;0.208
8725.7;0.186
8726.2;0.531
8726.7;0.369
8727.2;0.316
8727.7;0.515
8728.2;0.384
8728.7;0.217
8729.2;0.501
8729.7;0.269
8730.2;0.255
8730.7;0.599
8731.2;0.384
8731.7;0.365
8732.2;0.922
8732.7;0.516
8733.2;0.449
8733.7;0.563
8734.2;0.12
8734.7;0.216
8735.2;0.105
8735.7;0.603
8736.2;0.34
8736.7;0.352
8737.2;0.285
8737.7;0.217
8738.2;0.326
8738.7;0.086
8739.2;0.127
8739.7;0.412
8740.2;0.426
8740.7;0.423
8741.2;0.463
8741.7;0.436
8742.2;0.444
8742.7;0.29
8743.2;0.38
8743.7;0.345
8744.2;0.148
8744.7;0.592
8745.2;0.404
8745.7;0.102
8746.2;0.51
8746.7;0.209
8747.2;0.297
8747.7;0.307
8748.2;0.179
8748.7;0.297
8749.2;0.157
8749.7;0.116
8750.2;0.47
8750.7;0.217
8751.2;0.301
8751.7;0.274
8752.2;0.228
8752.7;0.178
8753.2;0.357
8753.7;0.341
8754.2;0.206
8754.7;0.457
8755.2;0.103
8755.7;0.34
8756.2;0.222
8756.7;0.568
8757.2;0.52
8757.7;0.527
8758.2;0.492
8758.7;0.039
8759.2;0.256
8759.7;0.336
8760.2;0.178
8760.7;0.383
8761.2;0.413
8761.7;0.193
8762.2;0.291
8762.7;0.527
8763.2;0.403
8763.7;0.272
8764.2;0.448
8764.7;0.237
8765.2;0.261
8765.7;0.191
8766.2;0.48
8766.7;0.438
8767.2;0.306
8767.7;0.516
8768.2;0.196
8768.7;0.202
8769.2;0.148
8769.7;0.383
8770.2;0.241
8770.7;0.336
8771.2;0.183
8771.7;0.157
8772.2;0.083
8772.7;0.148
8773.2;0.222
8773.7;0.077
8774.2;0.194
8774.7;0.245
8775.2;0.075
8775.7;0.268
8776.2;0.405
8776.7;0.065
8777.2;0.25
8777.7;0.086
8778.2;0.324
8778.7;0.249
8779.2;0.145
8779.7;0.336
8780.2;0.378
8780.7;0.224
8781.2;0.47
8781.7;0.183
8782.2;0.167
8782.7;0.262
8783.2;0.263
8783.7;0.165
8784.2;0.324
8784.7;0.27
8785.2;0.282
8785.7;0.38
8786.2;0.254
8786.7;0.625
8787.2;0.297
8787.7;0.374
8788.2;0.28
8788.7;0.128
8789.2;0.304
8789.7;0.191
8790.2;0.173
8790.7;0.091
8791.2;0.372
8791.7;0.149
8792.2;0.432
8792.7;0.101
8793.2;0.507
8793.7;0.195
8794.2;0.292
8794.7;0.443
8795.2;0.06
8795.7;0.316
8796.2;0.311
8796.7;0.061
8797.2;0.164
8797.7;0.168
8798.2;0.074
8798.7;0.158
8799.2;0.121
8799.7;0.234
8800.2;0.112
8800.7;0.098
8801.2;0.292
8801.7;0.213
8802.2;0.337
8802.7;0.267
8803.2;0.3
8803.7;0.261
8804.2;0.192
8804.7;0.043
8805.2;0.19
8805.7;0.298
8806.2;0.139
8806.7;0.338
8807.2;0.212
8807.7;0.123
8808.2;0.287
8808.7;0.125
8809.2;0.062
8809.7;0.472
8810.2;0.557
8810.7;0.604
8811.2;0.641
8811.7;0.3
8812.2;0.606
8812.7;0.252
8813.2;0.186
8813.7;0.313
8814.2;0.292
8814.7;0.321
8815.2;0.108
8815.7;0.305
8816.2;0.097
8816.7;0.213
8817.2;0.122
8817.7;0.165
8818.2;0.065
8818.7;0.206
8819.2;0.328
8819.7;0.144
8820.2;0.431
8820.7;0.535
8821.2;0.52
8821.7;0.647
8822.2;0.448
8822.7;0.455
8823.2;0.414
8823.7;0.05
8824.2;0.161
8824.7;0.3
8825.2;0.401
8825.7;0.345
8826.2;0.46
8826.7;0.223
8827.2;0.109
8827.7;0.026
8828.2;0.193
8828.7;0.117
8829.2;0.307
8829.7;0.314
8830.2;0.088
8830.7;0.106
8831.2;0.13
8831.7;0.201
8832.2;0.415
8832.7;0.362
8833.2;0.177
8833.7;0.418
8834.2;0.142
8834.7;0.23
8835.2;0.288
8835.7;0.336
8836.2;0.231
8836.7;0.553
8837.2;0.546
8837.7;0.217
8838.2;0.49
8838.7;0.565
8839.2;0.197
8839.7;0.551
8840.2;0.381
8840.7;0.344
8841.2;0.664
8841.7;0.321
8842.2;0.34
8842.7;0.194
8843.2;0.438
8843.7;0.148
8844.2;0.518
8844.7;0.443
8845.2;0.225
8845.7;0.448
8846.2;0.279
8846.7;0.221
8847.2;0.373
8847.7;0.445
8848.2;0.085
8848.7;0.384
8849.2;0.184
8849.7;0.033
8850.2;0.169
8850.7;0.18
8851.2;0.086
8851.7;0.306
8852.2;0.199
8852.7;0.086
8853.2;0.23
8853.7;0.16
8854.2;0.259
8854.7;0.282
8855.2;0.529
8855.7;0.108
8856.2;0.379
8856.7;0.179
8857.2;0.547
8857.7;0.186
8858.2;0.48
8858.7;0.561
8859.2;0.305
8859.7;0.39
8860.2;0.293
8860.7;0.564
8861.2;0.133
8861.7;0.559
8862.2;0.161
8862.7;0.466
8863.2;0.382
8863.7;0.546
8864.2;0.397
8864.7;0.296
8865.2;0.619
8865.7;0.17
8866.2;0.619
8866.7;0.173
8867.2;0.436
8867.7;0.161
8868.2;0.616
8868.7;0.203
8869.2;0.389
8869.7;0.223
8870.2;0.212
8870.7;0.149
8871.2;0.32
8871.7;0.152
8872.2;0.49
8872.7;0.575
8873.2;0.13
8873.7;0.494
8874.2;0.174
8874.7;0.231
8875.2;0.225
8875.7;0.433
8876.2;0.249
8876.7;0.67
8877.2;0.381
8877.7;0.629
8878.2;0.499
8878.7;0.375
8879.2;0.383
8879.7;0.23
8880.2;0.244
8880.7;0.229
8881.2;0.267
8881.7;0.507
8882.2;0.35
8882.7;0.347
8883.2;0.198
8883.7;0.119
8884.2;0.02
8884.7;0.122
8885.2;0.235
8885.7;0.133
8886.2;0.268
8886.7;0.356
8887.2;0.066
8887.7;0.248
8888.2;0.709
8888.7;0.338
8889.2;0.663
8889.7;0.617
8890.2;0.304
8890.7;0.598
8891.2;0.345
8891.7;0.324
8892.2;0.169
8892.7;0.694
8893.2;0.169
8893.7;0.499
8894.2;0.413
8894.7;0.513
8895.2;0.698
8895.7;0.297
8896.2;0.734
8896.7;0.145
8897.2;0.447
8897.7;0.223
8898.2;0.43
8898.7;0.137
8899.2;0.463
8899.7;0.138
8900.2;0.577
8900.7;0.544
8901.2;0.372
8901.7;0.668
8902.2;0.173
8902.7;0.63
8903.2;0.091
8903.7;0.434
8904.2;0.196
8904.7;0.318
8905.2;0.158
8905.7;0.303
8906.2;0.197
8906.7;0.495
8907.2;0.482
8907.7;0.273
8908.2;0.375
8908.7;0.193
8909.2;0.192
8909.7;0.207
8910.2;0.274
8910.7;0.208
8911.2;0.418
8911.7;0.258
8912.2;0.35
8912.7;0.126
8913.2;0.486
8913.7;0.241
8914.2;0.396
8914.7;0.219
8915.2;0.261
8915.7;0.153
8916.2;0.494
8916.7;0.415
8917.2;0.435
8917.7;0.658
8918.2;0.492
8918.7;0.463
8919.2;0.484
8919.7;0.334
8920.2;0.464
8920.7;0.698
8921.2;0.452
8921.7;0.453
8922.2;0.366
8922.7;0.371
8923.2;0.351
8923.7;0.469
8924.2;0.412
8924.7;0.429
8925.2;0.322
8925.7;0.109
8926.2;0.345
8926.7;0.312
8927.2;0.199
8927.7;0.297
8928.2;0.501
8928.7;0.35
8929.2;0.4
8929.7;0.471
8930.2;0.39
8930.7;0.667
8931.2;0.384
8931.7;0.38
8932.2;0.503
8932.7;0.052
8933.2;0.286
8933.7;0.454
8934.2;0.21
8934.7;0.401
8935.2;0.47
8935.7;0.267
8936.2;0.425
8936.7;0.273
8937.2;0.341
8937.7;0.498
8938.2;0.326
8938.7;0.728
8939.2;0.418
8939.7;0.225
8940.2;0.487
8940.7;0.797
8941.2;0.102
8941.7;0.605
8942.2;0.63
8942.7;0.17
8943.2;0.636
8943.7;0.405
8944.2;0.443
8944.7;0.667
8945.2;0.249
8945.7;0.794
8946.2;0.618
8946.7;0.333
8947.2;0.919
8947.7;0.21
8948.2;0.636
8948.7;0.469
8949.2;0.491
8949.7;0.365
8950.2;0.423
8950.7;0.397
8951.2;0.419
8951.7;0.231
8952.2;0.553
8952.7;0.485
8953.2;0.246
8953.7;0.453
8954.2;0.417
8954.7;0.362
8955.2;0.108
8955.7;0.518
8956.2;0.232
8956.7;0.126
8957.2;0.393
8957.7;0.197
8958.2;0.13
8958.7;0.065
8959.2;0.221
8959.7;0.422
8960.2;0.41
8960.7;0.43
8961.2;0.434
8961.7;0.328
8962.2;0.349
8962.7;0.053
8963.2;0.119
8963.7;0.322
8964.2;0.378
8964.7;0.136
8965.2;0.133
8965.7;0.294
8966.2;0.235
8966.7;0.454
8967.2;0.541
8967.7;0.333
8968.2;0.528
8968.7;0.111
8969.2;0.328
8969.7;0.23
8970.2;0.226
8970.7;0.091
8971.2;0.211
8971.7;0.22
8972.2;0.371
8972.7;0.381
8973.2;0.292
8973.7;0.241
8974.2;0.049
8974.7;0.382
8975.2;0.33
8975.7;0.073
8976.2;0.21
8976.7;0.347
8977.2;0.249
8977.7;0.532
8978.2;0.359
8978.7;0.184
8979.2;0.556
8979.7;0.326
8980.2;0.823
8980.7;0.261
8981.2;0.468
8981.7;0.486
8982.2;0.157
8982.7;0.218
8983.2;0.496
8983.7;0.487
8984.2;0.131
8984.7;0.483
8985.2;0.353
8985.7;0.396
8986.2;0.117
8986.7;0.495
8987.2;0.415
8987.7;0.173
8988.2;0.297
8988.7;0.145
8989.2;0.263
8989.7;0.075
8990.2;0.251
8990.7;0.237
8991.2;0.079
8991.7;0.168
8992.2;0.41
8992.7;0.362
8993.2;0.512
8993.7;0.282
8994.2;0.16
8994.7;0.243
8995.2;0.059
8995.7;0.315
8996.2;0.213
8996.7;0.104
8997.2;0.168
8997.7;0.261
8998.2;0.141
8998.7;0.316
8999.2;0.27
8999.7;0.214
9000.2;0.185
9000.7;0.161
9001.2;0.139
9001.7;0.074
9002.2;0.07
9002.7;0.235
9003.2;0.151
9003.7;0.235
9004.2;0.372
9004.7;0.188
9005.2;0.238
9005.7;0.07
9006.2;0.283
9006.7;0.079
9007.2;0.301
9007.7;0.383
9008.2;0.353
9008.7;0.424
9009.2;0.183
9009.7;0.106
9010.2;0.054
9010.7;0.058
9011.2;0.154
9011.7;0.211
9012.2;0.249
9012.7;0.232
9013.2;0.41
9013.7;0.329
9014.2;0.419
9014.7;0.439
9015.2;0.119
9015.7;0.357
9016.2;0.057
9016.7;0.227
9017.2;0.214
9017.7;0.369
9018.2;0.089
9018.7;0.18
9019.2;0.411
9019.7;0.15
9020.2;0.169
9020.7;0.279
9021.2;0.222
9021.7;0.112
9022.2;0.249
9022.7;0.299
9023.2;0.237
9023.7;0.207
9024.2;0.075
9024.7;0.188
9025.2;0.323
9025.7;0.202
9026.2;0.234
9026.7;0.098
9027.2;0.181
9027.7;0.257
9028.2;0.352
9028.7;0.253
9029.2;0.068
9029.7;0.199
9030.2;0.361
9030.7;0.23
9031.2;0.1
9031.7;0.597
9032.2;0.394
9032.7;0.278
9033.2;0.433
9033.7;0.155
9034.2;0.423
9034.7;0.144
9035.2;0.374
9035.7;0.267
9036.2;0.519
9036.7;0.306
9037.2;0.344
9037.7;0.53
9038.2;0.272
9038.7;0.188
9039.2;0.363
9039.7;0.358
9040.2;0.308
9040.7;0.353
9041.2;0.181
9041.7;0.292
9042.2;0.103
9042.7;0.14
9043.2;0.007
9043.7;0.332
9044.2;0.084
9044.7;0.374
9045.2;0.398
9045.7;0.037
9046.2;0.336
9046.7;0.305
9047.2;0.268
9047.7;0.24
9048.2;0.497
9048.7;0.243
9049.2;0.085
9049.7;0.316
9050.2;0.177
9050.7;0.177
9051.2;0.229
9051.7;0.1
9052.2;0.256
9052.7;0.307
9053.2;0.083
9053.7;0.174
9054.2;0.17
9054.7;0.087
9055.2;0.093
9055.7;0.312
9056.2;0.243
9056.7;0.017
9057.2;0.302
9057.7;0.305
9058.2;0.072
9058.7;0.19
9059.2;0.048
9059.7;0.372
9060.2;0.347
9060.7;0.145
9061.2;0.352
9061.7;0.096
9062.2;0.312
9062.7;0.137
9063.2;0.413
9063.7;0.347
9064.2;0.093
9064.7;0.421
9065.2;0.378
9065.7;0.147
9066.2;0.475
9066.7;0.433
9067.2;0.218
9067.7;0.441
9068.2;0.456
9068.7;0.271
9069.2;0.561
9069.7;0.36
9070.2;0.108
9070.7;0.722
9071.2;0.272
9071.7;0.371
9072.2;0.469
9072.7;0.503
9073.2;0.39
9073.7;0.587
9074.2;0.261
9074.7;0.474
9075.2;0.711
9075.7;0.399
9076.2;0.41
9076.7;0.654
9077.2;0.437
9077.7;0.146
9078.2;0.628
9078.7;0.367
9079.2;0.419
9079.7;0.614
9080.2;0.084
9080.7;0.32
9081.2;0.251
9081.7;0.162
9082.2;0.186
9082.7;0.235
9083.2;0.148
9083.7;0.151
9084.2;0.127
9084.7;0.214
9085.2;0.136
9085.7;0.221
9086.2;0.295
9086.7;0.21
9087.2;0.275
9087.7;0.507
9088.2;0.157
9088.7;0.039
9089.2;0.247
9089.7;0.061
9090.2;0.26
9090.7;0.117
9091.2;0.256
9091.7;0.188
9092.2;0.115
9092.7;0.143
9093.2;0.058
9093.7;0.246
9094.2;0.313
9094.7;0.105
9095.2;0.289
9095.7;0.305
9096.2;0.141
9096.7;0.274
9097.2;0.513
9097.7;0.136
9098.2;0.358
9098.7;0.303
9099.2;0.182
9099.7;0.235
9100.2;0.247
9100.7;0.08
9101.2;0.077
9101.7;0.165
9102.2;0.027
9102.7;0.17
9103.2;0.04
9103.7;0.156
9104.2;0.255
9104.7;0.154
9105.2;0.329
9105.7;0.09
9106.2;0.248
9106.7;0.222
9107.2;0.273
9107.7;0.138
9108.2;0.262
9108.7;0.168
9109.2;0.287
9109.7;0.363
9110.2;0.487
9110.7;0.217
9111.2;0.169
9111.7;0.204
9112.2;0.316
9112.7;0.079
9113.2;0.105
9113.7;0.094
9114.2;0.089
9114.7;0.261
9115.2;0.307
9115.7;0.336
9116.2;0.225
9116.7;0.279
9117.2;0.487
9117.7;0.711
9118.2;0.666
9118.7;0.313
9119.2;0.306
9119.7;0.605
9120.2;0.437
9120.7;0.218
9121.2;0.624
9121.7;0.503
9122.2;0.346
9122.7;0.598
9123.2;0.324
9123.7;0.305
9124.2;0.212
9124.7;0.501
9125.2;0.311
9125.7;0.999
9126.2;0.635
9126.7;0.402
9127.2;0.827
9127.7;0.579
9128.2;0.327
9128.7;0.453
9129.2;0.271
9129.7;0.257
9130.2;0.516
9130.7;0.357
9131.2;0.495
9131.7;0.435
9132.2;0.437
9132.7;0.532
9133.2;0.41
9133.7;0.304
9134.2;0.25
9134.7;0.219
9135.2;0.079
9135.7;0.517
9136.2;0.492
9136.7;0.153
9137.2;0.631
9137.7;0.382
9138.2;0.416
9138.7;0.324
9139.2;0.443
9139.7;0.074
9140.2;0.727
9140.7;0.607
9141.2;0.153
9141.7;0.733
9142.2;0.305
9142.7;0.091
9143.2;0.302
9143.7;0.311
9144.2;0.152
9144.7;0.283
9145.2;0.277
9145.7;0.283
9146.2;0.247
9146.7;0.452
9147.2;0.21
9147.7;0.314
9148.2;0.174
9148.7;0.496
9149.2;0.063
9149.7;0.194
9150.2;0.204
9150.7;0.42
9151.2;0.145
9151.7;0.338
9152.2;0.496
9152.7;0.145
9153.2;0.191
9153.7;0.378
9154.2;0.301
9154.7;0.289
9155.2;0.354
9155.7;0.264
9156.2;0.434
9156.7;0.303
9157.2;0.057
9157.7;0.387
9158.2;0.26
9158.7;0.178
9159.2;0.333
9159.7;0.564
9160.2;0.477
9160.7;0.315
9161.2;0.268
9161.7;0.249
9162.2;0.441
9162.7;0.522
9163.2;0.856
9163.7;0.693
9164.2;0.758
9164.7;0.597
9165.2;0.292
9165.7;0.427
9166.2;0.096
9166.7;0.529
9167.2;0.643
9167.7;0.147
9168.2;0.365
9168.7;0.578
9169.2;0.336
9169.7;0.021
9170.2;0.38
9170.7;0.6
9171.2;0.26
9171.7;0.392
9172.2;0.529
9172.7;0.124
9173.2;0.223
9173.7;0.075
9174.2;0.387
9174.7;0.343
9175.2;0.271
9175.7;0.325
9176.2;0.134
9176.7;0.246
9177.2;0.389
9177.7;0.443
9178.2;0.287
9178.7;0.642
9179.2;0.405
9179.7;0.37
9180.2;0.366
9180.7;0.279
9181.2;0.273
9181.7;0.01
9182.2;0.42
9182.7;0.314
9183.2;0.221
9183.7;0.235
9184.2;0.248
9184.7;0.304
9185.2;0.236
9185.7;0.299
9186.2;0.857
9186.7;0.29
9187.2;0.64
9187.7;0.727
9188.2;0.268
9188.7;0.622
9189.2;0.353
9189.7;0.358
9190.2;0.446
9190.7;0.378
9191.2;0.278
9191.7;0.271
9192.2;0.241
9192.7;0.329
9193.2;0.215
9193.7;0.276
9194.2;0.291
9194.7;0.173
9195.2;0.224
9195.7;0.282
9196.2;0.306
9196.7;0.277
9197.2;0.326
9197.7;0.521
9198.2;0.256
9198.7;0.224
9199.2;0.319
9199.7;0.324
9200.2;0.12
9200.7;0.417
9201.2;0.209
9201.7;0.053
9202.2;0.218
9202.7;0.111
9203.2;0.101
9203.7;0.173
9204.2;0.242
9204.7;0.255
9205.2;0.151
9205.7;0.376
9206.2;0.258
9206.7;0.017
9207.2;0.255
9207.7;0.271
9208.2;0.086
9208.7;0.469
9209.2;0.487
9209.7;0.158
9210.2;0.539
9210.7;0.152
9211.2;0.244
9211.7;0.258
9212.2;0.255
9212.7;0.101
9213.2;0.364
9213.7;0.308
9214.2;0.242
9214.7;0.636
9215.2;0.441
9215.7;0.162
9216.2;0.428
9216.7;0.335
9217.2;0.021
9217.7;0.196
9218.2;0.37
9218.7;0.112
9219.2;0.334
9219.7;0.149
9220.2;0.27
9220.7;0.322
9221.2;0.11
9221.7;0.305
9222.2;0.728
9222.7;0.415
9223.2;0.315
9223.7;0.973
9224.2;0.51
9224.7;0.224
9225.2;0.539
9225.7;0.499
9226.2;0.264
9226.7;0.222
9227.2;0.584
9227.7;0.098
9228.2;0.461
9228.7;0.211
9229.2;0.549
9229.7;0.513
9230.2;0.077
9230.7;0.378
9231.2;0.3
9231.7;0.486
9232.2;0.139
9232.7;0.463
9233.2;0.52
9233.7;0.221
9234.2;0.426
9234.7;0.306
9235.2;0.295
9235.7;0.482
9236.2;0.668
9236.7;0.393
9237.2;0.665
9237.7;0.705
9238.2;0.045
9238.7;0.317
9239.2;0.165
9239.7;0.117
9240.2;0.389
9240.7;0.629
9241.2;0.461
9241.7;0.615
9242.2;0.668
9242.7;0.363
9243.2;0.583
9243.7;0.468
9244.2;0.063
9244.7;0.324
9245.2;0.115
9245.7;0.161
9246.2;0.216
9246.7;0.284
9247.2;0.214
9247.7;0.05
9248.2;0.295
9248.7;0.232
9249.2;0.096
9249.7;0.194
9250.2;0.293
9250.7;0.305
9251.2;0.091
9251.7;0.573
9252.2;0.513
9252.7;0.351
9253.2;0.531
9253.7;0.506
9254.2;0.518
9254.7;0.105
9255.2;0.919
9255.7;0.864
9256.2;0.137
9256.7;0.601
9257.2;0.169
9257.7;0.482
9258.2;0.079
9258.7;0.469
9259.2;0.156
9259.7;0.66
9260.2;0.485
9260.7;0.53
9261.2;1.049
9261.7;0.738
9262.2;0.477
9262.7;0.397
9263.2;0.536
9263.7;0.571
9264.2;0.656
9264.7;0.704
9265.2;0.373
9265.7;0.538
9266.2;0.437
9266.7;0.279
9267.2;0.48
9267.7;0.136
9268.2;0.379
9268.7;0.19
9269.2;0.175
9269.7;0.137
9270.2;0.113
9270.7;0.323
9271.2;0.18
9271.7;0.619
9272.2;0.617
9272.7;0.349
9273.2;0.891
9273.7;0.624
9274.2;0.542
9274.7;0.229
9275.2;0.271
9275.7;0.222
9276.2;0.346
9276.7;0.295
9277.2;0.414
9277.7;0.56
9278.2;0.255
9278.7;0.265
9279.2;0.297
9279.7;0.455
9280.2;0.67
9280.7;1.159
9281.2;0.706
9281.7;0.454
9282.2;0.299
9282.7;0.022
9283.2;0.495
9283.7;0.634
9284.2;0.23
9284.7;0.69
9285.2;0.707
9285.7;0.351
9286.2;0.617
9286.7;0.479
9287.2;0.428
9287.7;0.375
9288.2;0.469
9288.7;0.527
9289.2;0.363
9289.7;0.099
9290.2;0.247
9290.7;0.305
9291.2;0.31
9291.7;0.504
9292.2;0.169
9292.7;0.245
9293.2;0.497
9293.7;0.319
9294.2;0.201
9294.7;0.311
9295.2;0.676
9295.7;0.388
9296.2;0.088
9296.7;0.417
9297.2;0.258
9297.7;0.125
9298.2;0.126
9298.7;0.407
9299.2;0.111
9299.7;0.483
9300.2;0.253
9300.7;0.423
9301.2;0.309
9301.7;0.612
9302.2;0.52
9302.7;0.254
9303.2;0.453
9303.7;0.041
9304.2;0.52
9304.7;0.249
9305.2;0.569
9305.7;0.534
9306.2;0.268
9306.7;0.231
9307.2;0.462
9307.7;0.484
9308.2;0.083
9308.7;0.434
9309.2;0.522
9309.7;0.355
9310.2;0.64
9310.7;0.243
9311.2;0.438
9311.7;0.644
9312.2;0.734
9312.7;0.235
9313.2;0.481
9313.7;0.182
9314.2;0.394
9314.7;0.366
9315.2;0.767
9315.7;0.482
9316.2;0.388
9316.7;0.663
9317.2;0.112
9317.7;0.416
9318.2;0.056
9318.7;0.378
9319.2;0.28
9319.7;0.964
9320.2;0.385
9320.7;0.422
9321.2;0.8
9321.7;0.601
9322.2;0.649
9322.7;1.073
9323.2;0.564
9323.7;0.367
9324.2;0.539
9324.7;0.532
9325.2;0.49
9325.7;1.012
9326.2;0.578
9326.7;0.596
9327.2;0.861
9327.7;0.423
9328.2;0.604
9328.7;0.118
9329.2;0.466
9329.7;0.184
9330.2;0.466
9330.7;0.398
9331.2;0.259
9331.7;0.366
9332.2;0.154
9332.7;0.27
9333.2;0.577
9333.7;0.723
9334.2;0.339
9334.7;0.535
9335.2;0.147
9335.7;0.316
9336.2;0.522
9336.7;0.674
9337.2;0.598
9337.7;0.212
9338.2;0.809
9338.7;0.314
9339.2;0.656
9339.7;0.921
9340.2;0.856
9340.7;0.576
9341.2;0.662
9341.7;0.706
9342.2;0.247
9342.7;0.251
9343.2;0.181
9343.7;0.418
9344.2;0.269
9344.7;0.102
9345.2;0.077
9345.7;0.445
9346.2;0.501
9346.7;0.206
9347.2;0.472
9347.7;0.949
9348.2;0.379
9348.7;0.266
9349.2;0.57
9349.7;0.68
9350.2;0.26
9350.7;0.471
9351.2;0.37
9351.7;0.301
9352.2;0.107
9352.7;0.511
9353.2;0.895
9353.7;0.553
9354.2;0.842
9354.7;0.829
9355.2;0.155
9355.7;0.214
9356.2;0.417
9356.7;1.024
9357.2;0.196
9357.7;0.241
9358.2;0.192
9358.7;1.106
9359.2;1.035
9359.7;0.731
9360.2;1.254
9360.7;0.728
9361.2;0.468
9361.7;0.845
9362.2;0.897
9362.7;0.643
9363.2;0.587
9363.7;0.729
9364.2;0.659
9364.7;0.556
9365.2;0.348
9365.7;0.341
9366.2;0.324
9366.7;0.672
9367.2;0.439
9367.7;0.151
9368.2;0.097
9368.7;0.613
9369.2;0.818
9369.7;0.883
9370.2;0.628
9370.7;0.53
9371.2;0.867
9371.7;0.524
9372.2;1.079
9372.7;0.74
9373.2;0.604
9373.7;0.338
9374.2;0.373
9374.7;0.405
9375.2;0.921
9375.7;0.552
9376.2;0.708
9376.7;1.315
9377.2;0.144
9377.7;1.227
9378.2;0.707
9378.7;0.667
9379.2;0.739
9379.7;0.662
9380.2;0.374
9380.7;0.66
9381.2;1.324
9381.7;0.921
9382.2;0.853
9382.7;1.016
9383.2;0.524
9383.7;0.943
9384.2;0.831
9384.7;0.623
9385.2;0.191
9385.7;0.972
9386.2;1.324
9386.7;0.865
9387.2;1.262
9387.7;0.687
9388.2;1.285
9388.7;0.762
9389.2;0.511
9389.7;1.001
9390.2;0.417
9390.7;0.15
9391.2;0.194
9391.7;0.03
9392.2;0.517
9392.7;0.531
9393.2;0.498
9393.7;0.923
9394.2;0.509
9394.7;0.509
9395.2;0.971
9395.7;0.852
9396.2;0.081
9396.7;1.059
9397.2;1.008
9397.7;0.175
9398.2;0.332
9398.7;0.374
9399.2;0.615
9399.7;0.547
9400.2;0.288
9400.7;0.716
9401.2;0.555
9401.7;0.098
9402.2;0.444
9402.7;0.359
9403.2;0.319
9403.7;0.601
9404.2;0.164
9404.7;0.08
9405.2;0.418
9405.7;0.803
9406.2;0.19
9406.7;0.632
9407.2;0.381
9407.7;0.38
9408.2;0.05
9408.7;0.37
9409.2;0.575
9409.7;0.605
9410.2;0.778
9410.7;0.399
9411.2;0.274
9411.7;0.376
9412.2;0.444
9412.7;0.334
9413.2;0.821
9413.7;0.49
9414.2;0.847
9414.7;1.016
9415.2;0.839
9415.7;0.755
9416.2;0.088
9416.7;0.463
9417.2;0.504
9417.7;0.838
9418.2;1.059
9418.7;1.104
9419.2;0.814
9419.7;0.587
9420.2;0.576
9420.7;0.617
9421.2;0.234
9421.7;0.219
9422.2;0.252
9422.7;0.284
9423.2;0.415
9423.7;0.739
9424.2;0.57
9424.7;0.248
9425.2;0.165
9425.7;0.485
9426.2;0.87
9426.7;0.834
9427.2;0.851
9427.7;0.807
9428.2;0.761
9428.7;0.955
9429.2;0.568
9429.7;0.678
9430.2;0.465
9430.7;0.671
9431.2;0.629
9431.7;0.685
9432.2;0.661
9432.7;0.399
9433.2;0.112
9433.7;0.323
9434.2;0.473
9434.7;0.534
9435.2;0.62
9435.7;0.067
9436.2;0.349
9436.7;0.17
9437.2;0.156
9437.7;0.22
9438.2;0.288
9438.7;0.085
9439.2;0.242
9439.7;0.227
9440.2;0.121
9440.7;0.085
9441.2;0.153
9441.7;0.136
9442.2;0.58
9442.7;0.775
9443.2;0.991
9443.7;0.784
9444.2;0.176
9444.7;0.263
9445.2;0.148
9445.7;0.696
9446.2;0.393
9446.7;0.464
9447.2;0.654
9447.7;0.484
9448.2;0.727
9448.7;0.38
9449.2;0.364
9449.7;0.478
9450.2;0.327
9450.7;0.298
9451.2;0.247
9451.7;0.354
9452.2;0.619
9452.7;0.755
9453.2;0.621
9453.7;0.664
9454.2;0.338
9454.7;0.372
9455.2;0.452
9455.7;0.479
9456.2;0.406
9456.7;0.399
9457.2;0.468
9457.7;0.167
9458.2;0.324
9458.7;0.381
9459.2;0.651
9459.7;0.712
9460.2;0.331
9460.7;0.58
9461.2;0.946
9461.7;0.562
9462.2;0.556
9462.7;0.354
9463.2;0.27
9463.7;0.375
9464.2;0.657
9464.7;0.812
9465.2;0.497
9465.7;0.708
9466.2;0.679
9466.7;0.489
9467.2;0.829
9467.7;0.49
9468.2;0.589
9468.7;0.454
9469.2;0.634
9469.7;0.5
9470.2;0.391
9470.7;0.183
9471.2;0.414
9471.7;0.692
9472.2;0.489
9472.7;0.729
9473.2;0.673
9473.7;0.355
9474.2;0.52
9474.7;0.658
9475.2;0.439
9475.7;0.619
9476.2;0.726
9476.7;0.559
9477.2;0.453
9477.7;0.304
9478.2;0.368
9478.7;0.221
9479.2;0.343
9479.7;0.474
9480.2;0.231
9480.7;0.162
9481.2;0.418
9481.7;0.439
9482.2;0.905
9482.7;0.871
9483.2;0.176
9483.7;0.328
9484.2;0.176
9484.7;0.701
9485.2;0.328
9485.7;0.57
9486.2;0.678
9486.7;0.548
9487.2;0.534
9487.7;0.272
9488.2;0.29
9488.7;0.131
9489.2;0.414
9489.7;0.326
9490.2;0.166
9490.7;0.286
9491.2;0.713
9491.7;0.263
9492.2;0.447
9492.7;0.247
9493.2;0.241
9493.7;0.148
9494.2;0.199
9494.7;0.377
9495.2;0.641
9495.7;0.231
9496.2;0.647
9496.7;0.706
9497.2;1.063
9497.7;1.07
9498.2;1.053
9498.7;0.844
9499.2;0.684
9499.7;0.47
9500.2;0.606
9500.7;0.671
9501.2;0.493
9501.7;0.876
9502.2;0.673
9502.7;0.351
9503.2;0.571
9503.7;0.202
9504.2;0.724
9504.7;0.274
9505.2;0.676
9505.7;0.582
9506.2;0.533
9506.7;0.74
9507.2;0.185
9507.7;0.013
9508.2;0.064
9508.7;0.058
9509.2;0.027
9509.7;0.064
9510.2;0.051
9510.7;0.212
9511.2;0.216
9511.7;0.351
9512.2;0.36
9512.7;0.647
9513.2;0.274
9513.7;0.224
9514.2;0.008
9514.7;0.578
9515.2;0.581
9515.7;0.615
9516.2;0.535
9516.7;0.277
9517.2;0.299
9517.7;0.409
9518.2;0.252
9518.7;0.39
9519.2;0.529
9519.7;0.446
9520.2;0.582
9520.7;0.178
9521.2;0.767
9521.7;0.52
9522.2;0.161
9522.7;0.308
9523.2;0.338
9523.7;0.199
9524.2;0.419
9524.7;0.2
9525.2;0.612
9525.7;0.205
9526.2;0.48
9526.7;0.359
9527.2;0.785
9527.7;0.75
9528.2;0.333
9528.7;0.318
9529.2;0.61
9529.7;0.323
9530.2;0.301
9530.7;0.31
9531.2;0.493
9531.7;0.261
9532.2;0.591
9532.7;0.498
9533.2;0.589
9533.7;0.819
9534.2;0.82
9534.7;0.615
9535.2;0.962
9535.7;0.733
9536.2;0.604
9536.7;1.264
9537.2;0.714
9537.7;0.311
9538.2;0.375
9538.7;0.422
9539.2;0.274
9539.7;0.753
9540.2;0.357
9540.7;1.183
9541.2;1.073
9541.7;0.497
9542.2;1.423
9542.7;0.622
9543.2;0.741
9543.7;0.794
9544.2;0.86
9544.7;0.526
9545.2;0.753
9545.7;0.221
9546.2;0.821
9546.7;0.847
9547.2;0.276
9547.7;0.696
9548.2;0.816
9548.7;0.526
9549.2;0.515
9549.7;1.011
9550.2;0.741
9550.7;0.691
9551.2;0.398
9551.7;0.439
9552.2;0.576
9552.7;0.416
9553.2;0.249
9553.7;0.482
9554.2;0.546
9554.7;0.437
9555.2;0.352
9555.7;0.301
9556.2;0.729
9556.7;0.491
9557.2;0.463
9557.7;0.525
9558.2;0.337
9558.7;0.241
9559.2;0.169
9559.7;0.383
9560.2;0.657
9560.7;0.469
9561.2;0.271
9561.7;0.341
9562.2;0.028
9562.7;0.687
9563.2;0.598
9563.7;0.549
9564.2;0.829
9564.7;0.759
9565.2;0.35
9565.7;0.418
9566.2;0.342
9566.7;0.129
9567.2;0.246
9567.7;0.225
9568.2;0.111
9568.7;0.182
9569.2;0.263
9569.7;0.401
9570.2;0.052
9570.7;0.516
9571.2;0.097
9571.7;0.303
9572.2;0.052
9572.7;0.566
9573.2;0.258
9573.7;0.472
9574.2;0.28
9574.7;0.597
9575.2;0.22
9575.7;0.924
9576.2;0.697
9576.7;0.524
9577.2;0.889
9577.7;0.399
9578.2;1.107
9578.7;0.167
9579.2;1.203
9579.7;0.74
9580.2;0.595
9580.7;0.65
9581.2;0.495
9581.7;0.899
9582.2;0.005
9582.7;0.506
9583.2;0.299
9583.7;0.382
9584.2;0.735
9584.7;0.857
9585.2;0.26
9585.7;0.495
9586.2;0.527
9586.7;0.868
9587.2;0.016
9587.7;0.612
9588.2;0.201
9588.7;0.834
9589.2;1.133
9589.7;0.811
9590.2;0.77
9590.7;0.339
9591.2;0.571
9591.7;0.591
9592.2;1.021
9592.7;0.648
9593.2;0.8
9593.7;0.812
9594.2;0.469
9594.7;0.181
9595.2;0.854
9595.7;0.403
9596.2;0.853
9596.7;0.838
9597.2;0.78
9597.7;0.989
9598.2;0.281
9598.7;0.62
9599.2;0.169
9599.7;0.911
9600.2;0.641
9600.7;1.186
9601.2;0.852
9601.7;0.409
9602.2;0.356
9602.7;0.639
9603.2;0.132
9603.7;0.395
9604.2;0.708
9604.7;0.918
9605.2;0.772
9605.7;0.726
9606.2;0.58
9606.7;0.438
9607.2;0.627
9607.7;0.341
9608.2;0.505
9608.7;0.625
9609.2;0.705
9609.7;0.45
9610.2;0.959
9610.7;0.468
9611.2;0.347
9611.7;0.498
9612.2;0.184
9612.7;0.363
9613.2;0.247
9613.7;0.412
9614.2;0.099
9614.7;0.539
9615.2;0.234
9615.7;0.153
9616.2;0.391
9616.7;0.345
9617.2;0.364
9617.7;0.502
9618.2;0.211
9618.7;0.345
9619.2;0.102
9619.7;0.474
9620.2;0.397
9620.7;0.588
9621.2;1.147
9621.7;0.664
9622.2;0.969
9622.7;0.952
9623.2;0.276
9623.7;0.437
9624.2;0.329
9624.7;0.525
9625.2;0.477
9625.7;0.295
9626.2;0.21
9626.7;0.722
9627.2;0.55
9627.7;0.243
9628.2;0.58
9628.7;0.202
9629.2;0.437
9629.7;0.548
9630.2;0.167
9630.7;0.657
9631.2;0.553
9631.7;0.916
9632.2;1.273
9632.7;0.842
9633.2;1.41
9633.7;1.362
9634.2;0.357
9634.7;1.086
9635.2;0.466
9635.7;0.601
9636.2;0.542
9636.7;0.642
9637.2;0.83
9637.7;1.019
9638.2;0.312
9638.7;0.798
9639.2;0.966
9639.7;0.256
9640.2;0.419
9640.7;0.18
9641.2;0.458
9641.7;0.131
9642.2;0.52
9642.7;0.399
9643.2;0.162
9643.7;0.211
9644.2;0.408
9644.7;0.224
9645.2;0.3
9645.7;0.51
9646.2;0.228
9646.7;0.267
9647.2;0.151
9647.7;0.27
9648.2;0.817
9648.7;0.343
9649.2;0.515
9649.7;0.514
9650.2;0.343
9650.7;0.44
9651.2;0.272
9651.7;0.172
9652.2;0.3
9652.7;0.349
9653.2;0.458
9653.7;0.354
9654.2;0.132
9654.7;0.329
9655.2;0.221
9655.7;0.085
9656.2;0.417
9656.7;0.091
9657.2;0.368
9657.7;0.326
9658.2;0.243
9658.7;0.261
9659.2;0.385
9659.7;0.413
9660.2;0.5
9660.7;0.437
9661.2;0.434
9661.7;0.367
9662.2;0.732
9662.7;0.537
9663.2;0.346
9663.7;0.302
9664.2;0.435
9664.7;0.5
9665.2;0.53
9665.7;0.593
9666.2;0.764
9666.7;0.655
9667.2;0.942
9667.7;0.705
9668.2;0.686
9668.7;0.463
9669.2;0.509
9669.7;0.417
9670.2;0.59
9670.7;0.687
9671.2;0.649
9671.7;0.552
9672.2;0.859
9672.7;0.379
9673.2;0.926
9673.7;0.78
9674.2;0.256
9674.7;0.512
9675.2;0.175
9675.7;0.442
9676.2;0.389
9676.7;0.388
9677.2;0.419
9677.7;0.278
9678.2;0.685
9678.7;0.28
9679.2;0.323
9679.7;0.44
9680.2;0.106
9680.7;0.227
9681.2;0.252
9681.7;0.33
9682.2;0.129
9682.7;0.235
9683.2;0.415
9683.7;0.013
9684.2;0.481
9684.7;0.368
9685.2;0.06
9685.7;0.652
9686.2;0.244
9686.7;0.254
9687.2;0.304
9687.7;0.375
9688.2;0.51
9688.7;0.163
9689.2;0.214
9689.7;0.493
9690.2;0.763
9690.7;0.518
9691.2;0.432
9691.7;0.168
9692.2;0.417
9692.7;0.703
9693.2;0.463
9693.7;0.678
9694.2;0.196
9694.7;0.383
9695.2;0.743
9695.7;0.733
9696.2;0.188
9696.7;0.557
9697.2;0.371
9697.7;0.632
9698.2;0.881
9698.7;0.093
9699.2;0.746
9699.7;0.365
9700.2;0.454
9700.7;0.215
9701.2;0.426
9701.7;0.428
9702.2;0.435
9702.7;0.601
9703.2;0.283
9703.7;0.647
9704.2;0.112
9704.7;0.589
9705.2;0.576
9705.7;0.851
9706.2;0.195
9706.7;0.51
9707.2;0.636
9707.7;0.45
9708.2;0.327
9708.7;0.599
9709.2;0.536
9709.7;0.192
9710.2;0.382
9710.7;0.322
9711.2;0.528
9711.7;0.305
9712.2;0.4
9712.7;0.277
9713.2;0.574
9713.7;0.305
9714.2;0.579
9714.7;0.66
9715.2;0.324
9715.7;0.716
9716.2;0.486
9716.7;0.779
9717.2;0.508
9717.7;0.939
9718.2;0.743
9718.7;0.781
9719.2;0.84
9719.7;0.715
9720.2;0.904
9720.7;0.91
9721.2;0.594
9721.7;0.749
9722.2;0.761
9722.7;0.462
9723.2;0.684
9723.7;0.475
9724.2;0.554
9724.7;0.133
9725.2;0.67
9725.7;0.325
9726.2;0.423
9726.7;0.562
9727.2;0.405
9727.7;0.215
9728.2;0.453
9728.7;0.669
9729.2;0.075
9729.7;0.471
9730.2;0.268
9730.7;0.127
9731.2;0.105
9731.7;0.083
9732.2;0.157
9732.7;0.048
9733.2;0.128
9733.7;0.351
9734.2;0.11
9734.7;0.291
9735.2;0.232
9735.7;0.098
9736.2;0.227
9736.7;0.11
9737.2;0.077
9737.7;0.292
9738.2;0.338
9738.7;0.136
9739.2;0.221
9739.7;0.16
9740.2;0.153
9740.7;0.189
9741.2;0.195
9741.7;0.083
9742.2;0.336
9742.7;0.362
9743.2;0.151
9743.7;0.411
9744.2;0.013
9744.7;0.419
9745.2;0.188
9745.7;0.581
9746.2;0.259
9746.7;0.334
9747.2;0.398
9747.7;0.196
9748.2;0.083
9748.7;0.328
9749.2;0.213
9749.7;0.47
9750.2;0.5
9750.7;0.188
9751.2;0.438
9751.7;0.248
9752.2;0.538
9752.7;0.239
9753.2;0.398
9753.7;0.585
9754.2;0.592
9754.7;0.311
9755.2;0.418
9755.7;0.412
9756.2;0.372
9756.7;0.354
9757.2;0.524
9757.7;0.517
9758.2;0.472
9758.7;0.629
9759.2;0.527
9759.7;0.378
9760.2;0.557
9760.7;0.43
9761.2;0.44
9761.7;0.628
9762.2;0.557
9762.7;0.354
9763.2;0.333
9763.7;0.423
9764.2;0.26
9764.7;0.436
9765.2;0.221
9765.7;0.363
9766.2;0.393
9766.7;0.324
9767.2;0.281
9767.7;0.364
9768.2;0.301
9768.7;0.271
9769.2;0.483
9769.7;0.183
9770.2;0.401
9770.7;0.187
9771.2;0.299
9771.7;0.215
9772.2;0.097
9772.7;0.05
9773.2;0.347
9773.7;0.128
9774.2;0.243
9774.7;0.358
9775.2;0.28
9775.7;0.339
9776.2;0.187
9776.7;0.139
9777.2;0.268
9777.7;0.361
9778.2;0.343
9778.7;0.158
9779.2;0.284
9779.7;0.432
9780.2;0.099
9780.7;0.321
9781.2;0.305
9781.7;0.309
9782.2;0.406
9782.7;0.11
9783.2;0.482
9783.7;0.495
9784.2;0.11
9784.7;0.589
9785.2;0.489
9785.7;0.088
9786.2;0.499
9786.7;0.423
9787.2;0.127
9787.7;0.403
9788.2;0.281
9788.7;0.474
9789.2;0.4
9789.7;0.08
9790.2;0.495
9790.7;0.342
9791.2;0.266
9791.7;0.282
9792.2;0.422
9792.7;0.241
9793.2;0.487
9793.7;0.449
9794.2;0.305
9794.7;0.337
9795.2;0.019
9795.7;0.367
9796.2;0.205
9796.7;0.411
9797.2;0.114
9797.7;0.206
9798.2;0.116
9798.7;0.243
9799.2;0.353
9799.7;0.315
9800.2;0.369
9800.7;0.044
9801.2;0.114
9801.7;0.067
9802.2;0.329
9802.7;0.324
9803.2;0.279
9803.7;0.399
9804.2;0.279
9804.7;0.47
9805.2;0.2
9805.7;0.211
9806.2;0.251
9806.7;0.066
9807.2;0.344
9807.7;0.316
9808.2;0.24
9808.7;0.306
9809.2;0.33
9809.7;0.148
9810.2;0.289
9810.7;0.187
9811.2;0.192
9811.7;0.102
9812.2;0.11
9812.7;0.126
9813.2;0.139
9813.7;0.147
9814.2;0.289
9814.7;0.423
9815.2;0.399
9815.7;0.547
9816.2;0.224
9816.7;0.695
9817.2;0.47
9817.7;0.621
9818.2;0.435
9818.7;0.758
9819.2;0.777
9819.7;0.514
9820.2;0.693
9820.7;0.378
9821.2;0.635
9821.7;0.57
9822.2;0.851
9822.7;0.416
9823.2;0.676
9823.7;0.471
9824.2;0.615
9824.7;0.452
9825.2;0.463
9825.7;0.303
9826.2;0.433
9826.7;0.286
9827.2;0.449
9827.7;0.517
9828.2;0.111
9828.7;0.443
9829.2;0.169
9829.7;0.209
9830.2;0.13
9830.7;0.281
9831.2;0.321
9831.7;0.35
9832.2;0.151
9832.7;0.269
9833.2;0.376
9833.7;0.337
9834.2;0.044
9834.7;0.376
9835.2;0.116
9835.7;0.344
9836.2;0.259
9836.7;0.313
9837.2;0.206
9837.7;0.442
9838.2;0.292
9838.7;0.499
9839.2;0.454
9839.7;0.299
9840.2;0.531
9840.7;0.107
9841.2;0.48
9841.7;0.114
9842.2;0.324
9842.7;0.092
9843.2;0.343
9843.7;0.275
9844.2;0.361
9844.7;0.288
9845.2;0.262
9845.7;0.579
9846.2;0.35
9846.7;0.463
9847.2;0.295
9847.7;0.538
9848.2;0.478
9848.7;0.582
9849.2;0.664
9849.7;0.477
9850.2;0.478
9850.7;0.388
9851.2;0.426
9851.7;0.421
9852.2;0.431
9852.7;0.306
9853.2;0.242
9853.7;0.353
9854.2;0.301
9854.7;0.094
9855.2;0.285
9855.7;0.293
9856.2;0.413
9856.7;0.099
9857.2;0.092
9857.7;0.152
9858.2;0.31
9858.7;0.177
9859.2;0.033
9859.7;0.273
9860.2;0.254
9860.7;0.266
9861.2;0.335
9861.7;0.248
9862.2;0.152
9862.7;0.209
9863.2;0.214
9863.7;0.421
9864.2;0.267
9864.7;0.119
9865.2;0.267
9865.7;0.133
9866.2;0.266
9866.7;0.18
9867.2;0.175
9867.7;0.316
9868.2;0.569
9868.7;0.182
9869.2;0.398
9869.7;0.308
9870.2;0.823
9870.7;0.275
9871.2;0.717
9871.7;0.773
9872.2;0.299
9872.7;0.182
9873.2;0.445
9873.7;0.577
9874.2;0.334
9874.7;0.614
9875.2;0.361
9875.7;0.574
9876.2;0.361
9876.7;0.652
9877.2;0.278
9877.7;0.709
9878.2;0.504
9878.7;0.501
9879.2;0.37
9879.7;0.608
9880.2;0.798
9880.7;0.28
9881.2;0.931
9881.7;0.336
9882.2;0.729
9882.7;0.48
9883.2;0.516
9883.7;0.518
9884.2;0.226
9884.7;0.341
9885.2;0.109
9885.7;0.288
9886.2;0.13
9886.7;0.303
9887.2;0.199
9887.7;0.181
9888.2;0.263
9888.7;0.201
9889.2;0.318
9889.7;0.151
9890.2;0.496
9890.7;0.198
9891.2;0.271
9891.7;0.115
9892.2;0.466
9892.7;0.322
9893.2;0.287
9893.7;0.412
9894.2;0.283
9894.7;0.481
9895.2;0.377
9895.7;0.601
9896.2;0.535
9896.7;0.499
9897.2;0.469
9897.7;0.184
9898.2;0.351
9898.7;0.394
9899.2;0.395
9899.7;0.545
9900.2;0.493
9900.7;0.654
9901.2;0.299
9901.7;0.556
9902.2;0.515
9902.7;0.576
9903.2;0.707
9903.7;0.809
9904.2;0.613
9904.7;0.626
9905.2;0.787
9905.7;0.684
9906.2;0.837
9906.7;0.501
9907.2;0.808
9907.7;0.295
9908.2;0.43
9908.7;0.367
9909.2;0.719
9909.7;0.714
9910.2;0.567
9910.7;0.571
9911.2;0.448
9911.7;0.345
9912.2;0.685
9912.7;0.532
9913.2;0.687
9913.7;0.838
9914.2;0.108
9914.7;0.423
9915.2;0.415
9915.7;1.009
9916.2;0.524
9916.7;0.609
9917.2;0.716
9917.7;0.016
9918.2;0.097
9918.7;0.27
9919.2;0.36
9919.7;0.274
9920.2;0.322
9920.7;0.124
9921.2;0.165
9921.7;0.354
9922.2;0.209
9922.7;0.501
9923.2;0.368
9923.7;0.363
9924.2;0.499
9924.7;0.207
9925.2;0.308
9925.7;0.341
9926.2;0.419
9926.7;0.423
9927.2;0.421
9927.7;0.151
9928.2;0.48
9928.7;0.456
9929.2;0.153
9929.7;0.413
9930.2;0.1
9930.7;0.334
9931.2;0.148
9931.7;0.294
9932.2;0.428
9932.7;0.451
9933.2;0.212
9933.7;0.307
9934.2;0.199
9934.7;0.531
9935.2;0.148
9935.7;0.36
9936.2;0.518
9936.7;0.315
9937.2;0.393
9937.7;0.059
9938.2;0.622
9938.7;0.518
9939.2;0.623
9939.7;0.521
9940.2;0.243
9940.7;0.624
9941.2;0.5
9941.7;0.209
9942.2;0.479
9942.7;0.276
9943.2;0.88
9943.7;0.326
9944.2;0.771
9944.7;0.535
9945.2;0.484
9945.7;0.361
9946.2;0.556
9946.7;0.936
9947.2;0.261
9947.7;0.771
9948.2;0.281
9948.7;0.538
9949.2;0.342
9949.7;0.234
9950.2;0.299
9950.7;0.436
9951.2;0.287
9951.7;0.168
9952.2;0.391
9952.7;0.281
9953.2;0.393
9953.7;0.351
9954.2;0.145
9954.7;0.231
9955.2;0.165
9955.7;0.458
9956.2;0.193
9956.7;0.145
9957.2;0.136
9957.7;0.099
9958.2;0.179
9958.7;0.077
9959.2;0.219
9959.7;0.271
9960.2;0.29
9960.7;0.168
9961.2;0.289
9961.7;0.119
9962.2;0.498
9962.7;0.694
9963.2;0.341
9963.7;0.434
9964.2;0.476
9964.7;0.08
9965.2;0.381
9965.7;0.213
9966.2;0.534
9966.7;0.076
9967.2;0.196
9967.7;0.449
9968.2;0.439
9968.7;0.136
9969.2;0.215
9969.7;0.188
9970.2;0.19
9970.7;0.297
9971.2;0.021
9971.7;0.514
9972.2;0.224
9972.7;0.331
9973.2;0.285
9973.7;0.332
9974.2;0.396
9974.7;0.204
9975.2;0.321
9975.7;0.36
9976.2;0.097
9976.7;0.193
9977.2;0.313
9977.7;0.1
9978.2;0.249
9978.7;0.226
9979.2;0.346
9979.7;0.36
9980.2;0.397
9980.7;0.217
9981.2;0.082
9981.7;0.225
9982.2;0.128
9982.7;0.454
9983.2;0.321
9983.7;0.112
9984.2;0.276
9984.7;0.246
9985.2;0.407
9985.7;0.359
9986.2;0.401
9986.7;0.209
9987.2;0.323
9987.7;0.454
9988.2;0.275
9988.7;0.333
9989.2;0.352
9989.7;0.282
9990.2;0.269
9990.7;0.212
9991.2;0.422
9991.7;0.347
9992.2;0.177
9992.7;0.127
9993.2;0.129
9993.7;0.148
9994.2;0.066
9994.7;0.19
9995.2;0.13
9995.7;0.179
9996.2;0.203
9996.7;0.137
9997.2;0.254
9997.7;0.387
9998.2;0.123
9998.7;0.442
9999.2;0.214
9999.7;0.33
10000.2;0.483
10000.7;0.14
10001.2;0.334
10001.7;0.147
10002.2;0.558
10002.7;0.213
10003.2;0.498
10003.7;0.42
10004.2;0.343
10004.7;0.508
10005.2;0.316
10005.7;0.492
10006.2;0.211
10006.7;0.736
10007.2;0.338
10007.7;0.422
10008.2;0.552
10008.7;0.243
10009.2;0.319
10009.7;0.218
10010.2;0.395
10010.7;0.418
10011.2;0.183
10011.7;0.374
10012.2;0.301
10012.7;0.065
10013.2;0.267
10013.7;0.359
10014.2;0.596
10014.7;0.205
10015.2;0.457
10015.7;0.561
10016.2;0.565
10016.7;0.486
10017.2;0.642
10017.7;0.608
10018.2;0.707
10018.7;0.655
10019.2;0.91
10019.7;0.63
10020.2;0.771
10020.7;0.873
10021.2;0.393
10021.7;0.783
10022.2;0.668
10022.7;0.836
10023.2;0.368
10023.7;0.854
10024.2;0.433
10024.7;0.784
10025.2;0.447
10025.7;0.559
10026.2;0.604
10026.7;0.263
10027.2;0.475
10027.7;0.195
10028.2;0.503
10028.7;0.256
10029.2;0.32
10029.7;0.305
10030.2;0.251
10030.7;0.073
10031.2;0.136
10031.7;0.446
10032.2;0.494
10032.7;0.338
10033.2;0.455
10033.7;0.149
10034.2;0.27
10034.7;0.28
10035.2;0.054
10035.7;0.223
10036.2;0.176
10036.7;0.226
10037.2;0.342
10037.7;0.236
10038.2;0.217
10038.7;0.176
10039.2;0.244
10039.7;0.145
10040.2;0.126
10040.7;0.207
10041.2;0.071
10041.7;0.252
10042.2;0.378
10042.7;0.246
10043.2;0.374
10043.7;0.244
10044.2;0.466
10044.7;0.46
10045.2;0.283
10045.7;0.373
10046.2;0.2
10046.7;0.176
10047.2;0.27
10047.7;0.434
10048.2;0.3
10048.7;0.67
10049.2;0.308
10049.7;0.402
10050.2;0.315
10050.7;0.151
10051.2;0.22
10051.7;0.22
10052.2;0.282
10052.7;0.217
10053.2;0.511
10053.7;0.029
10054.2;0.476
10054.7;0.282
10055.2;0.461
10055.7;0.659
10056.2;0.067
10056.7;0.492
10057.2;0.36
10057.7;0.611
10058.2;0.54
10058.7;0.18
10059.2;0.827
10059.7;0.302
10060.2;0.827
10060.7;0.897
10061.2;0.337
10061.7;0.507
10062.2;0.404
10062.7;0.788
10063.2;0.713
10063.7;0.738
10064.2;0.557
10064.7;0.6
10065.2;0.537
10065.7;0.421
10066.2;0.654
10066.7;0.178
10067.2;0.715
10067.7;0.171
10068.2;0.423
10068.7;0.123
10069.2;0.588
10069.7;0.417
10070.2;0.557
10070.7;0.432
10071.2;0.495
10071.7;0.551
10072.2;0.141
10072.7;0.81
10073.2;0.212
10073.7;0.787
10074.2;0.419
10074.7;0.517
10075.2;0.601
10075.7;0.333
10076.2;0.514
10076.7;0.095
10077.2;0.54
10077.7;0.318
10078.2;0.448
10078.7;0.225
10079.2;0.375
10079.7;0.75
10080.2;0.385
10080.7;0.594
10081.2;0.348
10081.7;0.612
10082.2;0.604
10082.7;0.331
10083.2;0.587
10083.7;0.228
10084.2;0.429
10084.7;0.432
10085.2;0.551
10085.7;0.082
10086.2;0.575
10086.7;0.264
10087.2;0.446
10087.7;0.27
10088.2;0.265
10088.7;0.577
10089.2;0.236
10089.7;0.569
10090.2;0.16
10090.7;0.562
10091.2;0.382
10091.7;0.205
10092.2;0.318
10092.7;0.498
10093.2;0.23
10093.7;0.65
10094.2;0.043
10094.7;0.457
10095.2;0.292
10095.7;0.593
10096.2;0.257
10096.7;0.439
10097.2;0.376
10097.7;0.653
10098.2;0.55
10098.7;0.338
10099.2;0.705
10099.7;0.238
10100.2;0.512
10100.7;0.279
10101.2;0.99
10101.7;0.112
10102.2;0.721
10102.7;0.741
10103.2;0.351
10103.7;0.58
10104.2;0.472
10104.7;0.329
10105.2;0.362
10105.7;0.763
10106.2;0.175
10106.7;0.679
10107.2;0.403
10107.7;0.219
10108.2;0.505
10108.7;0.542
10109.2;0.278
10109.7;0.281
10110.2;0.607
10110.7;0.074
10111.2;0.674
10111.7;0.32
10112.2;0.209
10112.7;0.474
10113.2;0.424
10113.7;0.141
10114.2;0.624
10114.7;0.534
10115.2;0.351
10115.7;0.481
10116.2;0.485
10116.7;0.222
10117.2;0.458
10117.7;0.463
10118.2;0.219
10118.7;0.311
10119.2;0.094
10119.7;0.209
10120.2;0.216
10120.7;0.296
10121.2;0.32
10121.7;0.277
10122.2;0.457
10122.7;0.385
10123.2;0.374
10123.7;0.292
10124.2;0.336
10124.7;0.16
10125.2;0.188
10125.7;0.012
10126.2;0.373
10126.7;0.211
10127.2;0.234
10127.7;0.224
10128.2;0.409
10128.7;0.397
10129.2;0.254
10129.7;0.456
10130.2;0.305
10130.7;0.213
10131.2;0.532
10131.7;0.329
10132.2;0.387
10132.7;0.325
10133.2;0.137
10133.7;0.274
10134.2;0.381
10134.7;0.261
10135.2;0.145
10135.7;0.53
10136.2;0.329
10136.7;0.479
10137.2;0.735
10137.7;0.138
10138.2;0.554
10138.7;0.45
10139.2;0.398
10139.7;0.219
10140.2;0.072
10140.7;0.519
10141.2;0.343
10141.7;0.693
10142.2;0.138
10142.7;0.549
10143.2;0.457
10143.7;0.237
10144.2;0.386
10144.7;0.461
10145.2;0.348
10145.7;0.267
10146.2;0.694
10146.7;0.038
10147.2;0.763
10147.7;0.496
10148.2;0.485
10148.7;0.491
10149.2;0.215
10149.7;0.355
10150.2;0.275
10150.7;0.677
10151.2;0.217
10151.7;0.501
10152.2;0.615
10152.7;0.305
10153.2;0.608
10153.7;0.303
10154.2;0.346
10154.7;0.054
10155.2;0.081
10155.7;0.236
10156.2;0.427
10156.7;0.296
10157.2;0.205
10157.7;0.607
10158.2;0.285
10158.7;0.409
10159.2;0.562
10159.7;0.347
10160.2;0.416
10160.7;0.254
10161.2;0.07
10161.7;0.453
10162.2;0.268
10162.7;0.146
10163.2;0.189
10163.7;0.168
10164.2;0.298
10164.7;0.175
10165.2;0.11
10165.7;0.383
10166.2;0.389
10166.7;0.344
10167.2;0.181
10167.7;0.27
10168.2;0.251
10168.7;0.117
10169.2;0.139
10169.7;0.196
10170.2;0.182
10170.7;0.086
10171.2;0.166
10171.7;0.175
10172.2;0.256
10172.7;0.387
10173.2;0.22
10173.7;0.115
10174.2;0.161
10174.7;0.308
10175.2;0.297
10175.7;0.211
10176.2;0.173
10176.7;0.389
10177.2;0.091
10177.7;0.279
10178.2;0.235
10178.7;0.2
10179.2;0.158
10179.7;0.405
10180.2;0.287
10180.7;0.407
10181.2;0.32
10181.7;0.502
10182.2;0.342
10182.7;0.446
10183.2;0.142
10183.7;0.406
10184.2;0.54
10184.7;0.338
10185.2;0.671
10185.7;0.24
10186.2;0.549
10186.7;0.47
10187.2;0.424
10187.7;0.28
10188.2;0.127
10188.7;0.741
10189.2;0.329
10189.7;0.741
10190.2;0.407
10190.7;0.708
10191.2;0.555
10191.7;0.12
10192.2;0.906
10192.7;0.381
10193.2;0.682
10193.7;0.406
10194.2;0.499
10194.7;0.414
10195.2;0.137
10195.7;0.443
10196.2;0.288
10196.7;0.513
10197.2;0.773
10197.7;0.694
10198.2;0.546
10198.7;0.405
10199.2;0.599
10199.7;0.199
10200.2;0.739
10200.7;0.669
10201.2;0.415
10201.7;0.711
10202.2;0.12
10202.7;0.645
10203.2;0.105
10203.7;0.757
10204.2;0.201
10204.7;0.451
10205.2;0.616
10205.7;0.093
10206.2;0.563
10206.7;0.362
10207.2;0.431
10207.7;0.243
10208.2;0.844
10208.7;0.44
10209.2;0.696
10209.7;0.854
10210.2;0.262
10210.7;0.8
10211.2;0.365
10211.7;0.632
10212.2;0.424
10212.7;0.521
10213.2;0.486
10213.7;0.565
10214.2;0.557
10214.7;0.578
10215.2;0.918
10215.7;0.626
10216.2;0.945
10216.7;0.801
10217.2;0.497
10217.7;0.45
10218.2;0.302
10218.7;0.562
10219.2;0.28
10219.7;0.668
10220.2;0.473
10220.7;0.372
10221.2;0.718
10221.7;0.783
10222.2;0.383
10222.7;0.777
10223.2;0.564
10223.7;0.228
10224.2;0.479
10224.7;0.1
10225.2;0.266
10225.7;0.263
10226.2;0.203
10226.7;0.297
10227.2;0.489
10227.7;0.098
10228.2;0.59
10228.7;0.375
10229.2;0.381
10229.7;0.575
10230.2;0.221
10230.7;0.601
10231.2;0.207
10231.7;0.574
10232.2;0.133
10232.7;0.291
10233.2;0.262
10233.7;0.364
10234.2;0.477
10234.7;0.17
10235.2;0.436
10235.7;0.23
10236.2;0.111
10236.7;0.151
10237.2;0.231
10237.7;0.226
10238.2;0.194
10238.7;0.463
10239.2;0.198
10239.7;0.317
10240.2;0.345
10240.7;0.075
10241.2;0.374
10241.7;0.225
10242.2;0.234
10242.7;0.121
10243.2;0.118
10243.7;0.433
10244.2;0.236
10244.7;0.304
10245.2;0.39
10245.7;0.265
10246.2;0.192
10246.7;0.423
10247.2;0.155
10247.7;0.088
10248.2;0.228
10248.7;0.153
10249.2;0.278
10249.7;0.298
10250.2;0.175
10250.7;0.599
10251.2;0.314
10251.7;0.556
10252.2;0.679
10252.7;0.366
10253.2;0.606
10253.7;0.258
10254.2;0.44
10254.7;0.254
10255.2;0.173
10255.7;0.132
10256.2;0.308
10256.7;0.062
10257.2;0.347
10257.7;0.287
10258.2;0.176
10258.7;0.303
10259.2;0.081
10259.7;0.181
10260.2;0.076
10260.7;0.168
10261.2;0.1
10261.7;0.183
10262.2;0.104
10262.7;0.042
10263.2;0.3
10263.7;0.079
10264.2;0.115
10264.7;0.276
10265.2;0.224
10265.7;0.151
10266.2;0.213
10266.7;0.216
10267.2;0.19
10267.7;0.286
10268.2;0.292
10268.7;0.242
10269.2;0.344
10269.7;0.181
10270.2;0.593
10270.7;0.077
10271.2;0.47
10271.7;0.357
10272.2;0.168
10272.7;0.217
10273.2;0.132
10273.7;0.192
10274.2;0.281
10274.7;0.225
10275.2;0.209
10275.7;0.479
10276.2;0.155
10276.7;0.319
10277.2;0.223
10277.7;0.373
10278.2;0.284
10278.7;0.51
10279.2;0.254
10279.7;0.296
10280.2;0.598
10280.7;0.397
10281.2;0.248
10281.7;0.155
10282.2;0.1
10282.7;0.28
10283.2;0.373
10283.7;0.121
10284.2;0.635
10284.7;0.594
10285.2;0.52
10285.7;0.75
10286.2;0.18
10286.7;0.485
10287.2;0.593
10287.7;0.254
10288.2;0.496
10288.7;0.465
10289.2;0.456
10289.7;0.761
10290.2;0.288
10290.7;0.753
10291.2;0.666
10291.7;0.489
10292.2;0.867
10292.7;0.209
10293.2;0.545
10293.7;0.175
10294.2;0.445
10294.7;0.315
10295.2;0.364
10295.7;0.234
10296.2;0.208
10296.7;0.416
10297.2;0.282
10297.7;0.684
10298.2;0.624
10298.7;0.231
10299.2;0.866
10299.7;0.049
10300.2;0.515
10300.7;0.458
10301.2;0.111
10301.7;0.493
10302.2;0.499
10302.7;0.097
10303.2;0.785
10303.7;0.418
10304.2;0.281
10304.7;0.746
10305.2;0.167
10305.7;0.467
10306.2;0.33
10306.7;0.503
10307.2;0.174
10307.7;0.456
10308.2;0.312
10308.7;0.326
10309.2;0.352
10309.7;0.171
10310.2;0.406
10310.7;0.522
10311.2;0.268
10311.7;0.499
10312.2;0.462
10312.7;0.268
10313.2;0.46
10313.7;0.291
10314.2;0.075
10314.7;0.219
10315.2;0.158
10315.7;0.319
10316.2;0.198
10316.7;0.452
10317.2;0.06
10317.7;0.207
10318.2;0.61
10318.7;0.102
10319.2;0.539
10319.7;0.239
10320.2;0.151
10320.7;0.484
10321.2;0.277
10321.7;0.283
10322.2;0.363
10322.7;0.318
10323.2;0.344
10323.7;0.454
10324.2;0.417
10324.7;0.067
10325.2;0.307
10325.7;0.272
10326.2;0.142
10326.7;0.203
10327.2;0.385
10327.7;0.242
10328.2;0.376
10328.7;0.408
10329.2;0.345
10329.7;0.014
10330.2;0.299
10330.7;0.29
10331.2;0.161
10331.7;0.153
10332.2;0.539
10332.7;0.193
10333.2;0.254
10333.7;0.464
10334.2;0.404
10334.7;0.428
10335.2;0.619
10335.7;0.104
10336.2;0.816
10336.7;0.386
10337.2;0.307
10337.7;0.651
10338.2;0.389
10338.7;0.562
10339.2;0.169
10339.7;0.285
10340.2;0.169
10340.7;0.107
10341.2;0.516
10341.7;0.522
10342.2;0.345
10342.7;0.371
10343.2;0.578
10343.7;0.251
10344.2;0.118
10344.7;0.449
10345.2;0.029
10345.7;0.326
10346.2;0.2
10346.7;0.206
10347.2;0.156
10347.7;0.133
10348.2;0.167
10348.7;0.169
10349.2;0.108
10349.7;0.057
10350.2;0.274
10350.7;0.199
10351.2;0.153
10351.7;0.271
10352.2;0.106
10352.7;0.121
10353.2;0.057
10353.7;0.104
10354.2;0.195
10354.7;0.167
10355.2;0.223
10355.7;0.143
10356.2;0.124
10356.7;0.063
10357.2;0.109
10357.7;0.209
10358.2;0.344
10358.7;0.27
10359.2;0.412
10359.7;0.478
10360.2;0.331
10360.7;0.477
10361.2;0.229
10361.7;0.283
10362.2;0.362
10362.7;0.422
10363.2;0.45
10363.7;0.376
10364.2;0.305
10364.7;0.204
10365.2;0.107
10365.7;0.3
10366.2;0.05
10366.7;0.355
10367.2;0.268
10367.7;0.228
10368.2;0.501
10368.7;0.222
10369.2;0.061
10369.7;0.445
10370.2;0.032
10370.7;0.166
10371.2;0.28
10371.7;0.201
10372.2;0.402
10372.7;0.143
10373.2;0.333
10373.7;0.216
10374.2;0.343
10374.7;0.258
10375.2;0.183
10375.7;0.279
10376.2;0.033
10376.7;0.108
10377.2;0.123
10377.7;0.174
10378.2;0.263
10378.7;0.07
10379.2;0.285
10379.7;0.129
10380.2;0.096
10380.7;0.362
10381.2;0.265
10381.7;0.034
10382.2;0.158
10382.7;0.274
10383.2;0.051
10383.7;0.183
10384.2;0.134
10384.7;0.12
10385.2;0.316
10385.7;0.178
10386.2;0.259
10386.7;0.305
10387.2;0.235
10387.7;0.142
10388.2;0.205
10388.7;0.239
10389.2;0.379
10389.7;0.122
10390.2;0.253
10390.7;0.417
10391.2;0.358
10391.7;0.375
10392.2;0.214
10392.7;0.419
10393.2;0.308
10393.7;0.351
10394.2;0.601
10394.7;0.513
10395.2;0.609
10395.7;0.633
10396.2;0.542
10396.7;0.752
10397.2;0.512
10397.7;0.425
10398.2;0.608
10398.7;0.358
10399.2;0.526
10399.7;0.481
10400.2;0.514
10400.7;0.547
10401.2;0.448
10401.7;0.34
10402.2;0.426
10402.7;0.206
10403.2;0.266
10403.7;0.257
10404.2;0.293
10404.7;0.402
10405.2;0.521
10405.7;0.218
10406.2;0.535
10406.7;0.288
10407.2;0.271
10407.7;0.347
10408.2;0.238
10408.7;0.7
10409.2;0.184
10409.7;0.522
10410.2;0.532
10410.7;0.136
10411.2;0.186
10411.7;0.29
10412.2;0.401
10412.7;0.398
10413.2;0.272
10413.7;0.533
10414.2;0.272
10414.7;0.088
10415.2;0.301
10415.7;0.1
10416.2;0.207
10416.7;0.151
10417.2;0.198
10417.7;0.113
10418.2;0.216
10418.7;0.334
10419.2;0.044
10419.7;0.181
10420.2;0.018
10420.7;0.171
10421.2;0.223
10421.7;0.237
10422.2;0.239
10422.7;0.206
10423.2;0.272
10423.7;0.179
10424.2;0.075
10424.7;0.231
10425.2;0.153
10425.7;0.32
10426.2;0.101
10426.7;0.269
10427.2;0.506
10427.7;0.199
10428.2;0.177
10428.7;0.308
10429.2;0.331
10429.7;0.174
10430.2;0.205
10430.7;0.148
10431.2;0.296
10431.7;0.26
10432.2;0.226
10432.7;0.404
10433.2;0.384
10433.7;0.293
10434.2;0.077
10434.7;0.179
10435.2;0.181
10435.7;0.149
10436.2;0.234
10436.7;0.297
10437.2;0.339
10437.7;0.257
10438.2;0.229
10438.7;0.252
10439.2;0.238
10439.7;0.042
10440.2;0.079
10440.7;0.368
10441.2;0.188
10441.7;0.114
10442.2;0.248
10442.7;0.473
10443.2;0.12
10443.7;0.027
10444.2;0.199
10444.7;0.05
10445.2;0.136
10445.7;0.028
10446.2;0.216
10446.7;0.019
10447.2;0.104
10447.7;0.091
10448.2;0.035
10448.7;0.177
10449.2;0.155
10449.7;0.06
10450.2;0.239
10450.7;0.007
10451.2;0.211
10451.7;0.133
10452.2;0.096
10452.7;0.115
10453.2;0.268
10453.7;0.06
10454.2;0.204
10454.7;0.327
10455.2;0.417
10455.7;0.162
10456.2;0.559
10456.7;0.26
10457.2;0.194
10457.7;0.581
10458.2;0.146
10458.7;0.445
10459.2;0.428
10459.7;0.265
10460.2;0.408
10460.7;0.658
10461.2;0.414
10461.7;0.397
10462.2;0.438
10462.7;0.555
10463.2;0.33
10463.7;0.314
10464.2;0.462
10464.7;0.529
10465.2;0.248
10465.7;0.462
10466.2;0.609
10466.7;0.326
10467.2;0.432
10467.7;0.086
10468.2;0.284
10468.7;0.282
10469.2;0.153
10469.7;0.151
10470.2;0.278
10470.7;0.18
10471.2;0.023
10471.7;0.124
10472.2;0.147
10472.7;0.089
10473.2;0.184
10473.7;0.05
10474.2;0.14
10474.7;0.3
10475.2;0.291
10475.7;0.228
10476.2;0.244
10476.7;0.311
10477.2;0.137
10477.7;0.181
10478.2;0.163
10478.7;0.234
10479.2;0.323
10479.7;0.341
10480.2;0.284
10480.7;0.264
10481.2;0.303
10481.7;0.182
10482.2;0.244
10482.7;0.148
10483.2;0.02
10483.7;0.094
10484.2;0.251
10484.7;0.145
10485.2;0.11
10485.7;0.161
10486.2;0.373
10486.7;0.226
10487.2;0.26
10487.7;0.074
10488.2;0.19
10488.7;0.448
10489.2;0.297
10489.7;0.407
10490.2;0.479
10490.7;0.206
10491.2;0.422
10491.7;0.373
10492.2;0.218
10492.7;0.467
10493.2;0.412
10493.7;0.103
10494.2;0.302
10494.7;0.326
10495.2;0.183
10495.7;0.26
10496.2;0.192
10496.7;0.189
10497.2;0.147
10497.7;0.154
10498.2;0.024
10498.7;0.094
10499.2;0.128
10499.7;0.164
10500.2;0.137
10500.7;0.076
10501.2;0.357
10501.7;0.132
10502.2;0.224
10502.7;0.201
10503.2;0.116
10503.7;0.219
10504.2;0.33
10504.7;0.177
10505.2;0.349
10505.7;0.387
10506.2;0.261
10506.7;0.252
10507.2;0.291
10507.7;0.34
10508.2;0.238
10508.7;0.426
10509.2;0.287
10509.7;0.424
10510.2;0.269
10510.7;0.225
10511.2;0.294
10511.7;0.24
10512.2;0.116
10512.7;0.485
10513.2;0.321
10513.7;0.169
10514.2;0.225
10514.7;0.3
10515.2;0.477
10515.7;0.199
10516.2;0.42
10516.7;0.325
10517.2;0.396
10517.7;0.243
10518.2;0.431
10518.7;0.295
10519.2;0.37
10519.7;0.373
10520.2;0.401
10520.7;0.395
10521.2;0.286
10521.7;0.402
10522.2;0.314
10522.7;0.415
10523.2;0.39
10523.7;0.652
10524.2;0.242
10524.7;0.609
10525.2;0.309
10525.7;0.372
10526.2;0.583
10526.7;0.475
10527.2;0.685
10527.7;0.518
10528.2;0.25
10528.7;0.446
10529.2;0.548
10529.7;0.334
10530.2;0.345
10530.7;0.372
10531.2;0.401
10531.7;0.236
10532.2;0.419
10532.7;0.375
10533.2;0.343
10533.7;0.401
10534.2;0.364
10534.7;0.471
10535.2;0.311
10535.7;0.256
10536.2;0.21
10536.7;0.234
10537.2;0.244
10537.7;0.039
10538.2;0.3
10538.7;0.231
10539.2;0.199
10539.7;0.336
10540.2;0.259
10540.7;0.413
10541.2;0.3
10541.7;0.27
10542.2;0.259
10542.7;0.358
10543.2;0.249
10543.7;0.189
10544.2;0.205
10544.7;0.267
10545.2;0.229
10545.7;0.192
10546.2;0.141
10546.7;0.232
10547.2;0.185
10547.7;0.16
10548.2;0.114
10548.7;0.159
10549.2;0.073
10549.7;0.155
10550.2;0.326
10550.7;0.011
10551.2;0.317
10551.7;0.225
10552.2;0.339
10552.7;0.089
10553.2;0.236
10553.7;0.151
10554.2;0.211
10554.7;0.246
10555.2;0.33
10555.7;0.482
10556.2;0.557
10556.7;0.351
10557.2;0.301
10557.7;0.502
10558.2;0.212
10558.7;0.394
10559.2;0.202
10559.7;0.113
10560.2;0.208
10560.7;0.16
10561.2;0.316
10561.7;0.258
10562.2;0.169
10562.7;0.244
10563.2;0.27
10563.7;0.244
10564.2;0.215
10564.7;0.35
10565.2;0.413
10565.7;0.083
10566.2;0.027
10566.7;0.172
10567.2;0.053
10567.7;0.273
10568.2;0.217
10568.7;0.174
10569.2;0.139
10569.7;0.071
10570.2;0.057
10570.7;0.226
10571.2;0.125
10571.7;0.266
10572.2;0.067
10572.7;0.232
10573.2;0.097
10573.7;0.261
10574.2;0.245
10574.7;0.263
10575.2;0.094
10575.7;0.188
10576.2;0.194
10576.7;0.448
10577.2;0.463
10577.7;0.452
10578.2;0.439
10578.7;0.343
10579.2;0.324
10579.7;0.355
10580.2;0.321
10580.7;0.646
10581.2;0.471
10581.7;0.558
10582.2;0.443
10582.7;0.405
10583.2;0.464
10583.7;0.404
10584.2;0.574
10584.7;0.395
10585.2;0.27
10585.7;0.408
10586.2;0.55
10586.7;0.421
10587.2;0.378
10587.7;0.433
10588.2;0.249
10588.7;0.264
10589.2;0.255
10589.7;0.214
10590.2;0.073
10590.7;0.36
10591.2;0.334
10591.7;0.441
10592.2;0.308
10592.7;0.261
10593.2;0.133
10593.7;0.121
10594.2;0.249
10594.7;0.279
10595.2;0.192
10595.7;0.068
10596.2;0.333
10596.7;0.235
10597.2;0.129
10597.7;0.324
10598.2;0.26
10598.7;0.119
10599.2;0.329
10599.7;0.092
10600.2;0.294
10600.7;0.259
10601.2;0.284
10601.7;0.469
10602.2;0.334
10602.7;0.42
10603.2;0.356
10603.7;0.281
10604.2;0.343
10604.7;0.082
10605.2;0.473
10605.7;0.428
10606.2;0.277
10606.7;0.361
10607.2;0.347
10607.7;0.274
10608.2;0.231
10608.7;0.287
10609.2;0.149
10609.7;0.076
10610.2;0.115
10610.7;0.223
10611.2;0.284
10611.7;0.312
10612.2;0.143
10612.7;0.04
10613.2;0.076
10613.7;0.177
10614.2;0.152
10614.7;0.139
10615.2;0.073
10615.7;0.013
10616.2;0.103
10616.7;0.193
10617.2;0.13
10617.7;0.13
10618.2;0.267
10618.7;0.2
10619.2;0.324
10619.7;0.242
10620.2;0.349
10620.7;0.387
10621.2;0.358
10621.7;0.462
10622.2;0.518
10622.7;0.529
10623.2;0.612
10623.7;0.491
10624.2;0.657
10624.7;0.538
10625.2;0.553
10625.7;0.643
10626.2;0.785
10626.7;0.75
10627.2;0.634
10627.7;0.376
10628.2;0.54
10628.7;0.513
10629.2;0.62
10629.7;0.663
10630.2;0.7
10630.7;0.498
10631.2;0.396
10631.7;0.455
10632.2;0.659
10632.7;0.514
10633.2;0.482
10633.7;0.473
10634.2;0.353
10634.7;0.374
10635.2;0.385
10635.7;0.386
10636.2;0.277
10636.7;0.267
10637.2;0.162
10637.7;0.258
10638.2;0.225
10638.7;0.331
10639.2;0.213
10639.7;0.2
10640.2;0.164
10640.7;0.217
10641.2;0.013
10641.7;0.089
10642.2;0.122
10642.7;0.085
10643.2;0.077
10643.7;0.126
10644.2;0.077
10644.7;0.131
10645.2;0.164
10645.7;0.169
10646.2;0.156
10646.7;0.264
10647.2;0.206
10647.7;0.074
10648.2;0.194
10648.7;0.249
10649.2;0.226
10649.7;0.236
10650.2;0.21
10650.7;0.309
10651.2;0.291
10651.7;0.299
10652.2;0.354
10652.7;0.215
10653.2;0.199
10653.7;0.132
10654.2;0.206
10654.7;0.302
10655.2;0.373
10655.7;0.343
10656.2;0.435
10656.7;0.227
10657.2;0.327
10657.7;0.114
10658.2;0.136
10658.7;0.131
10659.2;0.223
10659.7;0.067
10660.2;0.157
10660.7;0.034
10661.2;0.157
10661.7;0.041
10662.2;0.137
10662.7;0.225
10663.2;0.271
10663.7;0.255
10664.2;0.328
10664.7;0.352
10665.2;0.418
10665.7;0.37
10666.2;0.578
10666.7;0.303
10667.2;0.286
10667.7;0.196
10668.2;0.288
10668.7;0.348
10669.2;0.439
10669.7;0.337
10670.2;0.475
10670.7;0.319
10671.2;0.429
10671.7;0.308
10672.2;0.218
10672.7;0.416
10673.2;0.499
10673.7;0.403
10674.2;0.505
10674.7;0.447
10675.2;0.322
10675.7;0.347
10676.2;0.48
10676.7;0.457
10677.2;0.358
10677.7;0.376
10678.2;0.306
10678.7;0.462
10679.2;0.36
10679.7;0.463
10680.2;0.452
10680.7;0.322
10681.2;0.183
10681.7;0.28
10682.2;0.257
10682.7;0.291
10683.2;0.193
10683.7;0.209
10684.2;0.156
10684.7;0.302
10685.2;0.411
10685.7;0.216
10686.2;0.337
10686.7;0.296
10687.2;0.273
10687.7;0.341
10688.2;0.443
10688.7;0.422
10689.2;0.403
10689.7;0.256
10690.2;0.504
10690.7;0.408
10691.2;0.507
10691.7;0.536
10692.2;0.497
10692.7;0.38
10693.2;0.559
10693.7;0.618
10694.2;0.354
10694.7;0.368
10695.2;0.509
10695.7;0.501
10696.2;0.484
10696.7;0.593
10697.2;0.594
10697.7;0.435
10698.2;0.278
10698.7;0.427
10699.2;0.321
10699.7;0.449
10700.2;0.408
10700.7;0.53
10701.2;0.408
10701.7;0.328
10702.2;0.414
10702.7;0.395
10703.2;0.191
10703.7;0.361
10704.2;0.227
10704.7;0.41
10705.2;0.357
10705.7;0.361
10706.2;0.35
10706.7;0.275
10707.2;0.266
10707.7;0.315
10708.2;0.235
10708.7;0.357
10709.2;0.222
10709.7;0.373
10710.2;0.41
10710.7;0.324
10711.2;0.443
10711.7;0.319
10712.2;0.319
10712.7;0.3
10713.2;0.23
10713.7;0.431
10714.2;0.329
10714.7;0.387
10715.2;0.405
10715.7;0.408
10716.2;0.429
10716.7;0.5
10717.2;0.472
10717.7;0.674
10718.2;0.381
10718.7;0.516
10719.2;0.412
10719.7;0.634
10720.2;0.467
10720.7;0.657
10721.2;0.621
10721.7;0.709
10722.2;0.694
10722.7;0.693
10723.2;0.649
10723.7;0.701
10724.2;0.459
10724.7;0.604
10725.2;0.522
10725.7;0.48
10726.2;0.609
10726.7;0.538
10727.2;0.556
10727.7;0.469
10728.2;0.518
10728.7;0.473
10729.2;0.572
10729.7;0.442
10730.2;0.527
10730.7;0.435
10731.2;0.465
10731.7;0.482
10732.2;0.521
10732.7;0.521
10733.2;0.398
10733.7;0.433
10734.2;0.446
10734.7;0.182
10735.2;0.313
10735.7;0.176
10736.2;0.177
10736.7;0.235
10737.2;0.264
10737.7;0.153
10738.2;0.215
10738.7;0.182
10739.2;0.2
10739.7;0.391
10740.2;0.271
10740.7;0.505
10741.2;0.488
10741.7;0.506
10742.2;0.403
10742.7;0.689
10743.2;0.212
10743.7;0.581
10744.2;0.445
10744.7;0.463
10745.2;0.381
10745.7;0.49
10746.2;0.316
10746.7;0.229
10747.2;0.367
10747.7;0.051
10748.2;0.285
10748.7;0.141
10749.2;0.024
10749.7;0.269
10750.2;0.14
10750.7;0.16
10751.2;0.148
10751.7;0.174
10752.2;0.05
10752.7;0.183
10753.2;0.197
10753.7;0.145
10754.2;0.163
10754.7;0.218
10755.2;0.065
10755.7;0.045
10756.2;0.028
10756.7;0.183
10757.2;0.082
10757.7;0.269
10758.2;0.208
10758.7;0.082
10759.2;0.211
10759.7;0.253
10760.2;0.214
10760.7;0.14
10761.2;0.274
10761.7;0.14
10762.2;0.05
10762.7;0.289
10763.2;0.206
10763.7;0.175
10764.2;0.25
10764.7;0.124
10765.2;0.155
10765.7;0.176
10766.2;0.309
10766.7;0.361
10767.2;0.366
10767.7;0.511
10768.2;0.298
10768.7;0.388
10769.2;0.39
10769.7;0.282
10770.2;0.279
10770.7;0.318
10771.2;0.27
10771.7;0.365
10772.2;0.175
10772.7;0.197
10773.2;0.303
10773.7;0.21
10774.2;0.25
10774.7;0.239
10775.2;0.236
10775.7;0.308
10776.2;0.175
10776.7;0.181
10777.2;0.21
10777.7;0.134
10778.2;0.152
10778.7;0.141
10779.2;0.115
10779.7;0.253
10780.2;0.255
10780.7;0.247
10781.2;0.241
10781.7;0.286
10782.2;0.158
10782.7;0.259
10783.2;0.225
10783.7;0.265
10784.2;0.174
10784.7;0.221
10785.2;0.129
10785.7;0.321
10786.2;0.219
10786.7;0.148
10787.2;0.243
10787.7;0.227
10788.2;0.047
10788.7;0.188
10789.2;0.148
10789.7;0.033
10790.2;0.05
10790.7;0.1
10791.2;0.149
10791.7;0.123
10792.2;0.046
10792.7;0.017
10793.2;0.13
10793.7;0.07
10794.2;0.133
10794.7;0.061
10795.2;0.206
10795.7;0.116
10796.2;0.099
10796.7;0.047
10797.2;0.139
10797.7;0.131
10798.2;0.053
10798.7;0.117
10799.2;0.01
10799.7;0.165
10800.2;0.082
10800.7;0.184
10801.2;0.204
10801.7;0.128
10802.2;0.042
10802.7;0.119
10803.2;0.057
10803.7;0.144
10804.2;0.203
10804.7;0.149
10805.2;0.27
10805.7;0.22
10806.2;0.152
10806.7;0.228
10807.2;0.193
10807.7;0.157
10808.2;0.223
10808.7;0.108
10809.2;0.095
10809.7;0.154
10810.2;0.303
10810.7;0.26
10811.2;0.375
10811.7;0.518
10812.2;0.357
10812.7;0.677
10813.2;0.554
10813.7;0.66
10814.2;0.841
10814.7;0.649
10815.2;0.864
10815.7;0.911
10816.2;0.785
10816.7;0.787
10817.2;0.928
10817.7;0.885
10818.2;1.089
10818.7;0.99
10819.2;0.986
10819.7;0.893
10820.2;1.05
10820.7;0.929
10821.2;1.119
10821.7;1.013
10822.2;0.958
10822.7;0.962
10823.2;0.891
10823.7;0.935
10824.2;0.844
10824.7;1.039
10825.2;0.707
10825.7;0.769
10826.2;0.655
10826.7;0.64
10827.2;0.606
10827.7;0.595
10828.2;0.551
10828.7;0.637
10829.2;0.546
10829.7;0.513
10830.2;0.337
10830.7;0.278
10831.2;0.234
10831.7;0.118
10832.2;0.369
10832.7;0.161
10833.2;0.178
10833.7;0.031
10834.2;0.113
10834.7;0.286
10835.2;0.13
10835.7;0.269
10836.2;0.078
10836.7;0.194
10837.2;0.292
10837.7;0.147
10838.2;0.135
10838.7;0.136
10839.2;0.244
10839.7;0.291
10840.2;0.225
10840.7;0.351
10841.2;0.304
10841.7;0.259
10842.2;0.176
10842.7;0.244
10843.2;0.308
10843.7;0.567
10844.2;0.498
10844.7;0.416
10845.2;0.64
10845.7;0.43
10846.2;0.504
10846.7;0.286
10847.2;0.391
10847.7;0.511
10848.2;0.472
10848.7;0.389
10849.2;0.579
10849.7;0.669
10850.2;0.42
10850.7;0.535
10851.2;0.497
10851.7;0.464
10852.2;0.401
10852.7;0.269
10853.2;0.403
10853.7;0.298
10854.2;0.383
10854.7;0.281
10855.2;0.373
10855.7;0.296
10856.2;0.273
10856.7;0.298
10857.2;0.31
10857.7;0.301
10858.2;0.315
10858.7;0.105
10859.2;0.177
10859.7;0.413
10860.2;0.307
10860.7;0.39
10861.2;0.392
10861.7;0.424
10862.2;0.417
10862.7;0.473
10863.2;0.524
10863.7;0.572
10864.2;0.583
10864.7;0.526
10865.2;0.609
10865.7;0.761
10866.2;0.575
10866.7;0.609
10867.2;0.619
10867.7;0.544
10868.2;0.521
10868.7;0.486
10869.2;0.265
10869.7;0.521
10870.2;0.171
10870.7;0.283
10871.2;0.299
10871.7;0.292
10872.2;0.337
10872.7;0.104
10873.2;0.431
10873.7;0.15
10874.2;0.158
10874.7;0.072
10875.2;0.083
10875.7;0.119
10876.2;0.108
10876.7;0.11
10877.2;0.104
10877.7;0.2
10878.2;0.143
10878.7;0.09
10879.2;0.034
10879.7;0.172
10880.2;0.217
10880.7;0.039
10881.2;0.339
10881.7;0.164
10882.2;0.133
10882.7;0.016
10883.2;0.227
10883.7;0.162
10884.2;0.182
10884.7;0.303
10885.2;0.156
10885.7;0.265
10886.2;0.247
10886.7;0.341
10887.2;0.066
10887.7;0.304
10888.2;0.168
10888.7;0.264
10889.2;0.178
10889.7;0.352
10890.2;0.24
10890.7;0.182
10891.2;0.159
10891.7;0.05
10892.2;0.276
10892.7;0.234
10893.2;0.256
10893.7;0.355
10894.2;0.324
10894.7;0.375
10895.2;0.275
10895.7;0.32
10896.2;0.159
10896.7;0.417
10897.2;0.286
10897.7;0.349
10898.2;0.374
10898.7;0.306
10899.2;0.295
10899.7;0.269
10900.2;0.419
10900.7;0.325
10901.2;0.305
10901.7;0.332
10902.2;0.324
10902.7;0.137
10903.2;0.347
10903.7;0.278
10904.2;0.543
10904.7;0.339
10905.2;0.422
10905.7;0.474
10906.2;0.424
10906.7;0.24
10907.2;0.161
10907.7;0.312
10908.2;0.268
10908.7;0.196
10909.2;0.351
10909.7;0.306
10910.2;0.053
10910.7;0.092
10911.2;0.132
10911.7;0.131
10912.2;0.208
10912.7;0.194
10913.2;0.134
10913.7;0.256
10914.2;0.057
10914.7;0.106
10915.2;0.055
10915.7;0.261
10916.2;0.265
10916.7;0.165
10917.2;0.255
10917.7;0.216
10918.2;0.22
10918.7;0.369
10919.2;0.213
10919.7;0.342
10920.2;0.508
10920.7;0.332
10921.2;0.451
10921.7;0.145
10922.2;0.247
10922.7;0.559
10923.2;0.592
10923.7;0.703
10924.2;0.592
10924.7;0.579
10925.2;0.444
10925.7;0.602
10926.2;0.608
10926.7;0.571
10927.2;0.714
10927.7;0.553
10928.2;0.618
10928.7;0.395
10929.2;0.358
10929.7;0.553
10930.2;0.476
10930.7;0.694
10931.2;0.664
10931.7;0.362
10932.2;0.231
10932.7;0.196
10933.2;0.462
10933.7;0.449
10934.2;0.492
10934.7;0.372
10935.2;0.247
10935.7;0.151
10936.2;0.082
10936.7;0.186
10937.2;0.08
10937.7;0.176
10938.2;0.215
10938.7;0.05
10939.2;0.03
10939.7;0.062
10940.2;0.049
10940.7;0.177
10941.2;0.111
10941.7;0.186
10942.2;0.312
10942.7;0.058
10943.2;0.177
10943.7;0.155
10944.2;0.193
10944.7;0.132
10945.2;0.093
10945.7;0.108
10946.2;0.209
10946.7;0.215
10947.2;0.095
10947.7;0.11
10948.2;0.019
10948.7;0.04
10949.2;0.159
10949.7;0.141
10950.2;0.131
10950.7;0.168
10951.2;0.136
10951.7;0.171
10952.2;0.148
10952.7;0.064
10953.2;0.145
10953.7;0.039
10954.2;0.167
10954.7;0.217
10955.2;0.094
10955.7;0.385
10956.2;0.003
10956.7;0.145
10957.2;0.243
10957.7;0.098
10958.2;0.204
10958.7;0.189
10959.2;0.085
10959.7;0.287
10960.2;0.089
10960.7;0.091
10961.2;0.278
10961.7;0.191
10962.2;0.307
10962.7;0.268
10963.2;0.246
10963.7;0.35
10964.2;0.194
10964.7;0.111
10965.2;0.204
10965.7;0.335
10966.2;0.228
10966.7;0.303
10967.2;0.293
10967.7;0.125
10968.2;0.384
10968.7;0.419
10969.2;0.235
10969.7;0.334
10970.2;0.249
10970.7;0.308
10971.2;0.181
10971.7;0.396
10972.2;0.187
10972.7;0.283
10973.2;0.261
10973.7;0.076
10974.2;0.244
10974.7;0.283
10975.2;0.131
10975.7;0.304
10976.2;0.106
10976.7;0.145
10977.2;0.073
10977.7;0.146
10978.2;0.289
10978.7;0.043
10979.2;0.288
10979.7;0.101
10980.2;0.159
10980.7;0.03
10981.2;0.058
10981.7;0.112
10982.2;0.269
10982.7;0.009
10983.2;0.205
10983.7;0.107
10984.2;0.208
10984.7;0.177
10985.2;0.168
10985.7;0.133
10986.2;0.087
10986.7;0.073
10987.2;0.192
10987.7;0.162
10988.2;0.207
10988.7;0.073
10989.2;0.056
10989.7;0.167
10990.2;0.142
10990.7;0.111
10991.2;0.168
10991.7;0.139
10992.2;0.214
10992.7;0.105
10993.2;0.094
10993.7;0.23
10994.2;0.134
10994.7;0.183
10995.2;0.06
10995.7;0.165
10996.2;0.289
10996.7;0.154
10997.2;0.24
10997.7;0.306
10998.2;0.219
10998.7;0.123
10999.2;0.213
10999.7;0.159
11000.2;0.105
11000.7;0.197
11001.2;0.201
11001.7;0.248
11002.2;0.152
11002.7;0.182
11003.2;0.333
11003.7;0.157
11004.2;0.285
11004.7;0.111
11005.2;0.238
11005.7;0.055
11006.2;0.182
11006.7;0.383
11007.2;0.138
11007.7;0.131
11008.2;0.193
11008.7;0.118
11009.2;0.119
11009.7;0.135
11010.2;0.151
11010.7;0.176
11011.2;0.097
11011.7;0.272
11012.2;0.149
11012.7;0.191
11013.2;0.025
11013.7;0.082
11014.2;0.152
11014.7;0.047
11015.2;0.069
11015.7;0.084
11016.2;0.015
11016.7;0.132
11017.2;0.14
11017.7;0.108
11018.2;0.192
11018.7;0.039
11019.2;0.19
11019.7;0.12
11020.2;0.133
11020.7;0.084
11021.2;0.122
11021.7;0.243
11022.2;0.162
11022.7;0.234
11023.2;0.284
11023.7;0.193
11024.2;0.224
11024.7;0.18
11025.2;0.257
11025.7;0.241
11026.2;0.323
11026.7;0.368
11027.2;0.24
11027.7;0.269
11028.2;0.265
11028.7;0.359
11029.2;0.284
11029.7;0.302
11030.2;0.188
11030.7;0.345
11031.2;0.286
11031.7;0.225
11032.2;0.344
11032.7;0.118
11033.2;0.271
11033.7;0.226
11034.2;0.255
11034.7;0.184
11035.2;0.143
11035.7;0.238
11036.2;0.093
11036.7;0.107
11037.2;0.185
11037.7;0.264
11038.2;0.125
11038.7;0.226
11039.2;0.157
11039.7;0.305
11040.2;0.243
11040.7;0.067
11041.2;0.257
11041.7;0.183
11042.2;0.309
11042.7;0.154
11043.2;0.321
11043.7;0.298
11044.2;0.145
11044.7;0.344
11045.2;0.193
11045.7;0.363
11046.2;0.142
11046.7;0.344
11047.2;0.172
11047.7;0.312
11048.2;0.339
11048.7;0.147
11049.2;0.303
11049.7;0.338
11050.2;0.306
11050.7;0.179
11051.2;0.296
11051.7;0.249
11052.2;0.251
11052.7;0.187
11053.2;0.306
11053.7;0.104
11054.2;0.166
11054.7;0.198
11055.2;0.144
11055.7;0.234
11056.2;0.109
11056.7;0.212
11057.2;0.244
11057.7;0.177
11058.2;0.305
11058.7;0.227
11059.2;0.279
11059.7;0.326
11060.2;0.402
11060.7;0.131
11061.2;0.442
11061.7;0.22
11062.2;0.409
11062.7;0.384
11063.2;0.22
11063.7;0.435
11064.2;0.29
11064.7;0.305
11065.2;0.292
11065.7;0.285
11066.2;0.257
11066.7;0.362
11067.2;0.286
11067.7;0.26
11068.2;0.307
11068.7;0.356
11069.2;0.368
11069.7;0.132
11070.2;0.238
11070.7;0.531
11071.2;0.123
11071.7;0.432
11072.2;0.29
11072.7;0.233
11073.2;0.373
11073.7;0.113
11074.2;0.377
11074.7;0.189
11075.2;0.224
11075.7;0.253
11076.2;0.075
11076.7;0.277
11077.2;0.065
11077.7;0.079
11078.2;0.228
11078.7;0.148
11079.2;0.336
11079.7;0.117
11080.2;0.201
11080.7;0.403
11081.2;0.326
11081.7;0.256
11082.2;0.372
11082.7;0.187
11083.2;0.337
11083.7;0.197
11084.2;0.094
11084.7;0.356
11085.2;0.051
11085.7;0.283
11086.2;0.125
11086.7;0.14
11087.2;0.136
11087.7;0.15
11088.2;0.119
11088.7;0.127
11089.2;0.172
11089.7;0.062
11090.2;0.217
11090.7;0.052
11091.2;0.081
11091.7;0.153
11092.2;0.088
11092.7;0.131
11093.2;0.13
11093.7;0.109
11094.2;0.149
11094.7;0.086
11095.2;0.147
11095.7;0.007
11096.2;0.015
11096.7;0.162
11097.2;0.137
11097.7;0.006
11098.2;0.203
11098.7;0.057
11099.2;0.14
11099.7;0.191
11100.2;0.198
11100.7;0.128
11101.2;0.057
11101.7;0.226
11102.2;0.068
11102.7;0.182
11103.2;0.036
11103.7;0.247
11104.2;0.139
11104.7;0.252
11105.2;0.234
11105.7;0.257
11106.2;0.127
11106.7;0.3
11107.2;0.2
11107.7;0.214
11108.2;0.213
11108.7;0.218
11109.2;0.272
11109.7;0.3
11110.2;0.454
11110.7;0.425
11111.2;0.358
11111.7;0.404
11112.2;0.48
11112.7;0.286
11113.2;0.157
11113.7;0.217
11114.2;0.107
11114.7;0.101
11115.2;0.123
11115.7;0.136
11116.2;0.179
11116.7;0.075
11117.2;0.266
11117.7;0.186
11118.2;0.189
11118.7;0.192
11119.2;0.323
11119.7;0.066
11120.2;0.121
11120.7;0.239
11121.2;0.175
11121.7;0.216
11122.2;0.221
11122.7;0.283
11123.2;0.2
11123.7;0.269
11124.2;0.128
11124.7;0.085
11125.2;0.245
11125.7;0.157
11126.2;0.351
11126.7;0.352
11127.2;0.286
11127.7;0.274
11128.2;0.383
11128.7;0.289
11129.2;0.355
11129.7;0.312
11130.2;0.19
11130.7;0.372
11131.2;0.316
11131.7;0.322
11132.2;0.433
11132.7;0.45
11133.2;0.306
11133.7;0.578
11134.2;0.451
11134.7;0.557
11135.2;0.418
11135.7;0.536
11136.2;0.514
11136.7;0.426
11137.2;0.579
11137.7;0.514
11138.2;0.405
11138.7;0.521
11139.2;0.683
11139.7;0.513
11140.2;0.656
11140.7;0.456
11141.2;0.455
11141.7;0.634
11142.2;0.297
11142.7;0.355
11143.2;0.377
11143.7;0.302
11144.2;0.318
11144.7;0.218
11145.2;0.07
11145.7;0.314
11146.2;0.289
11146.7;0.283
11147.2;0.402
11147.7;0.177
11148.2;0.185
11148.7;0.172
11149.2;0.219
11149.7;0.275
11150.2;0.191
11150.7;0.108
11151.2;0.099
11151.7;0.161
11152.2;0.225
11152.7;0.143
11153.2;0.022
11153.7;0.051
11154.2;0.093
11154.7;0.102
11155.2;0.066
11155.7;0.17
11156.2;0.056
11156.7;0.139
11157.2;0.162
11157.7;0.191
11158.2;0.203
11158.7;0.138
11159.2;0.254
11159.7;0.17
11160.2;0.056
11160.7;0.24
11161.2;0.1
11161.7;0.251
11162.2;0.134
11162.7;0.233
11163.2;0.242
11163.7;0.079
11164.2;0.243
11164.7;0.122
11165.2;0.221
11165.7;0.323
11166.2;0.121
11166.7;0.228
11167.2;0.227
11167.7;0.165
11168.2;0.334
11168.7;0.275
11169.2;0.297
11169.7;0.506
11170.2;0.307
11170.7;0.142
11171.2;0.218
11171.7;0.068
11172.2;0.189
11172.7;0.093
11173.2;0.173
11173.7;0.063
11174.2;0.254
11174.7;0.176
11175.2;0.067
11175.7;0.218
11176.2;0.202
11176.7;0.06
11177.2;0.181
11177.7;0.082
11178.2;0.171
11178.7;0.099
11179.2;0.153
11179.7;0.195
11180.2;0.078
11180.7;0.133
11181.2;0.162
11181.7;0.035
11182.2;0.145
11182.7;0.229
11183.2;0.195
11183.7;0.174
11184.2;0.24
11184.7;0.144
11185.2;0.273
11185.7;0.181
11186.2;0.186
11186.7;0.256
11187.2;0.322
11187.7;0.236
11188.2;0.213
11188.7;0.307
11189.2;0.083
11189.7;0.225
11190.2;0.315
11190.7;0.307
11191.2;0.336
11191.7;0.319
11192.2;0.339
11192.7;0.366
11193.2;0.356
11193.7;0.364
11194.2;0.353
11194.7;0.412
11195.2;0.35
11195.7;0.398
11196.2;0.294
11196.7;0.325
11197.2;0.227
11197.7;0.351
11198.2;0.241
11198.7;0.175
11199.2;0.23
11199.7;0.184
11200.2;0.13
11200.7;0.055
11201.2;0.123
11201.7;0.055
11202.2;0.257
11202.7;0.157
11203.2;0.104
11203.7;0.154
11204.2;0.118
11204.7;0.065
11205.2;0.051
11205.7;0.132
11206.2;0.214
11206.7;0.071
11207.2;0.154
11207.7;0.114
11208.2;0.128
11208.7;0.187
11209.2;0.22
11209.7;0.194
11210.2;0.22
11210.7;0.247
11211.2;0.237
11211.7;0.25
11212.2;0.457
11212.7;0.363
11213.2;0.313
11213.7;0.38
11214.2;0.411
11214.7;0.381
11215.2;0.348
11215.7;0.414
11216.2;0.358
11216.7;0.33
11217.2;0.256
11217.7;0.197
11218.2;0.203
11218.7;0.231
11219.2;0.123
11219.7;0.14
11220.2;0.158
11220.7;0.326
11221.2;0.304
11221.7;0.168
11222.2;0.219
11222.7;0.233
11223.2;0.4
11223.7;0.336
11224.2;0.413
11224.7;0.421
11225.2;0.515
11225.7;0.458
11226.2;0.566
11226.7;0.676
11227.2;0.473
11227.7;0.532
11228.2;0.545
11228.7;0.628
11229.2;0.566
11229.7;0.38
11230.2;0.491
11230.7;0.397
11231.2;0.399
11231.7;0.457
11232.2;0.445
11232.7;0.458
11233.2;0.288
11233.7;0.275
11234.2;0.336
11234.7;0.385
11235.2;0.224
11235.7;0.303
11236.2;0.283
11236.7;0.196
11237.2;0.306
11237.7;0.231
11238.2;0.274
11238.7;0.134
11239.2;0.179
11239.7;0.167
11240.2;0.27
11240.7;0.205
11241.2;0.258
11241.7;0.218
11242.2;0.258
11242.7;0.19
11243.2;0.169
11243.7;0.332
11244.2;0.298
11244.7;0.161
11245.2;0.296
11245.7;0.266
11246.2;0.195
11246.7;0.259
11247.2;0.069
11247.7;0.311
11248.2;0.166
11248.7;0.223
11249.2;0.215
11249.7;0.284
11250.2;0.333
11250.7;0.234
11251.2;0.161
11251.7;0.164
11252.2;0.155
11252.7;0.168
11253.2;0.305
11253.7;0.089
11254.2;0.286
11254.7;0.264
11255.2;0.295
11255.7;0.329
11256.2;0.234
11256.7;0.334
11257.2;0.31
11257.7;0.357
11258.2;0.365
11258.7;0.234
11259.2;0.185
11259.7;0.47
11260.2;0.32
11260.7;0.344
11261.2;0.589
11261.7;0.498
11262.2;0.412
11262.7;0.446
11263.2;0.495
11263.7;0.473
11264.2;0.409
11264.7;0.426
11265.2;0.536
11265.7;0.505
11266.2;0.467
11266.7;0.4
11267.2;0.454
11267.7;0.35
11268.2;0.281
11268.7;0.286
11269.2;0.238
11269.7;0.188
11270.2;0.113
11270.7;0.098
11271.2;0.062
11271.7;0.25
11272.2;0.123
11272.7;0.301
11273.2;0.206
11273.7;0.255
11274.2;0.229
11274.7;0.167
11275.2;0.17
11275.7;0.098
11276.2;0.179
11276.7;0.116
11277.2;0.243
11277.7;0.143
11278.2;0.161
11278.7;0.232
11279.2;0.283
11279.7;0.192
11280.2;0.292
11280.7;0.355
11281.2;0.255
11281.7;0.129
11282.2;0.332
11282.7;0.11
11283.2;0.097
11283.7;0.153
11284.2;0.074
11284.7;0.066
11285.2;0.113
11285.7;0.225
11286.2;0.13
11286.7;0.201
11287.2;0.145
11287.7;0.292
11288.2;0.225
11288.7;0.205
11289.2;0.266
11289.7;0.204
11290.2;0.271
11290.7;0.197
11291.2;0.285
11291.7;0.163
11292.2;0.314
11292.7;0.239
11293.2;0.226
11293.7;0.292
11294.2;0.336
11294.7;0.301
11295.2;0.272
11295.7;0.261
11296.2;0.265
11296.7;0.242
11297.2;0.2
11297.7;0.172
11298.2;0.239
11298.7;0.175
11299.2;0.208
11299.7;0.148
11300.2;0.233
11300.7;0.16
11301.2;0.354
11301.7;0.225
11302.2;0.175
11302.7;0.421
11303.2;0.287
11303.7;0.362
11304.2;0.247
11304.7;0.376
11305.2;0.293
11305.7;0.325
11306.2;0.471
11306.7;0.329
11307.2;0.269
11307.7;0.239
11308.2;0.383
11308.7;0.345
11309.2;0.329
11309.7;0.51
11310.2;0.328
11310.7;0.441
11311.2;0.306
11311.7;0.393
11312.2;0.268
11312.7;0.228
11313.2;0.277
11313.7;0.296
11314.2;0.359
11314.7;0.197
11315.2;0.399
11315.7;0.341
11316.2;0.377
11316.7;0.237
11317.2;0.177
11317.7;0.189
11318.2;0.368
11318.7;0.426
11319.2;0.409
11319.7;0.373
11320.2;0.436
11320.7;0.538
11321.2;0.312
11321.7;0.282
11322.2;0.413
11322.7;0.36
11323.2;0.364
11323.7;0.311
11324.2;0.366
11324.7;0.33
11325.2;0.35
11325.7;0.299
11326.2;0.338
11326.7;0.181
11327.2;0.253
11327.7;0.352
11328.2;0.148
11328.7;0.307
11329.2;0.097
11329.7;0.329
11330.2;0.313
11330.7;0.21
11331.2;0.283
11331.7;0.096
11332.2;0.234
11332.7;0.178
11333.2;0.158
11333.7;0.165
11334.2;0.103
11334.7;0.189
11335.2;0.101
11335.7;0.098
11336.2;0.026
11336.7;0.069
11337.2;0.075
11337.7;0.173
11338.2;0.155
11338.7;0.14
11339.2;0.142
11339.7;0.096
11340.2;0.173
11340.7;0.178
11341.2;0.106
11341.7;0.198
11342.2;0.082
11342.7;0.138
11343.2;0.202
11343.7;0.093
11344.2;0.199
11344.7;0.138
11345.2;0.244
11345.7;0.197
11346.2;0.186
11346.7;0.287
11347.2;0.107
11347.7;0.11
11348.2;0.174
11348.7;0.249
11349.2;0.054
11349.7;0.309
11350.2;0.237
11350.7;0.094
11351.2;0.268
11351.7;0.342
11352.2;0.252
11352.7;0.262
11353.2;0.375
11353.7;0.204
11354.2;0.238
11354.7;0.184
11355.2;0.338
11355.7;0.226
11356.2;0.317
11356.7;0.142
11357.2;0.336
11357.7;0.394
11358.2;0.19
11358.7;0.413
11359.2;0.285
11359.7;0.313
11360.2;0.152
11360.7;0.371
11361.2;0.273
11361.7;0.21
11362.2;0.185
11362.7;0.126
11363.2;0.168
11363.7;0.031
11364.2;0.225
11364.7;0.108
11365.2;0.109
11365.7;0.085
11366.2;0.089
11366.7;0.035
11367.2;0.194
11367.7;0.035
11368.2;0.198
11368.7;0.144
11369.2;0.048
11369.7;0.199
11370.2;0.22
11370.7;0.138
11371.2;0.214
11371.7;0.265
11372.2;0.175
11372.7;0.316
11373.2;0.27
11373.7;0.161
11374.2;0.233
11374.7;0.202
11375.2;0.23
11375.7;0.179
11376.2;0.216
11376.7;0.143
11377.2;0.097
11377.7;0.193
11378.2;0.085
11378.7;0.228
11379.2;0.067
11379.7;0.147
11380.2;0.07
11380.7;0.042
11381.2;0.083
11381.7;0.098
11382.2;0.14
11382.7;0.16
11383.2;0.254
11383.7;0.122
11384.2;0.076
11384.7;0.113
11385.2;0.116
11385.7;0.078
11386.2;0.201
11386.7;0.191
11387.2;0.124
11387.7;0.311
11388.2;0.227
11388.7;0.089
11389.2;0.302
11389.7;0.177
11390.2;0.174
11390.7;0.233
11391.2;0.271
11391.7;0.267
11392.2;0.216
11392.7;0.44
11393.2;0.212
11393.7;0.273
11394.2;0.202
11394.7;0.323
11395.2;0.289
11395.7;0.287
11396.2;0.295
11396.7;0.288
11397.2;0.344
11397.7;0.329
11398.2;0.274
11398.7;0.321
11399.2;0.361
11399.7;0.329
11400.2;0.287
11400.7;0.338
11401.2;0.448
11401.7;0.408
11402.2;0.466
11402.7;0.467
11403.2;0.491
11403.7;0.401
11404.2;0.474
11404.7;0.344
11405.2;0.563
11405.7;0.315
11406.2;0.341
11406.7;0.492
11407.2;0.495
11407.7;0.39
11408.2;0.366
11408.7;0.444
11409.2;0.252
11409.7;0.403
11410.2;0.237
11410.7;0.442
11411.2;0.186
11411.7;0.268
11412.2;0.379
11412.7;0.356
11413.2;0.346
11413.7;0.35
11414.2;0.302
11414.7;0.424
11415.2;0.415
11415.7;0.444
11416.2;0.316
11416.7;0.473
11417.2;0.404
11417.7;0.342
11418.2;0.502
11418.7;0.332
11419.2;0.405
11419.7;0.281
11420.2;0.485
11420.7;0.378
11421.2;0.294
11421.7;0.425
11422.2;0.316
11422.7;0.395
11423.2;0.091
11423.7;0.295
11424.2;0.209
11424.7;0.302
11425.2;0.325
11425.7;0.206
11426.2;0.226
11426.7;0.242
11427.2;0.19
11427.7;0.155
11428.2;0.239
11428.7;0.155
11429.2;0.071
11429.7;0.214
11430.2;0.222
11430.7;0.024
11431.2;0.157
11431.7;0.044
11432.2;0.227
11432.7;0.069
11433.2;0.2
11433.7;0.14
11434.2;0.063
11434.7;0.101
11435.2;0.032
11435.7;0.049
11436.2;0.048
11436.7;0.142
11437.2;0.131
11437.7;0.074
11438.2;0.316
11438.7;0.156
11439.2;0.104
11439.7;0.149
11440.2;0.172
11440.7;0.125
11441.2;0.112
11441.7;0.279
11442.2;0.138
11442.7;0.25
11443.2;0.174
11443.7;0.146
11444.2;0.071
11444.7;0.153
11445.2;0.136
11445.7;0.137
11446.2;0.314
11446.7;0.119
11447.2;0.255
11447.7;0.152
11448.2;0.148
11448.7;0.297
11449.2;0.243
11449.7;0.26
11450.2;0.252
11450.7;0.185
11451.2;0.154
11451.7;0.193
11452.2;0.12
11452.7;0.181
11453.2;0.145
11453.7;0.196
11454.2;0.261
11454.7;0.257
11455.2;0.323
11455.7;0.308
11456.2;0.24
11456.7;0.316
11457.2;0.24
11457.7;0.383
11458.2;0.407
11458.7;0.194
11459.2;0.418
11459.7;0.097
11460.2;0.434
11460.7;0.15
11461.2;0.26
11461.7;0.342
11462.2;0.352
11462.7;0.272
11463.2;0.294
11463.7;0.435
11464.2;0.205
11464.7;0.37
11465.2;0.407
11465.7;0.201
11466.2;0.255
11466.7;0.229
11467.2;0.31
11467.7;0.32
11468.2;0.183
11468.7;0.266
11469.2;0.222
11469.7;0.1
11470.2;0.131
11470.7;0.246
11471.2;0.141
11471.7;0.099
11472.2;0.127
11472.7;0.217
11473.2;0.113
11473.7;0.138
11474.2;0.076
11474.7;0.204
11475.2;0.191
11475.7;0.13
11476.2;0.146
11476.7;0.131
11477.2;0.339
11477.7;0.302
11478.2;0.367
11478.7;0.365
11479.2;0.326
11479.7;0.317
11480.2;0.332
11480.7;0.509
11481.2;0.249
11481.7;0.361
11482.2;0.334
11482.7;0.375
11483.2;0.511
11483.7;0.348
11484.2;0.566
11484.7;0.342
11485.2;0.45
11485.7;0.399
11486.2;0.35
11486.7;0.34
11487.2;0.416
11487.7;0.362
11488.2;0.143
11488.7;0.256
11489.2;0.174
11489.7;0.413
11490.2;0.166
11490.7;0.252
11491.2;0.132
11491.7;0.208
11492.2;0.314
11492.7;0.241
11493.2;0.404
11493.7;0.237
11494.2;0.423
11494.7;0.309
11495.2;0.348
11495.7;0.227
11496.2;0.405
11496.7;0.348
11497.2;0.238
11497.7;0.191
11498.2;0.301
11498.7;0.408
11499.2;0.195
11499.7;0.318
11500.2;0.203
11500.7;0.136
11501.2;0.122
11501.7;0.084
11502.2;0.034
11502.7;0.097
11503.2;0.196
11503.7;0.068
11504.2;0.118
11504.7;0.115
11505.2;0.162
11505.7;0.005
11506.2;0.113
11506.7;0.082
11507.2;0.041
11507.7;0.151
11508.2;0.041
11508.7;0.01
11509.2;0.078
11509.7;0.099
11510.2;0.037
11510.7;0.069
11511.2;0.199
11511.7;0.178
11512.2;0.09
11512.7;0.12
11513.2;0.288
11513.7;0.13
11514.2;0.321
11514.7;0.102
11515.2;0.109
11515.7;0.193
11516.2;0.024
11516.7;0.22
11517.2;0.08
11517.7;0.363
11518.2;0.151
11518.7;0.224
11519.2;0.311
11519.7;0.25
11520.2;0.298
11520.7;0.285
11521.2;0.408
11521.7;0.266
11522.2;0.289
11522.7;0.257
11523.2;0.282
11523.7;0.268
11524.2;0.151
11524.7;0.213
11525.2;0.2
11525.7;0.199
11526.2;0.18
11526.7;0.053
11527.2;0.2
11527.7;0.152
11528.2;0.26
11528.7;0.066
11529.2;0.135
11529.7;0.048
11530.2;0.066
11530.7;0.206
11531.2;0.116
11531.7;0.184
11532.2;0.125
11532.7;0.226
11533.2;0.1
11533.7;0.294
11534.2;0.136
11534.7;0.262
11535.2;0.185
11535.7;0.204
11536.2;0.282
11536.7;0.156
11537.2;0.218
11537.7;0.117
11538.2;0.247
11538.7;0.173
11539.2;0.098
11539.7;0.326
11540.2;0.143
11540.7;0.341
11541.2;0.085
11541.7;0.276
11542.2;0.168
11542.7;0.182
11543.2;0.252
11543.7;0.176
11544.2;0.237
11544.7;0.113
11545.2;0.3
11545.7;0.176
11546.2;0.236
11546.7;0.161
11547.2;0.312
11547.7;0.165
11548.2;0.224
11548.7;0.063
11549.2;0.165
11549.7;0.265
11550.2;0.157
11550.7;0.133
11551.2;0.181
11551.7;0.297
11552.2;0.14
11552.7;0.186
11553.2;0.182
11553.7;0.307
11554.2;0.167
11554.7;0.241
11555.2;0.191
11555.7;0.127
11556.2;0.139
11556.7;0.083
11557.2;0.263
11557.7;0.098
11558.2;0.169
11558.7;0.128
11559.2;0.186
11559.7;0.195
11560.2;0.194
11560.7;0.213
11561.2;0.238
11561.7;0.228
11562.2;0.275
11562.7;0.022
11563.2;0.229
11563.7;0.146
11564.2;0.106
11564.7;0.137
11565.2;0.164
11565.7;0.232
11566.2;0.065
11566.7;0.082
11567.2;0.097
11567.7;0.216
11568.2;0.134
11568.7;0.167
11569.2;0.149
11569.7;0.1
11570.2;0.265
11570.7;0.112
11571.2;0.219
11571.7;0.231
11572.2;0.098
11572.7;0.323
11573.2;0.211
11573.7;0.201
11574.2;0.167
11574.7;0.265
11575.2;0.301
11575.7;0.337
11576.2;0.178
11576.7;0.364
11577.2;0.327
11577.7;0.227
11578.2;0.46
11578.7;0.33
11579.2;0.332
11579.7;0.348
11580.2;0.417
11580.7;0.281
11581.2;0.221
11581.7;0.308
11582.2;0.434
11582.7;0.185
11583.2;0.354
11583.7;0.346
11584.2;0.232
11584.7;0.423
11585.2;0.308
11585.7;0.468
11586.2;0.159
11586.7;0.361
11587.2;0.399
11587.7;0.172
11588.2;0.272
11588.7;0.162
11589.2;0.3
11589.7;0.223
11590.2;0.262
11590.7;0.235
11591.2;0.3
11591.7;0.237
11592.2;0.25
11592.7;0.469
11593.2;0.251
11593.7;0.333
11594.2;0.407
11594.7;0.361
11595.2;0.196
11595.7;0.314
11596.2;0.229
11596.7;0.069
11597.2;0.307
11597.7;0.096
11598.2;0.19
11598.7;0.085
11599.2;0.095
11599.7;0.087
11600.2;0.159
11600.7;0.07
11601.2;0.17
11601.7;0.028
11602.2;0.133
11602.7;0.198
11603.2;0.111
11603.7;0.154
11604.2;0.153
11604.7;0.105
11605.2;0.165
11605.7;0.284
11606.2;0.175
11606.7;0.341
11607.2;0.317
11607.7;0.25
11608.2;0.276
11608.7;0.306
11609.2;0.222
11609.7;0.366
11610.2;0.148
11610.7;0.347
11611.2;0.234
11611.7;0.308
11612.2;0.169
11612.7;0.19
11613.2;0.34
11613.7;0.163
11614.2;0.394
11614.7;0.091
11615.2;0.222
11615.7;0.261
11616.2;0.017
11616.7;0.312
11617.2;0.117
11617.7;0.093
11618.2;0.057
11618.7;0.229
11619.2;0.079
11619.7;0.264
11620.2;0.418
11620.7;0.218
11621.2;0.278
11621.7;0.124
11622.2;0.355
11622.7;0.28
11623.2;0.114
11623.7;0.503
11624.2;0.153
11624.7;0.298
11625.2;0.243
11625.7;0.286
11626.2;0.264
11626.7;0.272
11627.2;0.361
11627.7;0.179
11628.2;0.35
11628.7;0.175
11629.2;0.259
11629.7;0.182
11630.2;0.271
11630.7;0.07
11631.2;0.223
11631.7;0.072
11632.2;0.164
11632.7;0.188
11633.2;0.138
11633.7;0.225
11634.2;0.156
11634.7;0.244
11635.2;0.185
11635.7;0.282
11636.2;0.188
11636.7;0.197
11637.2;0.156
11637.7;0.106
11638.2;0.141
11638.7;0.039
11639.2;0.145
11639.7;0.034
11640.2;0.097
11640.7;0.078
11641.2;0.114
11641.7;0.138
11642.2;0.099
11642.7;0.043
11643.2;0.063
11643.7;0.041
11644.2;0.15
11644.7;0.164
11645.2;0.212
11645.7;0.096
11646.2;0.162
11646.7;0.236
11647.2;0.077
11647.7;0.305
11648.2;0.082
11648.7;0.196
11649.2;0.147
11649.7;0.149
11650.2;0.132
11650.7;0.154
11651.2;0.171
11651.7;0.07
11652.2;0.173
11652.7;0.147
11653.2;0.028
11653.7;0.114
11654.2;0.118
11654.7;0.058
11655.2;0.233
11655.7;0.082
11656.2;0.014
11656.7;0.176
11657.2;0.075
11657.7;0.296
11658.2;0.279
11658.7;0.115
11659.2;0.385
11659.7;0.13
11660.2;0.298
11660.7;0.262
11661.2;0.158
11661.7;0.36
11662.2;0.202
11662.7;0.433
11663.2;0.357
11663.7;0.287
11664.2;0.432
11664.7;0.241
11665.2;0.314
11665.7;0.359
11666.2;0.168
11666.7;0.326
11667.2;0.399
11667.7;0.295
11668.2;0.252
11668.7;0.37
11669.2;0.275
11669.7;0.307
11670.2;0.351
11670.7;0.084
11671.2;0.391
11671.7;0.28
11672.2;0.214
11672.7;0.352
11673.2;0.292
11673.7;0.143
11674.2;0.304
11674.7;0.247
11675.2;0.114
11675.7;0.133
11676.2;0.173
11676.7;0.181
11677.2;0.096
11677.7;0.287
11678.2;0.302
11678.7;0.214
11679.2;0.271
11679.7;0.334
11680.2;0.361
11680.7;0.249
11681.2;0.37
11681.7;0.158
11682.2;0.284
11682.7;0.3
11683.2;0.219
11683.7;0.205
11684.2;0.138
11684.7;0.27
11685.2;0.101
11685.7;0.273
11686.2;0.081
11686.7;0.252
11687.2;0.198
11687.7;0.05
11688.2;0.101
11688.7;0.202
11689.2;0.073
11689.7;0.163
11690.2;0.315
11690.7;0.167
11691.2;0.289
11691.7;0.311
11692.2;0.244
11692.7;0.344
11693.2;0.315
11693.7;0.391
11694.2;0.295
11694.7;0.45
11695.2;0.29
11695.7;0.463
11696.2;0.354
11696.7;0.48
11697.2;0.371
11697.7;0.422
11698.2;0.479
11698.7;0.304
11699.2;0.457
11699.7;0.344
11700.2;0.414
11700.7;0.32
11701.2;0.376
11701.7;0.21
11702.2;0.467
11702.7;0.149
11703.2;0.342
11703.7;0.185
11704.2;0.344
11704.7;0.314
11705.2;0.115
11705.7;0.439
11706.2;0.052
11706.7;0.357
11707.2;0.22
11707.7;0.257
11708.2;0.333
11708.7;0.046
11709.2;0.293
11709.7;0.202
11710.2;0.214
11710.7;0.189
11711.2;0.126
11711.7;0.218
11712.2;0.16
11712.7;0.182
11713.2;0.24
11713.7;0.154
11714.2;0.185
11714.7;0.188
11715.2;0.021
11715.7;0.144
11716.2;0.171
11716.7;0.043
11717.2;0.12
11717.7;0.15
11718.2;0.07
11718.7;0.125
11719.2;0.199
11719.7;0.171
11720.2;0.321
11720.7;0.082
11721.2;0.173
11721.7;0.292
11722.2;0.029
11722.7;0.195
11723.2;0.074
11723.7;0.106
11724.2;0.063
11724.7;0.056
11725.2;0.27
11725.7;0.092
11726.2;0.263
11726.7;0.291
11727.2;0.228
11727.7;0.31
11728.2;0.112
11728.7;0.345
11729.2;0.153
11729.7;0.155
11730.2;0.226
11730.7;0.153
11731.2;0.258
11731.7;0.17
11732.2;0.071
11732.7;0.101
11733.2;0.134
11733.7;0.269
11734.2;0.197
11734.7;0.156
11735.2;0.072
11735.7;0.154
11736.2;0.165
11736.7;0.214
11737.2;0.083
11737.7;0.076
11738.2;0.155
11738.7;0.1
11739.2;0.179
11739.7;0.06
11740.2;0.072
11740.7;0.069
11741.2;0.181
11741.7;0.186
11742.2;0.234
11742.7;0.174
11743.2;0.067
11743.7;0.023
11744.2;0.17
11744.7;0.187
11745.2;0.121
11745.7;0.1
11746.2;0.073
11746.7;0.304
11747.2;0.216
11747.7;0.093
11748.2;0.294
11748.7;0.028
11749.2;0.379
11749.7;0.123
11750.2;0.197
11750.7;0.36
11751.2;0.112
11751.7;0.151
11752.2;0.037
11752.7;0.041
11753.2;0.064
11753.7;0.18
11754.2;0.229
11754.7;0.166
11755.2;0.094
11755.7;0.095
11756.2;0.103
11756.7;0.168
11757.2;0.298
11757.7;0.127
11758.2;0.101
11758.7;0.14
11759.2;0.121
11759.7;0.155
11760.2;0.135
11760.7;0.098
11761.2;0.131
11761.7;0.103
11762.2;0.224
11762.7;0.059
11763.2;0.093
11763.7;0.145
11764.2;0.199
11764.7;0.167
11765.2;0.113
11765.7;0.101
11766.2;0.154
11766.7;0.117
11767.2;0.259
11767.7;0.032
11768.2;0.213
11768.7;0.088
11769.2;0.148
11769.7;0.097
11770.2;0.135
11770.7;0.201
11771.2;0.167
11771.7;0.149
11772.2;0.088
11772.7;0.21
11773.2;0.021
11773.7;0.086
11774.2;0.065
11774.7;0.17
11775.2;0.155
11775.7;0.112
11776.2;0.181
11776.7;0.097
11777.2;0.063
11777.7;0.094
11778.2;0.165
11778.7;0.188
11779.2;0.094
11779.7;0.182
11780.2;0.065
11780.7;0.196
11781.2;0.134
11781.7;0.07
11782.2;0.145
11782.7;0.108
11783.2;0.134
11783.7;0.138
11784.2;0.061
11784.7;0.02
11785.2;0.169
11785.7;0.04
11786.2;0.067
11786.7;0.099
11787.2;0.091
11787.7;0.051
11788.2;0.065
11788.7;0.082
11789.2;0.118
11789.7;0.059
11790.2;0.088
11790.7;0.068
11791.2;0.163
11791.7;0.089
11792.2;0.132
11792.7;0.071
11793.2;0.16
11793.7;0.073
11794.2;0.156
11794.7;0.094
11795.2;0.13
11795.7;0.083
11796.2;0.196
11796.7;0.082
11797.2;0.14
11797.7;0.095
11798.2;0.152
11798.7;0.078
11799.2;0.036
11799.7;0.092
11800.2;0.099
11800.7;0.035
11801.2;0.051
11801.7;0.066
11802.2;0.114
11802.7;0.095
11803.2;0.041
11803.7;0.102
11804.2;0.115
11804.7;0.078
11805.2;0.139
11805.7;0.095
11806.2;0.187
11806.7;0.153
11807.2;0.355
11807.7;0.295
11808.2;0.192
11808.7;0.307
11809.2;0.086
11809.7;0.186
11810.2;0.075
11810.7;0.23
11811.2;0.047
11811.7;0.379
11812.2;0.105
11812.7;0.259
11813.2;0.268
11813.7;0.173
11814.2;0.1
11814.7;0.147
11815.2;0.092
11815.7;0.133
11816.2;0.127
11816.7;0.111
11817.2;0.1
11817.7;0.216
11818.2;0.264
11818.7;0.065
11819.2;0.268
11819.7;0.237
11820.2;0.019
11820.7;0.185
11821.2;0.105
11821.7;0.212
11822.2;0.248
11822.7;0.107
11823.2;0.298
11823.7;0.222
11824.2;0.076
11824.7;0.316
11825.2;0.191
11825.7;0.206
11826.2;0.324
11826.7;0.169
11827.2;0.414
11827.7;0.187
11828.2;0.385
11828.7;0.237
11829.2;0.227
11829.7;0.369
11830.2;0.051
11830.7;0.256
11831.2;0.069
11831.7;0.273
11832.2;0.245
11832.7;0.226
11833.2;0.206
11833.7;0.239
11834.2;0.2
11834.7;0.203
11835.2;0.292
11835.7;0.1
11836.2;0.248
11836.7;0.139
11837.2;0.154
11837.7;0.196
11838.2;0.117
11838.7;0.254
11839.2;0.214
11839.7;0.194
11840.2;0.207
11840.7;0.268
11841.2;0.222
11841.7;0.231
11842.2;0.214
11842.7;0.13
11843.2;0.356
11843.7;0.221
11844.2;0.229
11844.7;0.336
11845.2;0.08
11845.7;0.241
11846.2;0.155
11846.7;0.182
11847.2;0.156
11847.7;0.157
11848.2;0.081
11848.7;0.175
11849.2;0.302
11849.7;0.199
11850.2;0.274
11850.7;0.028
11851.2;0.317
11851.7;0.245
11852.2;0.201
11852.7;0.316
11853.2;0.196
11853.7;0.292
11854.2;0.132
11854.7;0.239
11855.2;0.071
11855.7;0.068
11856.2;0.222
11856.7;0.183
11857.2;0.173
11857.7;0.282
11858.2;0.255
11858.7;0.245
11859.2;0.043
11859.7;0.204
11860.2;0.186
11860.7;0.16
11861.2;0.285
11861.7;0.397
11862.2;0.313
11862.7;0.493
11863.2;0.432
11863.7;0.518
11864.2;0.436
11864.7;0.354
11865.2;0.467
11865.7;0.331
11866.2;0.376
11866.7;0.331
11867.2;0.365
11867.7;0.195
11868.2;0.356
11868.7;0.384
11869.2;0.493
11869.7;0.381
11870.2;0.482
11870.7;0.428
11871.2;0.388
11871.7;0.356
11872.2;0.295
11872.7;0.297
11873.2;0.241
11873.7;0.277
11874.2;0.286
11874.7;0.412
11875.2;0.218
11875.7;0.259
11876.2;0.29
11876.7;0.151
11877.2;0.089
11877.7;0.198
11878.2;0.312
11878.7;0.272
11879.2;0.202
11879.7;0.27
11880.2;0.198
11880.7;0.244
11881.2;0.061
11881.7;0.209
11882.2;0.191
11882.7;0.28
11883.2;0.108
11883.7;0.313
11884.2;0.093
11884.7;0.129
11885.2;0.144
11885.7;0.247
11886.2;0.172
11886.7;0.213
11887.2;0.208
11887.7;0.257
11888.2;0.276
11888.7;0.104
11889.2;0.265
11889.7;0.265
11890.2;0.123
11890.7;0.252
11891.2;0.187
11891.7;0.306
11892.2;0.269
11892.7;0.249
11893.2;0.368
11893.7;0.306
11894.2;0.28
11894.7;0.177
11895.2;0.199
11895.7;0.081
11896.2;0.289
11896.7;0.182
11897.2;0.301
11897.7;0.248
11898.2;0.342
11898.7;0.278
11899.2;0.231
11899.7;0.27
11900.2;0.182
11900.7;0.177
11901.2;0.318
11901.7;0.291
11902.2;0.16
11902.7;0.291
11903.2;0.175
11903.7;0.182
11904.2;0.253
11904.7;0.154
11905.2;0.241
11905.7;0.242
11906.2;0.213
11906.7;0.101
11907.2;0.109
11907.7;0.115
11908.2;0.169
11908.7;0.16
11909.2;0.087
11909.7;0.181
11910.2;0.109
11910.7;0.185
11911.2;0.097
11911.7;0.148
11912.2;0.085
11912.7;0.221
11913.2;0.21
11913.7;0.153
11914.2;0.205
11914.7;0.173
11915.2;0.177
11915.7;0.266
11916.2;0.09
11916.7;0.223
11917.2;0.084
11917.7;0.254
11918.2;0.146
11918.7;0.199
11919.2;0.183
11919.7;0.186
11920.2;0.238
11920.7;0.198
11921.2;0.161
11921.7;0.09
11922.2;0.169
11922.7;0.15
11923.2;0.147
11923.7;0.119
11924.2;0.133
11924.7;0.051
11925.2;0.133
11925.7;0.031
11926.2;0.153
11926.7;0.079
11927.2;0.053
11927.7;0.192
11928.2;0.11
11928.7;0.198
11929.2;0.032
11929.7;0.306
11930.2;0.402
11930.7;0.033
11931.2;0.46
11931.7;0.152
11932.2;0.212
11932.7;0.199
11933.2;0.135
11933.7;0.318
11934.2;0.087
11934.7;0.136
11935.2;0.203
11935.7;0.186
11936.2;0.182
11936.7;0.226
11937.2;0.117
11937.7;0.159
11938.2;0.095
11938.7;0.141
11939.2;0.21
11939.7;0.037
11940.2;0.207
11940.7;0.151
11941.2;0.028
11941.7;0.167
11942.2;0.113
11942.7;0.099
11943.2;0.066
11943.7;0.104
11944.2;0.185
11944.7;0.021
11945.2;0.206
11945.7;0.22
11946.2;0.078
11946.7;0.114
11947.2;0.086
11947.7;0.152
11948.2;0.155
11948.7;0.181
11949.2;0.174
11949.7;0.047
11950.2;0.076
11950.7;0.047
11951.2;0.083
11951.7;0.03
11952.2;0.034
11952.7;0.043
11953.2;0.095
11953.7;0.013
11954.2;0.057
11954.7;0.028
11955.2;0.022
11955.7;0.205
11956.2;0.153
11956.7;0.122
11957.2;0.258
11957.7;0.166
11958.2;0.13
11958.7;0.203
11959.2;0.11
11959.7;0.1
11960.2;0.198
11960.7;0.089
11961.2;0.159
11961.7;0.157
11962.2;0.232
11962.7;0.177
11963.2;0.103
11963.7;0.205
11964.2;0.139
11964.7;0.193
11965.2;0.116
11965.7;0.097
11966.2;0.049
11966.7;0.076
11967.2;0.116
11967.7;0.143
11968.2;0.135
11968.7;0.061
11969.2;0.075
11969.7;0.07
11970.2;0.146
11970.7;0.031
11971.2;0.132
11971.7;0.091
11972.2;0.015
11972.7;0.094
11973.2;0.097
11973.7;0.077
11974.2;0.089
11974.7;0.27
11975.2;0.123
11975.7;0.224
11976.2;0.145
11976.7;0.292
11977.2;0.221
11977.7;0.075
11978.2;0.124
11978.7;0.04
11979.2;0.048
11979.7;0.044
11980.2;0.138
11980.7;0.096
11981.2;0.186
11981.7;0.173
11982.2;0.056
11982.7;0.089
11983.2;0.106
11983.7;0.064
11984.2;0.132
11984.7;0.063
11985.2;0.076
11985.7;0.114
11986.2;0.112
11986.7;0.129
11987.2;0.055
11987.7;0.074
11988.2;0.064
11988.7;0.039
11989.2;0.058
11989.7;0.078
11990.2;0.051
11990.7;0.091
11991.2;0.094
11991.7;0.039
11992.2;0.105
11992.7;0.088
11993.2;0.052
11993.7;0.138
11994.2;0.09
11994.7;0.139
11995.2;0.103
11995.7;0.16
11996.2;0.116
11996.7;0.065
11997.2;0.058
11997.7;0.02
11998.2;0.147
11998.7;0.086
11999.2;0.142
11999.7;0.066
12000.3;0.091
12000.8;0.12
12001.3;0.056
12001.8;0.157
12002.3;0.106
12002.8;0.063
12003.3;0.148
12003.8;0.112
12004.3;0.147
12004.8;0.088
12005.3;0.106
12005.8;0.039
12006.3;0.085
12006.8;0.077
12007.3;0.112
12007.8;0.071
12008.3;0.059
12008.8;0.056
12009.3;0.23
12009.8;0.126
12010.3;0.147
12010.8;0.09
12011.3;0.041
12011.8;0.083
12012.3;0.105
12012.8;0.139
12013.3;0.112
12013.8;0.133
12014.3;0.035
12014.8;0.141
12015.3;0.064
12015.8;0.065
12016.3;0.067
12016.8;0.051
12017.3;0.109
12017.8;0.052
12018.3;0.104
12018.8;0.085
12019.3;0.087
12019.8;0.106
12020.3;0.195
12020.8;0.048
12021.3;0.169
12021.8;0.057
12022.3;0.045
12022.8;0.194
12023.3;0.024
12023.8;0.186
12024.3;0.158
12024.8;0.12
12025.3;0.156
12025.8;0.086
12026.3;0.053
12026.8;0.165
12027.3;0.115
12027.8;0.182
12028.3;0.081
12028.8;0.082
12029.3;0.098
12029.8;0.198
12030.3;0.069
12030.8;0.155
12031.3;0.08
12031.8;0.086
12032.3;0.104
12032.8;0.079
12033.3;0.009
12033.8;0.039
12034.3;0.074
12034.8;0.179
12035.3;0.089
12035.8;0.02
12036.3;0.087
12036.8;0.105
12037.3;0.053
12037.8;0.101
12038.3;0.058
12038.8;0.143
12039.3;0.201
12039.8;0.132
12040.3;0.192
12040.8;0.158
12041.3;0.143
12041.8;0.2
12042.3;0.07
12042.8;0.116
12043.3;0.138
12043.8;0.049
12044.3;0.135
12044.8;0.071
12045.3;0.151
12045.8;0.085
12046.3;0.17
12046.8;0.07
12047.3;0.087
12047.8;0.058
12048.3;0.101
12048.8;0.176
12049.3;0.094
12049.8;0.122
12050.3;0.151
12050.8;0.187
12051.3;0.08
12051.8;0.165
12052.3;0.111
12052.8;0.088
12053.3;0.139
12053.8;0.162
12054.3;0.155
12054.8;0.121
12055.3;0.181
12055.8;0.079
12056.3;0.12
12056.8;0.129
12057.3;0.069
12057.8;0.075
12058.3;0.045
12058.8;0.033
12059.3;0.019
12059.8;0.016
12060.3;0.146
12060.8;0.06
12061.3;0.08
12061.8;0.132
12062.3;0.111
12062.8;0.185
12063.3;0.071
12063.8;0.213
12064.3;0.145
12064.8;0.103
12065.3;0.106
12065.8;0.139
12066.3;0.119
12066.8;0.041
12067.3;0.089
12067.8;0.068
12068.3;0.027
12068.8;0.061
12069.3;0.109
12069.8;0.109
12070.3;0.118
12070.8;0.074
12071.3;0.148
12071.8;0.016
12072.3;0.177
12072.8;0.102
12073.3;0.161
12073.8;0.147
12074.3;0.087
12074.8;0.093
12075.3;0.056
12075.8;0.115
12076.3;0.117
12076.8;0.033
12077.3;0.108
12077.8;0.08
12078.3;0.071
12078.8;0.188
12079.3;0.082
12079.8;0.225
12080.3;0.122
12080.8;0.207
12081.3;0.136
12081.8;0.102
12082.3;0.149
12082.8;0.074
12083.3;0.182
12083.8;0.082
12084.3;0.061
12084.8;0.085
12085.3;0.088
12085.8;0.096
12086.3;0.055
12086.8;0.149
12087.3;0.065
12087.8;0.078
12088.3;0.162
12088.8;0.11
12089.3;0.162
12089.8;0.03
12090.3;0.086
12090.8;0.147
12091.3;0.073
12091.8;0.1
12092.3;0.08
12092.8;0.15
12093.3;0.053
12093.8;0.035
12094.3;0.127
12094.8;0.054
12095.3;0.106
12095.8;0.1
12096.3;0.13
12096.8;0.103
12097.3;0.144
12097.8;0.053
12098.3;0.061
12098.8;0.093
12099.3;0.024
12099.8;0.078
12100.3;0.059
12100.8;0.092
12101.3;0.089
12101.8;0.198
12102.3;0.108
12102.8;0.079
12103.3;0.155
12103.8;0.049
12104.3;0.163
12104.8;0.056
12105.3;0.054
12105.8;0.043
12106.3;0.046
12106.8;0.133
12107.3;0.01
12107.8;0.106
12108.3;0.117
12108.8;0.026
12109.3;0.141
12109.8;0.035
12110.3;0.051
12110.8;0.039
12111.3;0.066
12111.8;0.104
12112.3;0.087
12112.8;0.09
12113.3;0.062
12113.8;0.097
12114.3;0.06
12114.8;0.04
12115.3;0.068
12115.8;0.134
12116.3;0.132
12116.8;0.139
12117.3;0.013
12117.8;0.176
12118.3;0.121
12118.8;0.163
12119.3;0.1
12119.8;0.181
12120.3;0.108
12120.8;0.142
12121.3;0.19
12121.8;0.116
12122.3;0.208
12122.8;0.07
12123.3;0.169
12123.8;0.114
12124.3;0.092
12124.8;0.047
12125.3;0.058
12125.8;0.122
12126.3;0.067
12126.8;0.059
12127.3;0.028
12127.8;0.108
12128.3;0.052
12128.8;0.043
12129.3;0.025
12129.8;0.04
12130.3;0.046
12130.8;0.086
12131.3;0.107
12131.8;0.133
12132.3;0.136
12132.8;0.165
12133.3;0.046
12133.8;0.116
12134.3;0.079
12134.8;0.184
12135.3;0.145
12135.8;0.05
12136.3;0.17
12136.8;0.162
12137.3;0.161
12137.8;0.044
12138.3;0.137
12138.8;0.097
12139.3;0.025
12139.8;0.051
12140.3;0.062
12140.8;0.027
12141.3;0.135
12141.8;0.062
12142.3;0.079
12142.8;0.07
12143.3;0.081
12143.8;0.066
12144.3;0.058
12144.8;0.057
12145.3;0.074
12145.8;0.06
12146.3;0.016
12146.8;0.023
12147.3;0.023
12147.8;0.07
12148.3;0.056
12148.8;0.037
12149.3;0.066
12149.8;0.071
12150.3;0.024
12150.8;0.022
12151.3;0.067
12151.8;0.005
12152.3;0.029
12152.8;0.042
12153.3;0.058
12153.8;0.067
12154.3;0.082
12154.8;0.106
12155.3;0.106
12155.8;0.095
12156.3;0.07
12156.8;0.05
12157.3;0.088
12157.8;0.026
12158.3;0.065
12158.8;0.045
12159.3;0.07
12159.8;0.081
12160.3;0.044
12160.8;0.107
12161.3;0.013
12161.8;0.076
12162.3;0.065
12162.8;0.082
12163.3;0.072
12163.8;0.042
12164.3;0.116
12164.8;0.041
12165.3;0.086
12165.8;0.073
12166.3;0.078
12166.8;0.093
12167.3;0.067
12167.8;0.066
12168.3;0.016
12168.8;0.042
12169.3;0.036
12169.8;0.052
12170.3;0.031
12170.8;0.016
12171.3;0.133
12171.8;0.038
12172.3;0.093
12172.8;0.08
12173.3;0.116
12173.8;0.119
12174.3;0.061
12174.8;0.071
12175.3;0.133
12175.8;0.026
12176.3;0.016
12176.8;0.089
12177.3;0.052
12177.8;0.02
12178.3;0.036
12178.8;0.103
12179.3;0.047
12179.8;0.041
12180.3;0.093
12180.8;0.095
12181.3;0.024
12181.8;0.066
12182.3;0.019
12182.8;0.126
12183.3;0.08
12183.8;0.038
12184.3;0.14
12184.8;0.09
12185.3;0.016
12185.8;0.088
12186.3;0.071
12186.8;0.065
12187.3;0.074
12187.8;0.037
12188.3;0.132
12188.8;0.042
12189.3;0.016
12189.8;0.052
12190.3;0.013
12190.8;0.063
12191.3;0.017
12191.8;0.037
12192.3;0.08
12192.8;0.03
12193.3;0.069
12193.8;0.078
12194.3;0.097
12194.8;0.048
12195.3;0.082
12195.8;0.059
12196.3;0.024
12196.8;0.072
12197.3;0.074
12197.8;0.014
12198.3;0.049
12198.8;0.098
12199.3;0.041
12199.8;0.032
12200.3;0.024
12200.8;0.059
12201.3;0.045
12201.8;0.019
12202.3;0.072
12202.8;0.054
12203.3;0.044
12203.8;0.068
12204.3;0.028
12204.8;0.051
12205.3;0.054
12205.8;0.05
12206.3;0.03
12206.8;0.066
12207.3;0.032
12207.8;0.059
12208.3;0.042
12208.8;0.054
12209.3;0.063
12209.8;0.054
12210.3;0.082
12210.8;0.058
12211.3;0.074
12211.8;0.017
12212.3;0.085
12212.8;0.048
12213.3;0.057
12213.8;0.078
12214.3;0.071
12214.8;0.035
12215.3;0.066
12215.8;0.1
12216.3;0.049
12216.8;0.053
12217.3;0.061
12217.8;0.07
12218.3;0.054
12218.8;0.055
12219.3;0.041
12219.8;0.094
12220.3;0.073
12220.8;0.094
12221.3;0.131
12221.8;0.088
12222.3;0.149
12222.8;0.106
12223.3;0.129
12223.8;0.035
12224.3;0.099
12224.8;0.036
12225.3;0.051
12225.8;0.03
12226.3;0.053
12226.8;0.059
12227.3;0.055
12227.8;0.011
12228.3;0.071
12228.8;0.053
12229.3;0.08
12229.8;0.125
12230.3;0.079
12230.8;0.128
12231.3;0.034
12231.8;0.12
12232.3;0.062
12232.8;0.042
12233.3;0.092
12233.8;0.045
12234.3;0.092
12234.8;0.14
12235.3;0.037
12235.8;0.085
12236.3;0.097
12236.8;0.1
12237.3;0.168
12237.8;0.069
12238.3;0.17
12238.8;0.082
12239.3;0.071
12239.8;0.054
12240.3;0.078
12240.8;0.074
12241.3;0.073
12241.8;0.085
12242.3;0.026
12242.8;0.042
12243.3;0.068
12243.8;0.046
12244.3;0.049
12244.8;0.067
12245.3;0.037
12245.8;0.103
12246.3;0.078
12246.8;0.05
12247.3;0.106
12247.8;0.024
12248.3;0.068
12248.8;0.093
12249.3;0.051
12249.8;0.084
12250.3;0.117
12250.8;0.053
12251.3;0.124
12251.8;0.085
12252.3;0.12
12252.8;0.09
12253.3;0.093
12253.8;0.09
12254.3;0.024
12254.8;0.032
12255.3;0.065
12255.8;0.068
12256.3;0.051
12256.8;0.122
12257.3;0.051
12257.8;0.113
12258.3;0.055
12258.8;0.125
12259.3;0.071
12259.8;0.111
12260.3;0.083
12260.8;0.038
12261.3;0.055
12261.8;0.03
12262.3;0.047
12262.8;0.042
12263.3;0.025
12263.8;0.055
12264.3;0.069
12264.8;0.049
12265.3;0.033
12265.8;0.053
12266.3;0.073
12266.8;0.028
12267.3;0.057
12267.8;0.074
12268.3;0.009
12268.8;0.029
12269.3;0.009
12269.8;0.085
12270.3;0.032
12270.8;0.082
12271.3;0.063
12271.8;0.018
12272.3;0.027
12272.8;0.006
12273.3;0.006
12273.8;0.045
12274.3;0.049
12274.8;0.014
12275.3;0.001
12275.8;0.066
12276.3;0.025
12276.8;0.032
12277.3;0.048
12277.8;0.048
12278.3;0.066
12278.8;0.037
12279.3;0.034
12279.8;0.031
12280.3;0.027
12280.8;0.065
12281.3;0.072
12281.8;0.038
12282.3;0.073
12282.8;0.03
12283.3;0.052
12283.8;0.042
12284.3;0.067
12284.8;0.046
12285.3;0.062
12285.8;0.035
12286.3;0.064
12286.8;0.027
12287.3;0.039
12287.8;0.034
12288.3;0.019
12288.8;0.003
12289.3;0.033
12289.8;0.026
12290.3;0.039
12290.8;0.022
12291.3;0.015
12291.8;0.055
12292.3;0.044
12292.8;0.026
12293.3;0.061
12293.8;0.025
12294.3;0.088
12294.8;0.066
12295.3;0.044
12295.8;0.08
12296.3;0.013
12296.8;0.029
12297.3;0.027
12297.8;0.009
12298.3;0.028
12298.8;0.027
12299.3;0.047
12299.8;0.061
12300.3;0.015
12300.8;0.021
12301.3;0.03
12301.8;0.024
12302.3;0.023
12302.8;0.035
12303.3;0.055
12303.8;0.057
12304.3;0.038
12304.8;0.022
12305.3;0.028
12305.8;0.023
12306.3;0.046
12306.8;0.055
12307.3;0.068
12307.8;0.057
12308.3;0.078
12308.8;0.089
12309.3;0.053
12309.8;0.026
12310.3;0.044
12310.8;0.003
12311.3;0.035
12311.8;0.03
12312.3;0.071
12312.8;0.065
12313.3;0.055
12313.8;0.057
12314.3;0.038
12314.8;0.02
12315.3;0.065
12315.8;0.028
12316.3;0.018
12316.8;0.035
12317.3;0.033
12317.8;0.032
12318.3;0.039
12318.8;0.04
12319.3;0.064
12319.8;0.061
12320.3;0.074
12320.8;0.033
12321.3;0.034
12321.8;0.034
12322.3;0.031
12322.8;0.053
12323.3;0.062
12323.8;0.069
12324.3;0.062
12324.8;0.062
12325.3;0.055
12325.8;0.058
12326.3;0.067
12326.8;0.047
12327.3;0.065
12327.8;0.06
12328.3;0.102
12328.8;0.095
12329.3;0.056
12329.8;0.092
12330.3;0.056
12330.8;0.052
12331.3;0.065
12331.8;0.051
12332.3;0.06
12332.8;0.052
12333.3;0.029
12333.8;0.014
12334.3;0.061
12334.8;0.085
12335.3;0.064
12335.8;0.064
12336.3;0.083
12336.8;0.046
12337.3;0.02
12337.8;0.025
12338.3;0.007
12338.8;0.004
12339.3;0.028
12339.8;0.041
12340.3;0.082
12340.8;0.014
12341.3;0.027
12341.8;0.022
12342.3;0.033
12342.8;0.051
12343.3;0.013
12343.8;0.02
12344.3;0.018
12344.8;0.027
12345.3;0.04
12345.8;0.069
12346.3;0.031
12346.8;0.016
12347.3;0.065
12347.8;0.029
12348.3;0.029
12348.8;0.019
12349.3;0.025
12349.8;0.04
12350.3;0.063
12350.8;0.061
12351.3;0.034
12351.8;0.011
12352.3;0.031
12352.8;0.03
12353.3;0.076
12353.8;0.026
12354.3;0.029
12354.8;0.04
12355.3;0.035
12355.8;0.027
12356.3;0.023
12356.8;0.018
12357.3;0.027
12357.8;0.111
12358.3;0.087
12358.8;0.1
12359.3;0.074
12359.8;0.012
12360.3;0.024
12360.8;0.032
12361.3;0.019
12361.8;0.035
12362.3;0.016
12362.8;0.08
12363.3;0.046
12363.8;0.06
12364.3;0.046
12364.8;0.029
12365.3;0.042
12365.8;0.03
12366.3;0.067
12366.8;0.024
12367.3;0.009
12367.8;0.06
12368.3;0.028
12368.8;0.006
12369.3;0.028
12369.8;0.028
12370.3;0.046
12370.8;0.034
12371.3;0.015
12371.8;0.084
12372.3;0.105
12372.8;0.024
12373.3;0.041
12373.8;0.07
12374.3;0.044
12374.8;0.056
12375.3;0.034
12375.8;0.015
12376.3;0.043
12376.8;0.043
12377.3;0.021
12377.8;0.041
12378.3;0.043
12378.8;0.043
12379.3;0.003
12379.8;0.023
12380.3;0.045
12380.8;0.03
12381.3;0.015
12381.8;0.073
12382.3;0.047
12382.8;0.023
12383.3;0.014
12383.8;0.064
12384.3;0.041
12384.8;0.003
12385.3;0.031
12385.8;0.048
12386.3;0.01
12386.8;0.036
12387.3;0.05
12387.8;0.02
12388.3;0.053
12388.8;0.022
12389.3;0.009
12389.8;0.016
12390.3;0.031
12390.8;0.011
12391.3;0.032
12391.8;0.025
12392.3;0.018
12392.8;0.057
12393.3;0.024
12393.8;0.085
12394.3;0.037
12394.8;0.04
12395.3;0.07
12395.8;0.027
12396.3;0.013
12396.8;0.031
12397.3;0.019
12397.8;0.022
12398.3;0.05
12398.8;0.052
12399.3;0.018
12399.8;0.039
12400.3;0.016
12400.8;0.041
12401.3;0.04
12401.8;0.028
12402.3;0.053
12402.8;0.033
12403.3;0.05
12403.8;0.048
12404.3;0.032
12404.8;0.065
12405.3;0.019
12405.8;0.022
12406.3;0.03
12406.8;0.026
12407.3;0.021
12407.8;0.002
12408.3;0.039
12408.8;0.034
12409.3;0.033
12409.8;0.029
12410.3;0.022
12410.8;0.023
12411.3;0.045
12411.8;0.017
12412.3;0.021
12412.8;0.049
12413.3;0.029
12413.8;0.032
12414.3;0.018
12414.8;0.005
12415.3;0.03
12415.8;0.022
12416.3;0.014
12416.8;0.019
12417.3;0.036
12417.8;0.024
12418.3;0.027
12418.8;0.02
12419.3;0.024
12419.8;0.029
12420.3;0.029
12420.8;0.032
12421.3;0.02
12421.8;0.027
12422.3;0.026
12422.8;0.003
12423.3;0.012
12423.8;0.009
12424.3;0.015
12424.8;0.011
12425.3;0.007
12425.8;0.012
12426.3;0.02
12426.8;0.007
12427.3;0.024
12427.8;0.035
12428.3;0.022
12428.8;0.03
12429.3;0.013
12429.8;0.031
12430.3;0.02
12430.8;0.009
12431.3;0.037
12431.8;0.031
12432.3;0.038
12432.8;0.034
12433.3;0.026
12433.8;0.036
12434.3;0.024
12434.8;0.031
12435.3;0.038
12435.8;0.023
12436.3;0.041
12436.8;0.039
12437.3;0.028
12437.8;0.028
12438.3;0.015
12438.8;0.039
12439.3;0.037
12439.8;0.004
12440.3;0.023
12440.8;0.003
12441.3;0.02
12441.8;0.015
12442.3;0.025
12442.8;0.012
12443.3;0.031
12443.8;0.003
12444.3;0.023
12444.8;0.028
12445.3;0.007
12445.8;0.037
12446.3;0.028
12446.8;0.031
12447.3;0.042
12447.8;0.008
12448.3;0.037
12448.8;0.017
12449.3;0.021
12449.8;0.03
12450.3;0.019
12450.8;0.05
12451.3;0.024
12451.8;0.028
12452.3;0.025
12452.8;0.006
12453.3;0.028
12453.8;0.007
12454.3;0.024
12454.8;0.03
12455.3;0.017
12455.8;0.019
12456.3;0.002
12456.8;0.016
12457.3;0.014
12457.8;0.015
12458.3;0.02
12458.8;0.013
12459.3;0.013
12459.8;0.006
12460.3;0.022
12460.8;0.022
12461.3;0.024
12461.8;0.032
12462.3;0.015
12462.8;0.02
12463.3;0.02
12463.8;0.016
12464.3;0.038
12464.8;0.023
12465.3;0.028
12465.8;0.03
12466.3;0.001
12466.8;0.024
12467.3;0.011
12467.8;0.027
12468.3;0.037
12468.8;0.018
12469.3;0.016
12469.8;0.017
12470.3;0.005
12470.8;0.021
12471.3;0.023
12471.8;0.021
12472.3;0.027
12472.8;0.02
12473.3;0.003
12473.8;0.009
12474.3;0.004
12474.8;0.024
12475.3;0.033
12475.8;0.018
12476.3;0.016
12476.8;0.01
12477.3;0.008
12477.8;0.028
12478.3;0.012
12478.8;0.029
12479.3;0.036
12479.8;0.009
12480.3;0.021
12480.8;0.013
12481.3;0.027
12481.8;0.033
12482.3;0.012
12482.8;0.02
12483.3;0.022
12483.8;0.007
12484.3;0.026
12484.8;0.017
12485.3;0.028
12485.8;0.031
12486.3;0.023
12486.8;0.007
12487.3;0.014
12487.8;0.019
12488.3;0.017
12488.8;0.031
12489.3;0.023
12489.8;0.031
12490.3;0.026
12490.8;0.015
12491.3;0.032
12491.8;0.019
12492.3;0.012
12492.8;0.025
12493.3;0.005
12493.8;0.027
12494.3;0.011
12494.8;0.022
12495.3;0.025
12495.8;0.011
12496.3;0.015
12496.8;0.011
12497.3;0.014
12497.8;0.015
12498.3;0.025
12498.8;0.024
12499.3;0.013
12499.8;0.019
12500.3;0.011
12500.8;0.017
12501.3;0.011
12501.8;0.026
12502.3;0.046
12502.8;0.017
12503.3;0.02
12503.8;0.016
12504.3;0.023
12504.8;0.019
12505.3;0.003
12505.8;0.028
12506.3;0.027
12506.8;0.015
12507.3;0.013
12507.8;0.024
12508.3;0.026
12508.8;0.009
12509.3;0.015
12509.8;0.012
12510.3;0.011
12510.8;0.014
12511.3;0.015
12511.8;0.025
12512.3;0.022
12512.8;0.024
12513.3;0.02
12513.8;0.009
12514.3;0.013
12514.8;0.008
12515.3;0.019
12515.8;0.02
12516.3;0.022
12516.8;0.034
12517.3;0.019
12517.8;0.02
12518.3;0.017
12518.8;0.014
12519.3;0.013
12519.8;0.01
12520.3;0.02
12520.8;0.03
12521.3;0.021
12521.8;0.019
12522.3;0.027
12522.8;0.019
12523.3;0.005
12523.8;0.008
12524.3;0.016
12524.8;0.021
12525.3;0.018
12525.8;0.024
12526.3;0.028
12526.8;0.015
12527.3;0.012
12527.8;0.015
12528.3;0.018
12528.8;0.014
12529.3;0.022
12529.8;0.029
12530.3;0.021
12530.8;0.012
12531.3;0.012
12531.8;0.011
12532.3;0.016
12532.8;0.014
12533.3;0.029
12533.8;0.029
12534.3;0.03
12534.8;0.026
12535.3;0.023
12535.8;0.012
12536.3;0.006
12536.8;0.005
12537.3;0.017
12537.8;0.024
12538.3;0.031
12538.8;0.033
12539.3;0.029
12539.8;0.022
12540.3;0.028
12540.8;0.017
12541.3;0.005
12541.8;0.004
12542.3;0.011
12542.8;0.021
12543.3;0.02
12543.8;0.021
12544.3;0.029
12544.8;0.025
12545.3;0.019
12545.8;0.014
12546.3;0.017
12546.8;0.012
12547.3;0.009
12547.8;0.014
12548.3;0.016
12548.8;0.02
12549.3;0.014
12549.8;0.018
12550.3;0.021
12550.8;0.017
12551.3;0.019
12551.8;0.017
12552.3;0.015
12552.8;0.016
12553.3;0.015
12553.8;0.017
12554.3;0.017
12554.8;0.017
12555.3;0.017
12555.8;0.016
12556.3;0.013
12556.8;0.016
12557.3;0.016
12557.8;0.018
12558.3;0.019
12558.8;0.018
12559.3;0.02
12559.8;0.018
12560.3;0.016
12560.8;0.014
12561.3;0.013
12561.8;0.014
12562.3;0.017
12562.8;0.018
12563.3;0.021
12563.8;0.022
12564.3;0.021
12564.8;0.018
12565.3;0.017
12565.8;0.015
12566.3;0.016
12566.8;0.013
12567.3;0.015
12567.8;0.017
12568.3;0.017
12568.8;0.019
12569.3;0.018
12569.8;0.013
12570.3;0.017
12570.8;0.017
12571.3;0.017
12571.8;0.016
12572.3;0.016
12572.8;0.018
12573.3;0.017
12573.8;0.015
12574.3;0.017
12574.8;0.016
12575.3;0.016
12575.8;0.015
12576.3;0.019
12576.8;0.02
12577.3;0.017
12577.8;0.017
12578.3;0.019
12578.8;0.016
12579.3;0.016
12579.8;0.016
12580.3;0.016
12580.8;0.015
12581.3;0.015
12581.8;0.017
12582.3;0.016
12582.8;0.018
12583.3;0.018
12583.8;0.017
12584.3;0.017
12584.8;0.016
12585.3;0.018
12585.8;0.015
12586.3;0.014
12586.8;0.016
12587.3;0.015
12587.8;0.017
12588.3;0.018
12588.8;0.017
12589.3;0.018
12589.8;0.019
12590.3;0.018
12590.8;0.017
12591.3;0.014
12591.8;0.015
12592.3;0.016
12592.8;0.016
12593.3;0.014
12593.8;0.016
12594.3;0.017
12594.8;0.016
12595.3;0.018
12595.8;0.017
12596.3;0.017
12596.8;0.015
12597.3;0.016
12597.8;0.016
12598.3;0.018
12598.8;0.016
12599.3;0.016
12599.8;0.016
12600.3;0.014
12600.8;0.017
12601.3;0.015
12601.8;0.017
12602.3;0.019
12602.8;0.018
12603.3;0.018
12603.8;0.018
12604.3;0.015
12604.8;0.016
12605.3;0.014
12605.8;0.015
12606.3;0.016
12606.8;0.016
12607.3;0.018
12607.8;0.016
12608.3;0.018
12608.8;0.016
12609.3;0.017
12609.8;0.017
12610.3;0.017
12610.8;0.018
12611.3;0.015
12611.8;0.016
12612.3;0.017
12612.8;0.017
12613.3;0.016
12613.8;0.015
12614.3;0.016
12614.8;0.016
12615.3;0.018
12615.8;0.017
12616.3;0.015
12616.8;0.017
12617.3;0.016
12617.8;0.015
12618.3;0.017
12618.8;0.015
12619.3;0.017
12619.8;0.016
12620.3;0.018
12620.8;0.016
12621.3;0.018
12621.8;0.017
12622.3;0.017
12622.8;0.016
12623.3;0.017
12623.8;0.018
12624.3;0.016
12624.8;0.017
12625.3;0.017
12625.8;0.016
12626.3;0.017
12626.8;0.016
12627.3;0.017
12627.8;0.017
12628.3;0.015
12628.8;0.017
12629.3;0.017
12629.8;0.017
12630.3;0.017
12630.8;0.017
12631.3;0.017
12631.8;0.015
12632.3;0.017
12632.8;0.016
12633.3;0.015
12633.8;0.015
12634.3;0.016
12634.8;0.016
12635.3;0.018
12635.8;0.018
12636.3;0.018
12636.8;0.015
12637.3;0.017
12637.8;0.018
12638.3;0.017
12638.8;0.017
12639.3;0.017
12639.8;0.018
12640.3;0.015
12640.8;0.015
12641.3;0.018
12641.8;0.017
12642.3;0.017
12642.8;0.016
12643.3;0.017
12643.8;0.018
12644.3;0.016
12644.8;0.017
12645.3;0.016
12645.8;0.016
12646.3;0.016
12646.8;0.018
12647.3;0.016
12647.8;0.017
12648.3;0.017
12648.8;0.016
12649.3;0.015
12649.8;0.015
12650.3;0.017
12650.8;0.016
12651.3;0.016
12651.8;0.017
12652.3;0.018
12652.8;0.016
12653.3;0.017
12653.8;0.015
12654.3;0.016
12654.8;0.017
12655.3;0.016
12655.8;0.017
12656.3;0.015
12656.8;0.016
12657.3;0.016
12657.8;0.017
12658.3;0.017
12658.8;0.016
12659.3;0.015
12659.8;0.016
12660.3;0.017
12660.8;0.017
12661.3;0.017
12661.8;0.016
12662.3;0.016
12662.8;0.017
12663.3;0.017
12663.8;0.017
12664.3;0.017
12664.8;0.016
12665.3;0.016
12665.8;0.017
12666.3;0.015
12666.8;0.016
12667.3;0.015
12667.8;0.017
12668.3;0.016
12668.8;0.018
12669.3;0.016
12669.8;0.016
12670.3;0.016
12670.8;0.015
12671.3;0.017
12671.8;0.016
12672.3;0.016
12672.8;0.015
12673.3;0.018
12673.8;0.017
12674.3;0.016
12674.8;0.017
12675.3;0.017
12675.8;0.016
12676.3;0.017
12676.8;0.017
12677.3;0.016
12677.8;0.017
12678.3;0.017
12678.8;0.017
12679.3;0.017
12679.8;0.016
12680.3;0.016
12680.8;0.014
12681.3;0.017
12681.8;0.017
12682.3;0.016
12682.8;0.016
12683.3;0.016
12683.8;0.017
12684.3;0.015
12684.8;0.017
12685.3;0.017
12685.8;0.016
12686.3;0.017
12686.8;0.016
12687.3;0.015
12687.8;0.017
12688.3;0.016
12688.8;0.017
12689.3;0.017
12689.8;0.018
12690.3;0.016
12690.8;0.016
12691.3;0.016
12691.8;0.017
12692.3;0.017
12692.8;0.016
12693.3;0.017
12693.8;0.015
12694.3;0.016
12694.8;0.016
12695.3;0.016
12695.8;0.016
12696.3;0.016
12696.8;0.017
12697.3;0.016
12697.8;0.016
12698.3;0.017
12698.8;0.016
12699.3;0.016
12699.8;0.015
12700.3;0.017
12700.8;0.016
12701.3;0.015
12701.8;0.017
12702.3;0.018
12702.8;0.016
12703.3;0.017
12703.8;0.016
12704.3;0.016
12704.8;0.015
12705.3;0.016
12705.8;0.017
12706.3;0.015
12706.8;0.017
12707.3;0.016
12707.8;0.016
12708.3;0.015
12708.8;0.016
12709.3;0.015
12709.8;0.015
12710.3;0.015
12710.8;0.017
12711.3;0.016
12711.8;0.017
12712.3;0.016
12712.8;0.016
12713.3;0.016
12713.8;0.017
12714.3;0.015
12714.8;0.017
12715.3;0.017
12715.8;0.016
12716.3;0.017
12716.8;0.017
12717.3;0.018
12717.8;0.016
12718.3;0.016
12718.8;0.014
12719.3;0.015
12719.8;0.016
12720.3;0.016
12720.8;0.015
12721.3;0.016
12721.8;0.016
12722.3;0.017
12722.8;0.015
12723.3;0.017
12723.8;0.016
12724.3;0.015
12724.8;0.017
12725.3;0.015
12725.8;0.015
12726.3;0.018
12726.8;0.016
12727.3;0.016
12727.8;0.017
12728.3;0.016
12728.8;0.016
12729.3;0.016
12729.8;0.017
12730.3;0.016
12730.8;0.016
12731.3;0.016
12731.8;0.016
12732.3;0.016
12732.8;0.016
12733.3;0.016
12733.8;0.017
12734.3;0.015
12734.8;0.015
12735.3;0.017
12735.8;0.018
12736.3;0.016
12736.8;0.016
12737.3;0.015
12737.8;0.017
12738.3;0.016
12738.8;0.016
12739.3;0.016
12739.8;0.016
12740.3;0.017
12740.8;0.016
12741.3;0.015
12741.8;0.016
12742.3;0.016
12742.8;0.017
12743.3;0.016
12743.8;0.016
12744.3;0.017
12744.8;0.016
12745.3;0.015
12745.8;0.016
12746.3;0.016
12746.8;0.016
12747.3;0.016
12747.8;0.017
12748.3;0.016
12748.8;0.017
12749.3;0.015
12749.8;0.017
12750.3;0.015
12750.8;0.015
12751.3;0.018
12751.8;0.016
12752.3;0.016
12752.8;0.016
12753.3;0.015
12753.8;0.017
12754.3;0.016
12754.8;0.015
12755.3;0.017
12755.8;0.017
12756.3;0.016
12756.8;0.016
12757.3;0.016
12757.8;0.016
12758.3;0.015
12758.8;0.017
12759.3;0.016
12759.8;0.014
12760.3;0.016
12760.8;0.016
12761.3;0.016
12761.8;0.016
12762.3;0.017
12762.8;0.016
12763.3;0.018
12763.8;0.016
12764.3;0.016
12764.8;0.015
12765.3;0.015
12765.8;0.016
12766.3;0.016
12766.8;0.017
12767.3;0.017
12767.8;0.017
12768.3;0.016
12768.8;0.015
12769.3;0.016
12769.8;0.016
12770.3;0.015
12770.8;0.018
12771.3;0.016
12771.8;0.015
12772.3;0.017
12772.8;0.016
12773.3;0.015
12773.8;0.017
12774.3;0.016
12774.8;0.017
12775.3;0.016
12775.8;0.014
12776.3;0.015
12776.8;0.017
12777.3;0.016
12777.8;0.016
12778.3;0.017
12778.8;0.016
12779.3;0.016
12779.8;0.017
12780.3;0.017
12780.8;0.017
12781.3;0.015
12781.8;0.017
12782.3;0.017
12782.8;0.016
12783.3;0.015
12783.8;0.016
12784.3;0.015
12784.8;0.016
12785.3;0.015
12785.8;0.015
12786.3;0.017
12786.8;0.015
12787.3;0.016
12787.8;0.017
12788.3;0.015
12788.8;0.015
12789.3;0.016
12789.8;0.018
12790.3;0.016
12790.8;0.014
12791.3;0.015
12791.8;0.016
12792.3;0.016
12792.8;0.016
12793.3;0.016
12793.8;0.016
12794.3;0.017
12794.8;0.015
12795.3;0.018
12795.8;0.016
12796.3;0.017
12796.8;0.017
12797.3;0.016
12797.8;0.015
12798.3;0.017
12798.8;0.016
12799.3;0.016
12799.8;0.016
12800.3;0.016
12800.8;0.016
12801.3;0.016
12801.8;0.017
12802.3;0.016
12802.8;0.016
12803.3;0.016
12803.8;0.015
12804.3;0.016
12804.8;0.016
12805.3;0.016
12805.8;0.015
12806.3;0.016
12806.8;0.016
12807.3;0.015
12807.8;0.016
12808.3;0.015
12808.8;0.015
12809.3;0.016
12809.8;0.017
12810.3;0.016
12810.8;0.015
12811.3;0.015
12811.8;0.017
12812.3;0.017
12812.8;0.016
12813.3;0.015
12813.8;0.017
12814.3;0.015
12814.8;0.016
12815.3;0.017
12815.8;0.017
12816.3;0.015
12816.8;0.016
12817.3;0.016
12817.8;0.016
12818.3;0.016
12818.8;0.015
12819.3;0.015
12819.8;0.014
12820.3;0.016
12820.8;0.017
12821.3;0.016
12821.8;0.015
12822.3;0.015
12822.8;0.016
12823.3;0.016
12823.8;0.016
12824.3;0.016
12824.8;0.015
12825.3;0.017
12825.8;0.016
12826.3;0.017
12826.8;0.016
12827.3;0.017
12827.8;0.015
12828.3;0.016
12828.8;0.018
12829.3;0.016
12829.8;0.016
12830.3;0.016
12830.8;0.016
12831.3;0.016
12831.8;0.014
12832.3;0.015
12832.8;0.016
12833.3;0.015
12833.8;0.016
12834.3;0.016
12834.8;0.017
12835.3;0.017
12835.8;0.016
12836.3;0.017
12836.8;0.016
12837.3;0.016
12837.8;0.017
12838.3;0.016
12838.8;0.017
12839.3;0.016
12839.8;0.016
12840.3;0.016
12840.8;0.017
12841.3;0.016
12841.8;0.016
12842.3;0.017
12842.8;0.015
12843.3;0.015
12843.8;0.016
12844.3;0.015
12844.8;0.016
12845.3;0.016
12845.8;0.017
12846.3;0.016
12846.8;0.016
12847.3;0.017
12847.8;0.015
12848.3;0.017
12848.8;0.015
12849.3;0.017
12849.8;0.016
12850.3;0.017
12850.8;0.015
12851.3;0.015
12851.8;0.014
12852.3;0.016
12852.8;0.016
12853.3;0.015
12853.8;0.017
12854.3;0.015
12854.8;0.016
12855.3;0.017
12855.8;0.016
12856.3;0.014
12856.8;0.016
12857.3;0.014
12857.8;0.016
12858.3;0.014
12858.8;0.015
12859.3;0.016
12859.8;0.017
12860.3;0.015
12860.8;0.018
12861.3;0.016
12861.8;0.015
12862.3;0.017
12862.8;0.017
12863.3;0.017
12863.8;0.015
12864.3;0.016
12864.8;0.016
12865.3;0.016
12865.8;0.016
12866.3;0.017
12866.8;0.015
12867.3;0.016
12867.8;0.015
12868.3;0.015
12868.8;0.016
12869.3;0.016
12869.8;0.016
12870.3;0.016
12870.8;0.016
12871.3;0.016
12871.8;0.016
12872.3;0.016
12872.8;0.016
12873.3;0.016
12873.8;0.017
12874.3;0.017
12874.8;0.016
12875.3;0.016
12875.8;0.017
12876.3;0.017
12876.8;0.016
12877.3;0.016
12877.8;0.016
12878.3;0.016
12878.8;0.017
12879.3;0.015
12879.8;0.016
12880.3;0.017
12880.8;0.015
12881.3;0.015
12881.8;0.016
12882.3;0.015
12882.8;0.016
12883.3;0.016
12883.8;0.016
12884.3;0.014
12884.8;0.016
12885.3;0.016
12885.8;0.016
12886.3;0.017
12886.8;0.016
12887.3;0.015
12887.8;0.016
12888.3;0.015
12888.8;0.015
12889.3;0.017
12889.8;0.015
12890.3;0.016
12890.8;0.016
12891.3;0.016
12891.8;0.016
12892.3;0.015
12892.8;0.016
12893.3;0.016
12893.8;0.016
12894.3;0.016
12894.8;0.016
12895.3;0.015
12895.8;0.015
12896.3;0.016
12896.8;0.016
12897.3;0.016
12897.8;0.016
12898.3;0.016
12898.8;0.016
12899.3;0.016
12899.8;0.015
12900.3;0.016
12900.8;0.017
12901.3;0.016
12901.8;0.016
12902.3;0.016
12902.8;0.017
12903.3;0.016
12903.8;0.016
12904.3;0.016
12904.8;0.016
12905.3;0.015
12905.8;0.017
12906.3;0.016
12906.8;0.015
12907.3;0.017
12907.8;0.015
12908.3;0.015
12908.8;0.015
12909.3;0.015
12909.8;0.016
12910.3;0.015
12910.8;0.014
12911.3;0.016
12911.8;0.016
12912.3;0.014
12912.8;0.017
12913.3;0.015
12913.8;0.016
12914.3;0.015
12914.8;0.016
12915.3;0.016
12915.8;0.016
12916.3;0.017
12916.8;0.016
12917.3;0.016
12917.8;0.015
12918.3;0.016
12918.8;0.015
12919.3;0.016
12919.8;0.015
12920.3;0.016
12920.8;0.015
12921.3;0.016
12921.8;0.015
12922.3;0.017
12922.8;0.015
12923.3;0.016
12923.8;0.016
12924.3;0.016
12924.8;0.016
12925.3;0.016
12925.8;0.016
12926.3;0.015
12926.8;0.016
12927.3;0.016
12927.8;0.016
12928.3;0.015
12928.8;0.015
12929.3;0.016
12929.8;0.016
12930.3;0.017
12930.8;0.014
12931.3;0.016
12931.8;0.014
12932.3;0.017
12932.8;0.015
12933.3;0.015
12933.8;0.016
12934.3;0.016
12934.8;0.016
12935.3;0.016
12935.8;0.017
12936.3;0.016
12936.8;0.016
12937.3;0.015
12937.8;0.015
12938.3;0.016
12938.8;0.016
12939.3;0.017
12939.8;0.015
12940.3;0.016
12940.8;0.017
12941.3;0.017
12941.8;0.014
12942.3;0.016
12942.8;0.015
12943.3;0.016
12943.8;0.015
12944.3;0.016
12944.8;0.015
12945.3;0.016
12945.8;0.015
12946.3;0.016
12946.8;0.016
12947.3;0.017
12947.8;0.014
12948.3;0.017
12948.8;0.016
12949.3;0.016
12949.8;0.016
12950.3;0.016
12950.8;0.016
12951.3;0.015
12951.8;0.015
12952.3;0.016
12952.8;0.016
12953.3;0.017
12953.8;0.016
12954.3;0.015
12954.8;0.017
12955.3;0.016
12955.8;0.015
12956.3;0.015
12956.8;0.016
12957.3;0.015
12957.8;0.017
12958.3;0.015
12958.8;0.016
12959.3;0.016
12959.8;0.015
12960.3;0.017
12960.8;0.016
12961.3;0.016
12961.8;0.016
12962.3;0.015
12962.8;0.015
12963.3;0.015
12963.8;0.016
12964.3;0.016
12964.8;0.016
12965.3;0.017
12965.8;0.015
12966.3;0.016
12966.8;0.015
12967.3;0.016
12967.8;0.014
12968.3;0.016
12968.8;0.015
12969.3;0.014
12969.8;0.015
12970.3;0.016
12970.8;0.015
12971.3;0.016
12971.8;0.016
12972.3;0.017
12972.8;0.017
12973.3;0.016
12973.8;0.017
12974.3;0.014
12974.8;0.016
12975.3;0.015
12975.8;0.016
12976.3;0.016
12976.8;0.016
12977.3;0.015
12977.8;0.016
12978.3;0.016
12978.8;0.016
12979.3;0.016
12979.8;0.016
12980.3;0.017
12980.8;0.014
12981.3;0.017
12981.8;0.015
12982.3;0.016
12982.8;0.015
12983.3;0.016
12983.8;0.015
12984.3;0.016
12984.8;0.016
12985.3;0.015
12985.8;0.016
12986.3;0.016
12986.8;0.016
12987.3;0.016
12987.8;0.015
12988.3;0.017
12988.8;0.016
12989.3;0.016
12989.8;0.015
12990.3;0.015
12990.8;0.016
12991.3;0.014
12991.8;0.014
12992.3;0.016
12992.8;0.015
12993.3;0.015
12993.8;0.016
12994.3;0.016
12994.8;0.015
12995.3;0.014
12995.8;0.017
12996.3;0.015
12996.8;0.015
12997.3;0.017
12997.8;0.015
12998.3;0.016
12998.8;0.016
12999.3;0.015
12999.8;0.016
13000.3;0.017
13000.8;0.016
13001.3;0.016
13001.8;0.016
13002.3;0.016
13002.8;0.016
13003.3;0.015
13003.8;0.015
13004.3;0.015
13004.8;0.017
13005.3;0.015
13005.8;0.015
13006.3;0.015
13006.8;0.015
13007.3;0.017
13007.8;0.017
13008.3;0.014
13008.8;0.016
13009.3;0.016
13009.8;0.016
13010.3;0.016
13010.8;0.016
13011.3;0.016
13011.8;0.016
13012.3;0.016
13012.8;0.016
13013.3;0.016
13013.8;0.016
13014.3;0.015
13014.8;0.015
13015.3;0.016
13015.8;0.016
13016.3;0.015
13016.8;0.014
13017.3;0.015
13017.8;0.016
13018.3;0.015
13018.8;0.017
13019.3;0.016
13019.8;0.014
13020.3;0.016
13020.8;0.016
13021.3;0.016
13021.8;0.016
13022.3;0.016
13022.8;0.017
13023.3;0.015
13023.8;0.017
13024.3;0.017
13024.8;0.016
13025.3;0.015
13025.8;0.016
13026.3;0.016
13026.8;0.015
13027.3;0.016
13027.8;0.015
13028.3;0.016
13028.8;0.016
13029.3;0.016
13029.8;0.015
13030.3;0.015
13030.8;0.014
13031.3;0.016
13031.8;0.017
13032.3;0.014
13032.8;0.017
13033.3;0.015
13033.8;0.017
13034.3;0.016
13034.8;0.016
13035.3;0.015
13035.8;0.017
13036.3;0.016
13036.8;0.016
13037.3;0.017
13037.8;0.016
13038.3;0.015
13038.8;0.016
13039.3;0.015
13039.8;0.016
13040.3;0.015
13040.8;0.015
13041.3;0.015
13041.8;0.015
13042.3;0.015
13042.8;0.015
13043.3;0.016
13043.8;0.016
13044.3;0.015
13044.8;0.016
13045.3;0.016
13045.8;0.016
13046.3;0.014
13046.8;0.015
13047.3;0.015
13047.8;0.015
13048.3;0.015
13048.8;0.017
13049.3;0.014
13049.8;0.016
13050.3;0.017
13050.8;0.014
13051.3;0.016
13051.8;0.017
13052.3;0.015
13052.8;0.016
13053.3;0.015
13053.8;0.015
13054.3;0.015
13054.8;0.016
13055.3;0.015
13055.8;0.015
13056.3;0.018
13056.8;0.015
13057.3;0.015
13057.8;0.016
13058.3;0.015
13058.8;0.014
13059.3;0.017
13059.8;0.015
13060.3;0.016
13060.8;0.016
13061.3;0.015
13061.8;0.017
13062.3;0.015
13062.8;0.017
13063.3;0.016
13063.8;0.016
13064.3;0.016
13064.8;0.016
13065.3;0.016
13065.8;0.015
13066.3;0.015
13066.8;0.016
13067.3;0.016
13067.8;0.016
13068.3;0.017
13068.8;0.014
13069.3;0.015
13069.8;0.014
13070.3;0.017
13070.8;0.015
13071.3;0.017
13071.8;0.015
13072.3;0.015
13072.8;0.015
13073.3;0.014
13073.8;0.015
13074.3;0.016
13074.8;0.015
13075.3;0.016
13075.8;0.014
13076.3;0.016
13076.8;0.017
13077.3;0.015
13077.8;0.016
13078.3;0.016
13078.8;0.016
13079.3;0.016
13079.8;0.015
13080.3;0.013
13080.8;0.015
13081.3;0.016
13081.8;0.016
13082.3;0.015
13082.8;0.015
13083.3;0.016
13083.8;0.016
13084.3;0.015
13084.8;0.014
13085.3;0.016
13085.8;0.016
13086.3;0.016
13086.8;0.015
13087.3;0.016
13087.8;0.016
13088.3;0.017
13088.8;0.015
13089.3;0.015
13089.8;0.015
13090.3;0.016
13090.8;0.016
13091.3;0.017
13091.8;0.015
13092.3;0.017
13092.8;0.016
13093.3;0.015
13093.8;0.016
13094.3;0.015
13094.8;0.017
13095.3;0.016
13095.8;0.015
13096.3;0.015
13096.8;0.017
13097.3;0.016
13097.8;0.015
13098.3;0.015
13098.8;0.015
13099.3;0.016
13099.8;0.017
13100.3;0.015
13100.8;0.016
13101.3;0.016
13101.8;0.016
13102.3;0.015
13102.8;0.014
13103.3;0.016
13103.8;0.016
13104.3;0.015
13104.8;0.016
13105.3;0.014
13105.8;0.017
13106.3;0.016
13106.8;0.016
13107.3;0.015
13107.8;0.014
13108.3;0.016
13108.8;0.016
13109.3;0.015
13109.8;0.016
13110.3;0.015
13110.8;0.015
13111.3;0.015
13111.8;0.014
13112.3;0.017
13112.8;0.015
13113.3;0.015
13113.8;0.016
13114.3;0.016
13114.8;0.015
13115.3;0.015
13115.8;0.017
13116.3;0.015
13116.8;0.016
13117.3;0.014
13117.8;0.016
13118.3;0.016
13118.8;0.015
13119.3;0.015
13119.8;0.016
13120.3;0.016
13120.8;0.016
13121.3;0.016
13121.8;0.016
13122.3;0.015
13122.8;0.017
13123.3;0.016
13123.8;0.015
13124.3;0.015
13124.8;0.014
13125.3;0.016
13125.8;0.015
13126.3;0.015
13126.8;0.016
13127.3;0.016
13127.8;0.016
13128.3;0.015
13128.8;0.015
13129.3;0.015
13129.8;0.014
13130.3;0.016
13130.8;0.016
13131.3;0.016
13131.8;0.015
13132.3;0.016
13132.8;0.016
13133.3;0.016
13133.8;0.015
13134.3;0.015
13134.8;0.016
13135.3;0.015
13135.8;0.015
13136.3;0.016
13136.8;0.015
13137.3;0.014
13137.8;0.016
13138.3;0.016
13138.8;0.015
13139.3;0.016
13139.8;0.015
13140.3;0.015
13140.8;0.015
13141.3;0.015
13141.8;0.016
13142.3;0.015
13142.8;0.014
13143.3;0.016
13143.8;0.017
13144.3;0.014
13144.8;0.017
13145.3;0.017
13145.8;0.016
13146.3;0.016
13146.8;0.016
13147.3;0.017
13147.8;0.015
13148.3;0.015
13148.8;0.015
13149.3;0.015
13149.8;0.016
13150.3;0.016
13150.8;0.015
13151.3;0.016
13151.8;0.015
13152.3;0.015
13152.8;0.017
13153.3;0.015
13153.8;0.015
13154.3;0.016
13154.8;0.015
13155.3;0.016
13155.8;0.015
13156.3;0.014
13156.8;0.015
13157.3;0.014
13157.8;0.016
13158.3;0.016
13158.8;0.015
13159.3;0.016
13159.8;0.017
13160.3;0.015
13160.8;0.015
13161.3;0.017
13161.8;0.016
13162.3;0.014
13162.8;0.016
13163.3;0.017
13163.8;0.015
13164.3;0.015
13164.8;0.016
13165.3;0.015
13165.8;0.015
13166.3;0.016
13166.8;0.016
13167.3;0.015
13167.8;0.015
13168.3;0.015
13168.8;0.015
13169.3;0.015
13169.8;0.015
13170.3;0.016
13170.8;0.015
13171.3;0.014
13171.8;0.015
13172.3;0.016
13172.8;0.016
13173.3;0.015
13173.8;0.016
13174.3;0.016
13174.8;0.017
13175.3;0.015
13175.8;0.015
13176.3;0.015
13176.8;0.016
13177.3;0.015
13177.8;0.015
13178.3;0.015
13178.8;0.015
13179.3;0.015
13179.8;0.016
13180.3;0.016
13180.8;0.014
13181.3;0.016
13181.8;0.015
13182.3;0.014
13182.8;0.015
13183.3;0.013
13183.8;0.014
13184.3;0.015
13184.8;0.017
13185.3;0.016
13185.8;0.016
13186.3;0.016
13186.8;0.016
13187.3;0.015
13187.8;0.017
13188.3;0.014
13188.8;0.016
13189.3;0.016
13189.8;0.015
13190.3;0.017
13190.8;0.015
13191.3;0.014
13191.8;0.016
13192.3;0.016
13192.8;0.015
13193.3;0.014
13193.8;0.015
13194.3;0.015
13194.8;0.016
13195.3;0.016
13195.8;0.015
13196.3;0.015
13196.8;0.015
13197.3;0.015
13197.8;0.014
13198.3;0.016
13198.8;0.016
13199.3;0.015
13199.8;0.017
13200.3;0.015
13200.8;0.015
13201.3;0.016
13201.8;0.016
13202.3;0.016
13202.8;0.015
13203.3;0.014
13203.8;0.013
13204.3;0.015
13204.8;0.016
13205.3;0.015
13205.8;0.016
13206.3;0.015
13206.8;0.016
13207.3;0.015
13207.8;0.015
13208.3;0.015
13208.8;0.017
13209.3;0.016
13209.8;0.015
13210.3;0.014
13210.8;0.016
13211.3;0.016
13211.8;0.015
13212.3;0.014
13212.8;0.016
13213.3;0.015
13213.8;0.015
13214.3;0.016
13214.8;0.015
13215.3;0.015
13215.8;0.015
13216.3;0.015
13216.8;0.015
13217.3;0.015
13217.8;0.016
13218.3;0.015
13218.8;0.015
13219.3;0.016
13219.8;0.015
13220.3;0.015
13220.8;0.016
13221.3;0.016
13221.8;0.016
13222.3;0.015
13222.8;0.015
13223.3;0.014
13223.8;0.016
13224.3;0.016
13224.8;0.016
13225.3;0.016
13225.8;0.014
13226.3;0.016
13226.8;0.016
13227.3;0.015
13227.8;0.015
13228.3;0.015
13228.8;0.016
13229.3;0.016
13229.8;0.015
13230.3;0.017
13230.8;0.015
13231.3;0.016
13231.8;0.015
13232.3;0.016
13232.8;0.015
13233.3;0.015
13233.8;0.015
13234.3;0.014
13234.8;0.015
13235.3;0.015
13235.8;0.015
13236.3;0.015
13236.8;0.016
13237.3;0.015
13237.8;0.015
13238.3;0.015
13238.8;0.015
13239.3;0.016
13239.8;0.014
13240.3;0.015
13240.8;0.015
13241.3;0.017
13241.8;0.016
13242.3;0.016
13242.8;0.016
13243.3;0.014
13243.8;0.015
13244.3;0.015
13244.8;0.015
13245.3;0.015
13245.8;0.015
13246.3;0.017
13246.8;0.017
13247.3;0.015
13247.8;0.016
13248.3;0.015
13248.8;0.015
13249.3;0.016
13249.8;0.015
13250.3;0.015
13250.8;0.016
13251.3;0.015
13251.8;0.014
13252.3;0.016
13252.8;0.016
13253.3;0.015
13253.8;0.017
13254.3;0.015
13254.8;0.014
13255.3;0.015
13255.8;0.016
13256.3;0.014
13256.8;0.015
13257.3;0.015
13257.8;0.015
13258.3;0.015
13258.8;0.016
13259.3;0.016
13259.8;0.015
13260.3;0.015
13260.8;0.015
13261.3;0.015
13261.8;0.014
13262.3;0.015
13262.8;0.015
13263.3;0.015
13263.8;0.015
13264.3;0.016
13264.8;0.014
13265.3;0.014
13265.8;0.015
13266.3;0.015
13266.8;0.013
13267.3;0.016
13267.8;0.015
13268.3;0.016
13268.8;0.016
13269.3;0.015
13269.8;0.016
13270.3;0.015
13270.8;0.016
13271.3;0.015
13271.8;0.015
13272.3;0.015
13272.8;0.016
13273.3;0.016
13273.8;0.015
13274.3;0.014
13274.8;0.016
13275.3;0.016
13275.8;0.014
13276.3;0.016
13276.8;0.015
13277.3;0.016
13277.8;0.015
13278.3;0.015
13278.8;0.015
13279.3;0.017
13279.8;0.016
13280.3;0.014
13280.8;0.015
13281.3;0.014
13281.8;0.016
13282.3;0.015
13282.8;0.015
13283.3;0.016
13283.8;0.015
13284.3;0.015
13284.8;0.015
13285.3;0.015
13285.8;0.016
13286.3;0.016
13286.8;0.014
13287.3;0.014
13287.8;0.015
13288.3;0.014
13288.8;0.014
13289.3;0.016
13289.8;0.015
13290.3;0.015
13290.8;0.016
13291.3;0.016
13291.8;0.015
13292.3;0.014
13292.8;0.016
13293.3;0.015
13293.8;0.015
13294.3;0.016
13294.8;0.016
13295.3;0.015
13295.8;0.015
13296.3;0.016
13296.8;0.015
13297.3;0.015
13297.8;0.015
13298.3;0.016
13298.8;0.015
13299.3;0.015
13299.8;0.014
13300.3;0.015
13300.8;0.015
13301.3;0.014
13301.8;0.015
13302.3;0.016
13302.8;0.017
13303.3;0.014
13303.8;0.015
13304.3;0.015
13304.8;0.016
13305.3;0.017
13305.8;0.014
13306.3;0.016
13306.8;0.015
13307.3;0.014
13307.8;0.016
13308.3;0.016
13308.8;0.015
13309.3;0.015
13309.8;0.015
13310.3;0.014
13310.8;0.015
13311.3;0.016
13311.8;0.015
13312.3;0.014
13312.8;0.015
13313.3;0.016
13313.8;0.016
13314.3;0.015
13314.8;0.016
13315.3;0.015
13315.8;0.017
13316.3;0.015
13316.8;0.015
13317.3;0.015
13317.8;0.016
13318.3;0.015
13318.8;0.014
13319.3;0.017
13319.8;0.014
13320.3;0.015
13320.8;0.016
13321.3;0.015
13321.8;0.015
13322.3;0.014
13322.8;0.016
13323.3;0.014
13323.8;0.015
13324.3;0.016
13324.8;0.015
13325.3;0.016
13325.8;0.015
13326.3;0.015
13326.8;0.013
13327.3;0.016
13327.8;0.015
13328.3;0.016
13328.8;0.014
13329.3;0.014
13329.8;0.015
13330.3;0.015
13330.8;0.015
13331.3;0.014
13331.8;0.016
13332.3;0.016
13332.8;0.016
13333.3;0.015
13333.8;0.016
13334.3;0.016
13334.8;0.016
13335.3;0.014
13335.8;0.014
13336.3;0.016
13336.8;0.015
13337.3;0.015
13337.8;0.016
13338.3;0.015
13338.8;0.015
13339.3;0.014
13339.8;0.016
13340.3;0.016
13340.8;0.013
13341.3;0.015
13341.8;0.016
13342.3;0.016
13342.8;0.015
13343.3;0.014
13343.8;0.016
13344.3;0.016
13344.8;0.015
13345.3;0.013
13345.8;0.016
13346.3;0.015
13346.8;0.015
13347.3;0.015
13347.8;0.015
13348.3;0.015
13348.8;0.016
13349.3;0.016
13349.8;0.016
13350.3;0.014
13350.8;0.014
13351.3;0.015
13351.8;0.014
13352.3;0.015
13352.8;0.015
13353.3;0.015
13353.8;0.016
13354.3;0.014
13354.8;0.017
13355.3;0.014
13355.8;0.015
13356.3;0.015
13356.8;0.015
13357.3;0.015
13357.8;0.015
13358.3;0.016
13358.8;0.016
13359.3;0.015
13359.8;0.016
13360.3;0.015
13360.8;0.016
13361.3;0.016
13361.8;0.013
13362.3;0.016
13362.8;0.016
13363.3;0.014
13363.8;0.015
13364.3;0.015
13364.8;0.016
13365.3;0.014
13365.8;0.014
13366.3;0.015
13366.8;0.015
13367.3;0.015
13367.8;0.015
13368.3;0.015
13368.8;0.016
13369.3;0.014
13369.8;0.016
13370.3;0.015
13370.8;0.016
13371.3;0.015
13371.8;0.015
13372.3;0.015
13372.8;0.015
13373.3;0.015
13373.8;0.015
13374.3;0.015
13374.8;0.016
13375.3;0.015
13375.8;0.016
13376.3;0.015
13376.8;0.015
13377.3;0.015
13377.8;0.016
13378.3;0.016
13378.8;0.015
13379.3;0.016
13379.8;0.014
13380.3;0.014
13380.8;0.015
13381.3;0.015
13381.8;0.015
13382.3;0.015
13382.8;0.014
13383.3;0.015
13383.8;0.015
13384.3;0.015
13384.8;0.015
13385.3;0.015
13385.8;0.015
13386.3;0.016
13386.8;0.015
13387.3;0.015
13387.8;0.014
13388.3;0.015
13388.8;0.016
13389.3;0.017
13389.8;0.015
13390.3;0.015
13390.8;0.016
13391.3;0.014
13391.8;0.014
13392.3;0.013
13392.8;0.016
13393.3;0.016
13393.8;0.013
13394.3;0.014
13394.8;0.015
13395.3;0.016
13395.8;0.015
13396.3;0.015
13396.8;0.014
13397.3;0.015
13397.8;0.016
13398.3;0.015
13398.8;0.016
13399.3;0.016
13399.8;0.015
13400.3;0.015
13400.8;0.016
13401.3;0.015
13401.8;0.015
13402.3;0.015
13402.8;0.017
13403.3;0.015
13403.8;0.015
13404.3;0.014
13404.8;0.015
13405.3;0.016
13405.8;0.015
13406.3;0.015
13406.8;0.015
13407.3;0.017
13407.8;0.015
13408.3;0.015
13408.8;0.014
13409.3;0.015
13409.8;0.015
13410.3;0.014
13410.8;0.014
13411.3;0.016
13411.8;0.014
13412.3;0.016
13412.8;0.016
13413.3;0.015
13413.8;0.016
13414.3;0.015
13414.8;0.015
13415.3;0.014
13415.8;0.015
13416.3;0.016
13416.8;0.013
13417.3;0.015
13417.8;0.015
13418.3;0.016
13418.8;0.014
13419.3;0.015
13419.8;0.016
13420.3;0.014
13420.8;0.015
13421.3;0.015
13421.8;0.016
13422.3;0.016
13422.8;0.015
13423.3;0.015
13423.8;0.015
13424.3;0.016
13424.8;0.015
13425.3;0.014
13425.8;0.015
13426.3;0.013
13426.8;0.014
13427.3;0.016
13427.8;0.015
13428.3;0.016
13428.8;0.015
13429.3;0.017
13429.8;0.016
13430.3;0.015
13430.8;0.015
13431.3;0.015
13431.8;0.016
13432.3;0.015
13432.8;0.014
13433.3;0.015
13433.8;0.015
13434.3;0.016
13434.8;0.015
13435.3;0.016
13435.8;0.015
13436.3;0.014
13436.8;0.016
13437.3;0.015
13437.8;0.015
13438.3;0.014
13438.8;0.015
13439.3;0.016
13439.8;0.014
13440.3;0.015
13440.8;0.014
13441.3;0.015
13441.8;0.014
13442.3;0.017
13442.8;0.016
13443.3;0.015
13443.8;0.015
13444.3;0.015
13444.8;0.015
13445.3;0.014
13445.8;0.016
13446.3;0.015
13446.8;0.015
13447.3;0.015
13447.8;0.015
13448.3;0.014
13448.8;0.015
13449.3;0.014
13449.8;0.014
13450.3;0.016
13450.8;0.015
13451.3;0.015
13451.8;0.014
13452.3;0.015
13452.8;0.015
13453.3;0.014
13453.8;0.015
13454.3;0.016
13454.8;0.015
13455.3;0.014
13455.8;0.015
13456.3;0.014
13456.8;0.016
13457.3;0.015
13457.8;0.017
13458.3;0.015
13458.8;0.016
13459.3;0.015
13459.8;0.016
13460.3;0.015
13460.8;0.014
13461.3;0.014
13461.8;0.016
13462.3;0.015
13462.8;0.015
13463.3;0.015
13463.8;0.015
13464.3;0.015
13464.8;0.016
13465.3;0.015
13465.8;0.015
13466.3;0.014
13466.8;0.014
13467.3;0.017
13467.8;0.015
13468.3;0.015
13468.8;0.015
13469.3;0.014
13469.8;0.015
13470.3;0.015
13470.8;0.016
13471.3;0.016
13471.8;0.016
13472.3;0.015
13472.8;0.014
13473.3;0.015
13473.8;0.015
13474.3;0.015
13474.8;0.013
13475.3;0.015
13475.8;0.014
13476.3;0.015
13476.8;0.016
13477.3;0.015
13477.8;0.015
13478.3;0.014
13478.8;0.016
13479.3;0.015
13479.8;0.015
13480.3;0.015
13480.8;0.016
13481.3;0.016
13481.8;0.015
13482.3;0.014
13482.8;0.014
13483.3;0.016
13483.8;0.015
13484.3;0.014
13484.8;0.015
13485.3;0.013
13485.8;0.015
13486.3;0.016
13486.8;0.015
13487.3;0.015
13487.8;0.015
13488.3;0.015
13488.8;0.015
13489.3;0.014
13489.8;0.015
13490.3;0.015
13490.8;0.014
13491.3;0.014
13491.8;0.014
13492.3;0.015
13492.8;0.014
13493.3;0.016
13493.8;0.016
13494.3;0.015
13494.8;0.015
13495.3;0.015
13495.8;0.015
13496.3;0.014
13496.8;0.015
13497.3;0.014
13497.8;0.015
13498.3;0.016
13498.8;0.016
13499.3;0.014
13499.8;0.015
13500.3;0.014
13500.8;0.014
13501.3;0.015
13501.8;0.015
13502.3;0.014
13502.8;0.014
13503.3;0.016
13503.8;0.016
13504.3;0.015
13504.8;0.015
13505.3;0.015
13505.8;0.015
13506.3;0.015
13506.8;0.016
13507.3;0.015
13507.8;0.016
13508.3;0.015
13508.8;0.015
13509.3;0.015
13509.8;0.015
13510.3;0.016
13510.8;0.015
13511.3;0.015
13511.8;0.014
13512.3;0.014
13512.8;0.015
13513.3;0.014
13513.8;0.014
13514.3;0.014
13514.8;0.015
13515.3;0.015
13515.8;0.016
13516.3;0.016
13516.8;0.015
13517.3;0.016
13517.8;0.014
13518.3;0.015
13518.8;0.016
13519.3;0.015
13519.8;0.014
13520.3;0.015
13520.8;0.016
13521.3;0.015
13521.8;0.014
13522.3;0.014
13522.8;0.015
13523.3;0.015
13523.8;0.015
13524.3;0.015
13524.8;0.015
13525.3;0.015
13525.8;0.015
13526.3;0.015
13526.8;0.016
13527.3;0.015
13527.8;0.013
13528.3;0.014
13528.8;0.016
13529.3;0.015
13529.8;0.015
13530.3;0.014
13530.8;0.015
13531.3;0.015
13531.8;0.015
13532.3;0.015
13532.8;0.013
13533.3;0.016
13533.8;0.017
13534.3;0.014
13534.8;0.014
13535.3;0.015
13535.8;0.015
13536.3;0.016
13536.8;0.015
13537.3;0.016
13537.8;0.015
13538.3;0.015
13538.8;0.015
13539.3;0.016
13539.8;0.015
13540.3;0.014
13540.8;0.014
13541.3;0.016
13541.8;0.014
13542.3;0.015
13542.8;0.014
13543.3;0.014
13543.8;0.016
13544.3;0.015
13544.8;0.015
13545.3;0.015
13545.8;0.015
13546.3;0.015
13546.8;0.016
13547.3;0.015
13547.8;0.015
13548.3;0.015
13548.8;0.014
13549.3;0.015
13549.8;0.016
13550.3;0.015
13550.8;0.015
13551.3;0.014
13551.8;0.016
13552.3;0.015
13552.8;0.015
13553.3;0.014
13553.8;0.013
13554.3;0.014
13554.8;0.014
13555.3;0.014
13555.8;0.015
13556.3;0.015
13556.8;0.015
13557.3;0.016
13557.8;0.016
13558.3;0.016
13558.8;0.016
13559.3;0.015
13559.8;0.015
13560.3;0.014
13560.8;0.016
13561.3;0.015
13561.8;0.014
13562.3;0.015
13562.8;0.015
13563.3;0.016
13563.8;0.015
13564.3;0.014
13564.8;0.015
13565.3;0.014
13565.8;0.015
13566.3;0.014
13566.8;0.015
13567.3;0.014
13567.8;0.015
13568.3;0.014
13568.8;0.015
13569.3;0.016
13569.8;0.015
13570.3;0.015
13570.8;0.015
13571.3;0.015
13571.8;0.016
13572.3;0.016
13572.8;0.016
13573.3;0.015
13573.8;0.016
13574.3;0.015
13574.8;0.014
13575.3;0.015
13575.8;0.016
13576.3;0.015
13576.8;0.015
13577.3;0.014
13577.8;0.013
13578.3;0.016
13578.8;0.014
13579.3;0.014
13579.8;0.015
13580.3;0.014
13580.8;0.015
13581.3;0.015
13581.8;0.015
13582.3;0.014
13582.8;0.016
13583.3;0.017
13583.8;0.014
13584.3;0.016
13584.8;0.016
13585.3;0.015
13585.8;0.015
13586.3;0.016
13586.8;0.014
13587.3;0.017
13587.8;0.015
13588.3;0.014
13588.8;0.015
13589.3;0.013
13589.8;0.013
13590.3;0.014
13590.8;0.015
13591.3;0.015
13591.8;0.014
13592.3;0.015
13592.8;0.015
13593.3;0.014
13593.8;0.015
13594.3;0.016
13594.8;0.015
13595.3;0.014
13595.8;0.015
13596.3;0.016
13596.8;0.015
13597.3;0.015
13597.8;0.015
13598.3;0.017
13598.8;0.014
13599.3;0.016
13599.8;0.014
13600.3;0.014
13600.8;0.015
13601.3;0.016
13601.8;0.015
13602.3;0.014
13602.8;0.014
13603.3;0.015
13603.8;0.014
13604.3;0.015
13604.8;0.014
13605.3;0.013
13605.8;0.016
13606.3;0.016
13606.8;0.015
13607.3;0.015
13607.8;0.014
13608.3;0.015
13608.8;0.015
13609.3;0.015
13609.8;0.015
13610.3;0.014
13610.8;0.015
13611.3;0.015
13611.8;0.015
13612.3;0.016
13612.8;0.016
13613.3;0.016
13613.8;0.013
13614.3;0.015
13614.8;0.015
13615.3;0.014
13615.8;0.015
13616.3;0.015
13616.8;0.014
13617.3;0.015
13617.8;0.013
13618.3;0.015
13618.8;0.014
13619.3;0.015
13619.8;0.015
13620.3;0.015
13620.8;0.014
13621.3;0.015
13621.8;0.015
13622.3;0.014
13622.8;0.014
13623.3;0.015
13623.8;0.015
13624.3;0.015
13624.8;0.016
13625.3;0.014
13625.8;0.015
13626.3;0.015
13626.8;0.015
13627.3;0.016
13627.8;0.015
13628.3;0.015
13628.8;0.014
13629.3;0.014
13629.8;0.015
13630.3;0.014
13630.8;0.016
13631.3;0.014
13631.8;0.014
13632.3;0.015
13632.8;0.015
13633.3;0.015
13633.8;0.015
13634.3;0.013
13634.8;0.014
13635.3;0.014
13635.8;0.015
13636.3;0.015
13636.8;0.015
13637.3;0.015
13637.8;0.014
13638.3;0.015
13638.8;0.014
13639.3;0.015
13639.8;0.014
13640.3;0.016
13640.8;0.015
13641.3;0.015
13641.8;0.015
13642.3;0.015
13642.8;0.014
13643.3;0.015
13643.8;0.014
13644.3;0.014
13644.8;0.016
13645.3;0.015
13645.8;0.015
13646.3;0.016
13646.8;0.015
13647.3;0.015
13647.8;0.014
13648.3;0.015
13648.8;0.016
13649.3;0.015
13649.8;0.014
13650.3;0.015
13650.8;0.014
13651.3;0.015
13651.8;0.015
13652.3;0.015
13652.8;0.015
13653.3;0.015
13653.8;0.015
13654.3;0.015
13654.8;0.015
13655.3;0.014
13655.8;0.014
13656.3;0.015
13656.8;0.014
13657.3;0.014
13657.8;0.015
13658.3;0.015
13658.8;0.015
13659.3;0.016
13659.8;0.015
13660.3;0.014
13660.8;0.013
13661.3;0.014
13661.8;0.015
13662.3;0.015
13662.8;0.015
13663.3;0.014
13663.8;0.014
13664.3;0.016
13664.8;0.015
13665.3;0.015
13665.8;0.015
13666.3;0.014
13666.8;0.015
13667.3;0.015
13667.8;0.015
13668.3;0.016
13668.8;0.015
13669.3;0.015
13669.8;0.015
13670.3;0.015
13670.8;0.013
13671.3;0.015
13671.8;0.014
13672.3;0.016
13672.8;0.014
13673.3;0.016
13673.8;0.013
13674.3;0.016
13674.8;0.016
13675.3;0.016
13675.8;0.013
13676.3;0.014
13676.8;0.014
13677.3;0.015
13677.8;0.015
13678.3;0.014
13678.8;0.016
13679.3;0.014
13679.8;0.014
13680.3;0.014
13680.8;0.014
13681.3;0.013
13681.8;0.014
13682.3;0.015
13682.8;0.015
13683.3;0.015
13683.8;0.015
13684.3;0.015
13684.8;0.015
13685.3;0.014
13685.8;0.015
13686.3;0.015
13686.8;0.015
13687.3;0.015
13687.8;0.015
13688.3;0.013
13688.8;0.015
13689.3;0.015
13689.8;0.014
13690.3;0.014
13690.8;0.015
13691.3;0.014
13691.8;0.013
13692.3;0.015
13692.8;0.015
13693.3;0.016
13693.8;0.015
13694.3;0.015
13694.8;0.015
13695.3;0.015
13695.8;0.014
13696.3;0.016
13696.8;0.015
13697.3;0.015
13697.8;0.015
13698.3;0.013
13698.8;0.015
13699.3;0.015
13699.8;0.014
13700.3;0.014
13700.8;0.015
13701.3;0.014
13701.8;0.015
13702.3;0.014
13702.8;0.015
13703.3;0.014
13703.8;0.015
13704.3;0.015
13704.8;0.014
13705.3;0.014
13705.8;0.014
13706.3;0.015
13706.8;0.015
13707.3;0.014
13707.8;0.015
13708.3;0.015
13708.8;0.016
13709.3;0.015
13709.8;0.015
13710.3;0.015
13710.8;0.016
13711.3;0.014
13711.8;0.015
13712.3;0.015
13712.8;0.016
13713.3;0.014
13713.8;0.014
13714.3;0.013
13714.8;0.014
13715.3;0.014
13715.8;0.016
13716.3;0.015
13716.8;0.014
13717.3;0.017
13717.8;0.015
13718.3;0.014
13718.8;0.015
13719.3;0.016
13719.8;0.015
13720.3;0.014
13720.8;0.014
13721.3;0.017
13721.8;0.015
13722.3;0.014
13722.8;0.015
13723.3;0.014
13723.8;0.014
13724.3;0.016
13724.8;0.016
13725.3;0.015
13725.8;0.015
13726.3;0.015
13726.8;0.014
13727.3;0.015
13727.8;0.014
13728.3;0.015
13728.8;0.013
13729.3;0.013
13729.8;0.016
13730.3;0.014
13730.8;0.015
13731.3;0.014
13731.8;0.016
13732.3;0.014
13732.8;0.015
13733.3;0.016
13733.8;0.015
13734.3;0.015
13734.8;0.016
13735.3;0.015
13735.8;0.015
13736.3;0.015
13736.8;0.014
13737.3;0.016
13737.8;0.016
13738.3;0.014
13738.8;0.014
13739.3;0.015
13739.8;0.016
13740.3;0.015
13740.8;0.014
13741.3;0.014
13741.8;0.014
13742.3;0.015
13742.8;0.014
13743.3;0.015
13743.8;0.015
13744.3;0.016
13744.8;0.015
13745.3;0.016
13745.8;0.016
13746.3;0.016
13746.8;0.015
13747.3;0.014
13747.8;0.016
13748.3;0.015
13748.8;0.013
13749.3;0.014
13749.8;0.015
13750.3;0.015
13750.8;0.016
13751.3;0.014
13751.8;0.014
13752.3;0.014
13752.8;0.013
13753.3;0.014
13753.8;0.015
13754.3;0.015
13754.8;0.016
13755.3;0.015
13755.8;0.014
13756.3;0.014
13756.8;0.013
13757.3;0.013
13757.8;0.015
13758.3;0.015
13758.8;0.015
13759.3;0.015
13759.8;0.013
13760.3;0.015
13760.8;0.015
13761.3;0.014
13761.8;0.014
13762.3;0.015
13762.8;0.015
13763.3;0.014
13763.8;0.015
13764.3;0.014
13764.8;0.014
13765.3;0.014
13765.8;0.015
13766.3;0.015
13766.8;0.015
13767.3;0.016
13767.8;0.015
13768.3;0.015
13768.8;0.014
13769.3;0.014
13769.8;0.015
13770.3;0.015
13770.8;0.015
13771.3;0.015
13771.8;0.015
13772.3;0.015
13772.8;0.015
13773.3;0.016
13773.8;0.014
13774.3;0.014
13774.8;0.015
13775.3;0.015
13775.8;0.014
13776.3;0.015
13776.8;0.015
13777.3;0.015
13777.8;0.015
13778.3;0.014
13778.8;0.015
13779.3;0.015
13779.8;0.015
13780.3;0.014
13780.8;0.015
13781.3;0.014
13781.8;0.015
13782.3;0.015
13782.8;0.016
13783.3;0.015
13783.8;0.015
13784.3;0.014
13784.8;0.015
13785.3;0.014
13785.8;0.013
13786.3;0.015
13786.8;0.015
13787.3;0.015
13787.8;0.015
13788.3;0.014
13788.8;0.014
13789.3;0.014
13789.8;0.014
13790.3;0.016
13790.8;0.015
13791.3;0.014
13791.8;0.016
13792.3;0.013
13792.8;0.015
13793.3;0.015
13793.8;0.014
13794.3;0.016
13794.8;0.014
13795.3;0.015
13795.8;0.014
13796.3;0.016
13796.8;0.014
13797.3;0.015
13797.8;0.016
13798.3;0.015
13798.8;0.016
13799.3;0.014
13799.8;0.016
13800.3;0.013
13800.8;0.014
13801.3;0.015
13801.8;0.015
13802.3;0.014
13802.8;0.013
13803.3;0.016
13803.8;0.015
13804.3;0.015
13804.8;0.015
13805.3;0.014
13805.8;0.014
13806.3;0.014
13806.8;0.014
13807.3;0.015
13807.8;0.015
13808.3;0.016
13808.8;0.015
13809.3;0.015
13809.8;0.014
13810.3;0.016
13810.8;0.015
13811.3;0.014
13811.8;0.015
13812.3;0.015
13812.8;0.014
13813.3;0.015
13813.8;0.014
13814.3;0.014
13814.8;0.014
13815.3;0.014
13815.8;0.014
13816.3;0.015
13816.8;0.015
13817.3;0.015
13817.8;0.015
13818.3;0.014
13818.8;0.016
13819.3;0.015
13819.8;0.015
13820.3;0.015
13820.8;0.012
13821.3;0.015
13821.8;0.014
13822.3;0.014
13822.8;0.015
13823.3;0.013
13823.8;0.014
13824.3;0.015
13824.8;0.015
13825.3;0.014
13825.8;0.015
13826.3;0.015
13826.8;0.015
13827.3;0.015
13827.8;0.013
13828.3;0.016
13828.8;0.015
13829.3;0.014
13829.8;0.014
13830.3;0.015
13830.8;0.013
13831.3;0.015
13831.8;0.016
13832.3;0.015
13832.8;0.015
13833.3;0.014
13833.8;0.014
13834.3;0.015
13834.8;0.013
13835.3;0.014
13835.8;0.016
13836.3;0.014
13836.8;0.015
13837.3;0.014
13837.8;0.013
13838.3;0.015
13838.8;0.014
13839.3;0.014
13839.8;0.015
13840.3;0.014
13840.8;0.014
13841.3;0.016
13841.8;0.014
13842.3;0.013
13842.8;0.016
13843.3;0.013
13843.8;0.015
13844.3;0.015
13844.8;0.014
13845.3;0.015
13845.8;0.014
13846.3;0.015
13846.8;0.016
13847.3;0.015
13847.8;0.015
13848.3;0.014
13848.8;0.014
13849.3;0.016
13849.8;0.014
13850.3;0.013
13850.8;0.014
13851.3;0.015
13851.8;0.016
13852.3;0.014
13852.8;0.015
13853.3;0.013
13853.8;0.014
13854.3;0.014
13854.8;0.013
13855.3;0.015
13855.8;0.015
13856.3;0.014
13856.8;0.015
13857.3;0.014
13857.8;0.015
13858.3;0.014
13858.8;0.014
13859.3;0.015
13859.8;0.015
13860.3;0.014
13860.8;0.015
13861.3;0.015
13861.8;0.014
13862.3;0.014
13862.8;0.015
13863.3;0.014
13863.8;0.014
13864.3;0.015
13864.8;0.015
13865.3;0.016
13865.8;0.014
13866.3;0.014
13866.8;0.015
13867.3;0.013
13867.8;0.015
13868.3;0.015
13868.8;0.013
13869.3;0.016
13869.8;0.014
13870.3;0.015
13870.8;0.015
13871.3;0.014
13871.8;0.014
13872.3;0.015
13872.8;0.014
13873.3;0.016
13873.8;0.015
13874.3;0.015
13874.8;0.016
13875.3;0.015
13875.8;0.013
13876.3;0.014
13876.8;0.014
13877.3;0.015
13877.8;0.015
13878.3;0.015
13878.8;0.014
13879.3;0.016
13879.8;0.015
13880.3;0.014
13880.8;0.015
13881.3;0.015
13881.8;0.015
13882.3;0.016
13882.8;0.013
13883.3;0.016
13883.8;0.014
13884.3;0.015
13884.8;0.014
13885.3;0.014
13885.8;0.015
13886.3;0.014
13886.8;0.013
13887.3;0.015
13887.8;0.015
13888.3;0.014
13888.8;0.014
13889.3;0.014
13889.8;0.014
13890.3;0.015
13890.8;0.015
13891.3;0.014
13891.8;0.014
13892.3;0.015
13892.8;0.014
13893.3;0.015
13893.8;0.013
13894.3;0.015
13894.8;0.015
13895.3;0.014
13895.8;0.014
13896.3;0.014
13896.8;0.015
13897.3;0.014
13897.8;0.015
13898.3;0.015
13898.8;0.015
13899.3;0.014
13899.8;0.015
13900.3;0.014
13900.8;0.015
13901.3;0.014
13901.8;0.015
13902.3;0.013
13902.8;0.014
13903.3;0.015
13903.8;0.015
13904.3;0.015
13904.8;0.015
13905.3;0.015
13905.8;0.015
13906.3;0.015
13906.8;0.015
13907.3;0.014
13907.8;0.015
13908.3;0.014
13908.8;0.014
13909.3;0.015
13909.8;0.015
13910.3;0.013
13910.8;0.015
13911.3;0.014
13911.8;0.013
13912.3;0.015
13912.8;0.014
13913.3;0.014
13913.8;0.016
13914.3;0.012
13914.8;0.015
13915.3;0.014
13915.8;0.013
13916.3;0.015
13916.8;0.015
13917.3;0.015
13917.8;0.014
13918.3;0.015
13918.8;0.015
13919.3;0.016
13919.8;0.015
13920.3;0.015
13920.8;0.015
13921.3;0.014
13921.8;0.015
13922.3;0.014
13922.8;0.014
13923.3;0.015
13923.8;0.014
13924.3;0.014
13924.8;0.015
13925.3;0.015
13925.8;0.014
13926.3;0.015
13926.8;0.014
13927.3;0.015
13927.8;0.015
13928.3;0.015
13928.8;0.014
13929.3;0.017
13929.8;0.014
13930.3;0.014
13930.8;0.014
13931.3;0.015
13931.8;0.014
13932.3;0.015
13932.8;0.014
13933.3;0.013
13933.8;0.014
13934.3;0.016
13934.8;0.015
13935.3;0.014
13935.8;0.015
13936.3;0.016
13936.8;0.014
13937.3;0.015
13937.8;0.014
13938.3;0.013
13938.8;0.014
13939.3;0.014
13939.8;0.014
13940.3;0.015
13940.8;0.015
13941.3;0.015
13941.8;0.014
13942.3;0.014
13942.8;0.015
13943.3;0.016
13943.8;0.013
13944.3;0.014
13944.8;0.016
13945.3;0.014
13945.8;0.015
13946.3;0.014
13946.8;0.014
13947.3;0.014
13947.8;0.014
13948.3;0.015
13948.8;0.014
13949.3;0.013
13949.8;0.015
13950.3;0.015
13950.8;0.014
13951.3;0.015
13951.8;0.015
13952.3;0.013
13952.8;0.016
13953.3;0.015
13953.8;0.015
13954.3;0.015
13954.8;0.015
13955.3;0.014
13955.8;0.014
13956.3;0.014
13956.8;0.014
13957.3;0.015
13957.8;0.014
13958.3;0.015
13958.8;0.015
13959.3;0.015
13959.8;0.014
13960.3;0.015
13960.8;0.014
13961.3;0.015
13961.8;0.015
13962.3;0.014
13962.8;0.015
13963.3;0.014
13963.8;0.015
13964.3;0.015
13964.8;0.014
13965.3;0.013
13965.8;0.016
13966.3;0.014
13966.8;0.014
13967.3;0.014
13967.8;0.012
13968.3;0.014
13968.8;0.014
13969.3;0.014
13969.8;0.015
13970.3;0.015
13970.8;0.015
13971.3;0.014
13971.8;0.014
13972.3;0.014
13972.8;0.015
13973.3;0.014
13973.8;0.014
13974.3;0.015
13974.8;0.013
13975.3;0.015
13975.8;0.014
13976.3;0.015
13976.8;0.014
13977.3;0.014
13977.8;0.015
13978.3;0.015
13978.8;0.013
13979.3;0.014
13979.8;0.015
13980.3;0.014
13980.8;0.014
13981.3;0.015
13981.8;0.016
13982.3;0.013
13982.8;0.014
13983.3;0.014
13983.8;0.016
13984.3;0.016
13984.8;0.014
13985.3;0.015
13985.8;0.014
13986.3;0.014
13986.8;0.015
13987.3;0.014
13987.8;0.013
13988.3;0.014
13988.8;0.015
13989.3;0.016
13989.8;0.015
13990.3;0.013
13990.8;0.015
13991.3;0.015
13991.8;0.015
13992.3;0.015
13992.8;0.015
13993.3;0.014
13993.8;0.016
13994.3;0.014
13994.8;0.015
13995.3;0.014
13995.8;0.013
13996.3;0.015
13996.8;0.015
13997.3;0.014
13997.8;0.014
13998.3;0.016
13998.8;0.013
13999.3;0.015
13999.8;0.015
14000.3;0.014
14000.8;0.013
14001.3;0.015
14001.8;0.013
14002.3;0.014
14002.8;0.015
14003.3;0.014
14003.8;0.014
14004.3;0.014
14004.8;0.015
14005.3;0.015
14005.8;0.014
14006.3;0.016
14006.8;0.015
14007.3;0.013
14007.8;0.015
14008.3;0.014
14008.8;0.014
14009.3;0.015
14009.8;0.014
14010.3;0.013
14010.8;0.014
14011.3;0.014
14011.8;0.016
14012.3;0.015
14012.8;0.015
14013.3;0.014
14013.8;0.013
14014.3;0.014
14014.8;0.015
14015.3;0.014
14015.8;0.013
14016.3;0.014
14016.8;0.015
14017.3;0.014
14017.8;0.015
14018.3;0.015
14018.8;0.016
14019.3;0.015
14019.8;0.014
14020.3;0.015
14020.8;0.016
14021.3;0.015
14021.8;0.016
14022.3;0.014
14022.8;0.014
14023.3;0.014
14023.8;0.014
14024.3;0.015
14024.8;0.015
14025.3;0.013
14025.8;0.014
14026.3;0.015
14026.8;0.014
14027.3;0.015
14027.8;0.015
14028.3;0.013
14028.8;0.015
14029.3;0.014
14029.8;0.014
14030.3;0.014
14030.8;0.013
14031.3;0.015
14031.8;0.014
14032.3;0.015
14032.8;0.014
14033.3;0.015
14033.8;0.014
14034.3;0.014
14034.8;0.016
14035.3;0.015
14035.8;0.014
14036.3;0.016
14036.8;0.014
14037.3;0.015
14037.8;0.014
14038.3;0.014
14038.8;0.016
14039.3;0.014
14039.8;0.014
14040.3;0.014
14040.8;0.014
14041.3;0.013
14041.8;0.016
14042.3;0.013
14042.8;0.014
14043.3;0.014
14043.8;0.014
14044.3;0.015
14044.8;0.016
14045.3;0.016
14045.8;0.015
14046.3;0.014
14046.8;0.014
14047.3;0.013
14047.8;0.014
14048.3;0.014
14048.8;0.015
14049.3;0.013
14049.8;0.016
14050.3;0.015
14050.8;0.015
14051.3;0.015
14051.8;0.014
14052.3;0.013
14052.8;0.015
14053.3;0.015
14053.8;0.014
14054.3;0.015
14054.8;0.015
14055.3;0.014
14055.8;0.014
14056.3;0.016
14056.8;0.015
14057.3;0.015
14057.8;0.014
14058.3;0.015
14058.8;0.013
14059.3;0.014
14059.8;0.016
14060.3;0.015
14060.8;0.015
14061.3;0.016
14061.8;0.012
14062.3;0.014
14062.8;0.016
14063.3;0.013
14063.8;0.014
14064.3;0.014
14064.8;0.014
14065.3;0.014
14065.8;0.015
14066.3;0.014
14066.8;0.015
14067.3;0.014
14067.8;0.013
14068.3;0.015
14068.8;0.014
14069.3;0.015
14069.8;0.014
14070.3;0.014
14070.8;0.015
14071.3;0.015
14071.8;0.014
14072.3;0.014
14072.8;0.016
14073.3;0.015
14073.8;0.014
14074.3;0.014
14074.8;0.013
14075.3;0.014
14075.8;0.015
14076.3;0.013
14076.8;0.016
14077.3;0.015
14077.8;0.014
14078.3;0.014
14078.8;0.015
14079.3;0.015
14079.8;0.014
14080.3;0.014
14080.8;0.014
14081.3;0.014
14081.8;0.015
14082.3;0.013
14082.8;0.014
14083.3;0.015
14083.8;0.014
14084.3;0.015
14084.8;0.014
14085.3;0.016
14085.8;0.015
14086.3;0.014
14086.8;0.015
14087.3;0.014
14087.8;0.016
14088.3;0.014
14088.8;0.015
14089.3;0.013
14089.8;0.013
14090.3;0.015
14090.8;0.014
14091.3;0.013
14091.8;0.014
14092.3;0.015
14092.8;0.014
14093.3;0.013
14093.8;0.015
14094.3;0.014
14094.8;0.014
14095.3;0.015
14095.8;0.014
14096.3;0.015
14096.8;0.015
14097.3;0.013
14097.8;0.014
14098.3;0.014
14098.8;0.014
14099.3;0.015
14099.8;0.015
14100.3;0.015
14100.8;0.015
14101.3;0.014
14101.8;0.014
14102.3;0.013
14102.8;0.013
14103.3;0.016
14103.8;0.014
14104.3;0.015
14104.8;0.015
14105.3;0.014
14105.8;0.014
14106.3;0.015
14106.8;0.015
14107.3;0.015
14107.8;0.014
14108.3;0.015
14108.8;0.015
14109.3;0.013
14109.8;0.015
14110.3;0.014
14110.8;0.014
14111.3;0.013
14111.8;0.016
14112.3;0.014
14112.8;0.014
14113.3;0.015
14113.8;0.015
14114.3;0.015
14114.8;0.016
14115.3;0.015
14115.8;0.015
14116.3;0.015
14116.8;0.013
14117.3;0.014
14117.8;0.013
14118.3;0.015
14118.8;0.015
14119.3;0.013
14119.8;0.015
14120.3;0.015
14120.8;0.015
14121.3;0.014
14121.8;0.013
14122.3;0.016
14122.8;0.014
14123.3;0.014
14123.8;0.013
14124.3;0.014
14124.8;0.015
14125.3;0.015
14125.8;0.015
14126.3;0.015
14126.8;0.013
14127.3;0.014
14127.8;0.015
14128.3;0.013
14128.8;0.014
14129.3;0.014
14129.8;0.013
14130.3;0.014
14130.8;0.015
14131.3;0.014
14131.8;0.014
14132.3;0.015
14132.8;0.014
14133.3;0.014
14133.8;0.014
14134.3;0.015
14134.8;0.014
14135.3;0.015
14135.8;0.016
14136.3;0.015
14136.8;0.013
14137.3;0.014
14137.8;0.014
14138.3;0.014
14138.8;0.015
14139.3;0.015
14139.8;0.014
14140.3;0.015
14140.8;0.013
14141.3;0.014
14141.8;0.015
14142.3;0.014
14142.8;0.016
14143.3;0.014
14143.8;0.013
14144.3;0.013
14144.8;0.014
14145.3;0.015
14145.8;0.013
14146.3;0.015
14146.8;0.015
14147.3;0.015
14147.8;0.014
14148.3;0.015
14148.8;0.014
14149.3;0.013
14149.8;0.015
14150.3;0.014
14150.8;0.014
14151.3;0.014
14151.8;0.014
14152.3;0.016
14152.8;0.015
14153.3;0.014
14153.8;0.016
14154.3;0.013
14154.8;0.015
14155.3;0.014
14155.8;0.014
14156.3;0.014
14156.8;0.015
14157.3;0.012
14157.8;0.015
14158.3;0.014
14158.8;0.013
14159.3;0.014
14159.8;0.015
14160.3;0.014
14160.8;0.014
14161.3;0.015
14161.8;0.013
14162.3;0.015
14162.8;0.014
14163.3;0.016
14163.8;0.014
14164.3;0.015
14164.8;0.015
14165.3;0.013
14165.8;0.014
14166.3;0.015
14166.8;0.013
14167.3;0.015
14167.8;0.013
14168.3;0.014
14168.8;0.014
14169.3;0.014
14169.8;0.014
14170.3;0.015
14170.8;0.014
14171.3;0.015
14171.8;0.013
14172.3;0.014
14172.8;0.013
14173.3;0.015
14173.8;0.014
14174.3;0.015
14174.8;0.014
14175.3;0.015
14175.8;0.015
14176.3;0.015
14176.8;0.014
14177.3;0.014
14177.8;0.014
14178.3;0.014
14178.8;0.014
14179.3;0.015
14179.8;0.014
14180.3;0.013
14180.8;0.015
14181.3;0.014
14181.8;0.015
14182.3;0.012
14182.8;0.014
14183.3;0.015
14183.8;0.015
14184.3;0.015
14184.8;0.013
14185.3;0.014
14185.8;0.014
14186.3;0.012
14186.8;0.015
14187.3;0.013
14187.8;0.014
14188.3;0.014
14188.8;0.016
14189.3;0.015
14189.8;0.015
14190.3;0.015
14190.8;0.014
14191.3;0.014
14191.8;0.014
14192.3;0.015
14192.8;0.014
14193.3;0.014
14193.8;0.014
14194.3;0.014
14194.8;0.013
14195.3;0.014
14195.8;0.014
14196.3;0.014
14196.8;0.013
14197.3;0.015
14197.8;0.013
14198.3;0.013
14198.8;0.015
14199.3;0.014
14199.8;0.013
14200.3;0.014
14200.8;0.014
14201.3;0.015
14201.8;0.014
14202.3;0.013
14202.8;0.016
14203.3;0.015
14203.8;0.014
14204.3;0.015
14204.8;0.014
14205.3;0.015
14205.8;0.015
14206.3;0.015
14206.8;0.013
14207.3;0.015
14207.8;0.014
14208.3;0.014
14208.8;0.014
14209.3;0.013
14209.8;0.013
14210.3;0.015
14210.8;0.015
14211.3;0.014
14211.8;0.015
14212.3;0.014
14212.8;0.015
14213.3;0.013
14213.8;0.013
14214.3;0.014
14214.8;0.014
14215.3;0.014
14215.8;0.014
14216.3;0.014
14216.8;0.013
14217.3;0.016
14217.8;0.016
14218.3;0.014
14218.8;0.013
14219.3;0.015
14219.8;0.014
14220.3;0.015
14220.8;0.014
14221.3;0.014
14221.8;0.014
14222.3;0.013
14222.8;0.012
14223.3;0.014
14223.8;0.014
14224.3;0.013
14224.8;0.014
14225.3;0.015
14225.8;0.014
14226.3;0.014
14226.8;0.014
14227.3;0.014
14227.8;0.013
14228.3;0.015
14228.8;0.015
14229.3;0.013
14229.8;0.013
14230.3;0.014
14230.8;0.013
14231.3;0.015
14231.8;0.014
14232.3;0.013
14232.8;0.014
14233.3;0.014
14233.8;0.014
14234.3;0.013
14234.8;0.015
14235.3;0.014
14235.8;0.015
14236.3;0.014
14236.8;0.014
14237.3;0.014
14237.8;0.013
14238.3;0.014
14238.8;0.014
14239.3;0.015
14239.8;0.013
14240.3;0.014
14240.8;0.014
14241.3;0.014
14241.8;0.013
14242.3;0.014
14242.8;0.014
14243.3;0.014
14243.8;0.014
14244.3;0.014
14244.8;0.015
14245.3;0.015
14245.8;0.012
14246.3;0.014
14246.8;0.015
14247.3;0.014
14247.8;0.014
14248.3;0.015
14248.8;0.013
14249.3;0.014
14249.8;0.014
14250.3;0.013
14250.8;0.013
14251.3;0.014
14251.8;0.015
14252.3;0.015
14252.8;0.014
14253.3;0.013
14253.8;0.014
14254.3;0.014
14254.8;0.014
14255.3;0.015
14255.8;0.015
14256.3;0.015
14256.8;0.015
14257.3;0.013
14257.8;0.015
14258.3;0.014
14258.8;0.014
14259.3;0.014
14259.8;0.014
14260.3;0.014
14260.8;0.014
14261.3;0.014
14261.8;0.014
14262.3;0.014
14262.8;0.014
14263.3;0.015
14263.8;0.014
14264.3;0.014
14264.8;0.014
14265.3;0.014
14265.8;0.014
14266.3;0.015
14266.8;0.013
14267.3;0.015
14267.8;0.014
14268.3;0.015
14268.8;0.014
14269.3;0.014
14269.8;0.016
14270.3;0.014
14270.8;0.014
14271.3;0.014
14271.8;0.014
14272.3;0.014
14272.8;0.014
14273.3;0.014
14273.8;0.013
14274.3;0.015
14274.8;0.014
14275.3;0.015
14275.8;0.012
14276.3;0.014
14276.8;0.013
14277.3;0.015
14277.8;0.014
14278.3;0.014
14278.8;0.015
14279.3;0.015
14279.8;0.013
14280.3;0.014
14280.8;0.014
14281.3;0.013
14281.8;0.013
14282.3;0.014
14282.8;0.015
14283.3;0.014
14283.8;0.015
14284.3;0.014
14284.8;0.015
14285.3;0.013
14285.8;0.013
14286.3;0.015
14286.8;0.014
14287.3;0.014
14287.8;0.015
14288.3;0.014
14288.8;0.015
14289.3;0.014
14289.8;0.014
14290.3;0.016
14290.8;0.014
14291.3;0.014
14291.8;0.014
14292.3;0.014
14292.8;0.014
14293.3;0.015
14293.8;0.014
14294.3;0.015
14294.8;0.015
14295.3;0.015
14295.8;0.015
14296.3;0.012
14296.8;0.014
14297.3;0.012
14297.8;0.014
14298.3;0.014
14298.8;0.013
14299.3;0.013
14299.8;0.014
14300.3;0.015
14300.8;0.014
14301.3;0.013
14301.8;0.014
14302.3;0.013
14302.8;0.016
14303.3;0.014
14303.8;0.014
14304.3;0.015
14304.8;0.013
14305.3;0.015
14305.8;0.015
14306.3;0.013
14306.8;0.015
14307.3;0.014
14307.8;0.015
14308.3;0.015
14308.8;0.015
14309.3;0.014
14309.8;0.014
14310.3;0.015
14310.8;0.013
14311.3;0.014
14311.8;0.014
14312.3;0.015
14312.8;0.014
14313.3;0.014
14313.8;0.012
14314.3;0.014
14314.8;0.015
14315.3;0.014
14315.8;0.015
14316.3;0.014
14316.8;0.012
14317.3;0.015
14317.8;0.014
14318.3;0.014
14318.8;0.014
14319.3;0.015
14319.8;0.013
14320.3;0.015
14320.8;0.015
14321.3;0.014
14321.8;0.014
14322.3;0.014
14322.8;0.014
14323.3;0.014
14323.8;0.015
14324.3;0.012
14324.8;0.014
14325.3;0.013
14325.8;0.015
14326.3;0.014
14326.8;0.013
14327.3;0.014
14327.8;0.014
14328.3;0.014
14328.8;0.015
14329.3;0.015
14329.8;0.014
14330.3;0.013
14330.8;0.015
14331.3;0.015
14331.8;0.015
14332.3;0.014
14332.8;0.016
14333.3;0.015
14333.8;0.013
14334.3;0.013
14334.8;0.014
14335.3;0.013
14335.8;0.014
14336.3;0.013
14336.8;0.015
14337.3;0.014
14337.8;0.015
14338.3;0.015
14338.8;0.014
14339.3;0.013
14339.8;0.014
14340.3;0.014
14340.8;0.014
14341.3;0.013
14341.8;0.016
14342.3;0.013
14342.8;0.014
14343.3;0.015
14343.8;0.012
14344.3;0.015
14344.8;0.015
14345.3;0.014
14345.8;0.015
14346.3;0.014
14346.8;0.013
14347.3;0.015
14347.8;0.013
14348.3;0.014
14348.8;0.014
14349.3;0.015
14349.8;0.014
14350.3;0.014
14350.8;0.015
14351.3;0.013
14351.8;0.014
14352.3;0.015
14352.8;0.013
14353.3;0.014
14353.8;0.015
14354.3;0.014
14354.8;0.013
14355.3;0.016
14355.8;0.014
14356.3;0.014
14356.8;0.014
14357.3;0.014
14357.8;0.013
14358.3;0.014
14358.8;0.015
14359.3;0.014
14359.8;0.014
14360.3;0.014
14360.8;0.015
14361.3;0.013
14361.8;0.014
14362.3;0.013
14362.8;0.015
14363.3;0.014
14363.8;0.014
14364.3;0.013
14364.8;0.013
14365.3;0.014
14365.8;0.014
14366.3;0.014
14366.8;0.015
14367.3;0.014
14367.8;0.015
14368.3;0.015
14368.8;0.015
14369.3;0.014
14369.8;0.015
14370.3;0.014
14370.8;0.015
14371.3;0.014
14371.8;0.014
14372.3;0.015
14372.8;0.013
14373.3;0.013
14373.8;0.014
14374.3;0.013
14374.8;0.014
14375.3;0.014
14375.8;0.014
14376.3;0.014
14376.8;0.015
14377.3;0.013
14377.8;0.015
14378.3;0.013
14378.8;0.015
14379.3;0.015
14379.8;0.014
14380.3;0.013
14380.8;0.013
14381.3;0.013
14381.8;0.014
14382.3;0.014
14382.8;0.014
14383.3;0.014
14383.8;0.014
14384.3;0.015
14384.8;0.014
14385.3;0.015
14385.8;0.015
14386.3;0.014
14386.8;0.015
14387.3;0.015
14387.8;0.013
14388.3;0.014
14388.8;0.013
14389.3;0.012
14389.8;0.014
14390.3;0.014
14390.8;0.014
14391.3;0.013
14391.8;0.014
14392.3;0.013
14392.8;0.014
14393.3;0.015
14393.8;0.015
14394.3;0.015
14394.8;0.015
14395.3;0.015
14395.8;0.015
14396.3;0.014
14396.8;0.013
14397.3;0.014
14397.8;0.014
14398.3;0.014
14398.8;0.013
14399.3;0.013
14399.8;0.014
14400.3;0.015
14400.8;0.013
14401.3;0.014
14401.8;0.014
14402.3;0.013
14402.8;0.014
14403.3;0.016
14403.8;0.013
14404.3;0.014
14404.8;0.015
14405.3;0.014
14405.8;0.013
14406.3;0.013
14406.8;0.014
14407.3;0.014
14407.8;0.015
14408.3;0.015
14408.8;0.013
14409.3;0.014
14409.8;0.014
14410.3;0.013
14410.8;0.013
14411.3;0.014
14411.8;0.013
14412.3;0.014
14412.8;0.014
14413.3;0.013
14413.8;0.014
14414.3;0.013
14414.8;0.012
14415.3;0.015
14415.8;0.013
14416.3;0.013
14416.8;0.014
14417.3;0.014
14417.8;0.014
14418.3;0.014
14418.8;0.014
14419.3;0.015
14419.8;0.013
14420.3;0.015
14420.8;0.015
14421.3;0.016
14421.8;0.014
14422.3;0.014
14422.8;0.014
14423.3;0.015
14423.8;0.015
14424.3;0.014
14424.8;0.013
14425.3;0.014
14425.8;0.013
14426.3;0.015
14426.8;0.014
14427.3;0.014
14427.8;0.013
14428.3;0.013
14428.8;0.014
14429.3;0.016
14429.8;0.014
14430.3;0.014
14430.8;0.016
14431.3;0.013
14431.8;0.014
14432.3;0.015
14432.8;0.014
14433.3;0.014
14433.8;0.015
14434.3;0.014
14434.8;0.015
14435.3;0.014
14435.8;0.015
14436.3;0.015
14436.8;0.014
14437.3;0.014
14437.8;0.014
14438.3;0.013
14438.8;0.013
14439.3;0.014
14439.8;0.013
14440.3;0.015
14440.8;0.015
14441.3;0.015
14441.8;0.014
14442.3;0.014
14442.8;0.014
14443.3;0.015
14443.8;0.013
14444.3;0.015
14444.8;0.013
14445.3;0.014
14445.8;0.014
14446.3;0.015
14446.8;0.014
14447.3;0.014
14447.8;0.014
14448.3;0.013
14448.8;0.015
14449.3;0.014
14449.8;0.014
14450.3;0.014
14450.8;0.015
14451.3;0.013
14451.8;0.013
14452.3;0.014
14452.8;0.014
14453.3;0.015
14453.8;0.014
14454.3;0.013
14454.8;0.014
14455.3;0.013
14455.8;0.014
14456.3;0.012
14456.8;0.015
14457.3;0.013
14457.8;0.014
14458.3;0.015
14458.8;0.016
14459.3;0.014
14459.8;0.016
14460.3;0.015
14460.8;0.013
14461.3;0.014
14461.8;0.014
14462.3;0.013
14462.8;0.013
14463.3;0.013
14463.8;0.014
14464.3;0.015
14464.8;0.014
14465.3;0.014
14465.8;0.014
14466.3;0.014
14466.8;0.013
14467.3;0.014
14467.8;0.014
14468.3;0.013
14468.8;0.014
14469.3;0.014
14469.8;0.014
14470.3;0.014
14470.8;0.014
14471.3;0.013
14471.8;0.013
14472.3;0.015
14472.8;0.015
14473.3;0.015
14473.8;0.014
14474.3;0.014
14474.8;0.014
14475.3;0.014
14475.8;0.014
14476.3;0.014
14476.8;0.013
14477.3;0.014
14477.8;0.013
14478.3;0.014
14478.8;0.013
14479.3;0.014
14479.8;0.014
14480.3;0.014
14480.8;0.015
14481.3;0.014
14481.8;0.015
14482.3;0.014
14482.8;0.014
14483.3;0.015
14483.8;0.014
14484.3;0.014
14484.8;0.016
14485.3;0.014
14485.8;0.015
14486.3;0.013
14486.8;0.014
14487.3;0.013
14487.8;0.014
14488.3;0.014
14488.8;0.013
14489.3;0.013
14489.8;0.014
14490.3;0.013
14490.8;0.013
14491.3;0.014
14491.8;0.014
14492.3;0.013
14492.8;0.014
14493.3;0.014
14493.8;0.014
14494.3;0.015
14494.8;0.013
14495.3;0.015
14495.8;0.015
14496.3;0.014
14496.8;0.015
14497.3;0.014
14497.8;0.015
14498.3;0.014
14498.8;0.015
14499.3;0.014
14499.8;0.014
14500.3;0.013
14500.8;0.015
14501.3;0.013
14501.8;0.013
14502.3;0.014
14502.8;0.014
14503.3;0.013
14503.8;0.013
14504.3;0.012
14504.8;0.014
14505.3;0.014
14505.8;0.014
14506.3;0.014
14506.8;0.015
14507.3;0.015
14507.8;0.013
14508.3;0.016
14508.8;0.014
14509.3;0.014
14509.8;0.013
14510.3;0.014
14510.8;0.014
14511.3;0.013
14511.8;0.013
14512.3;0.014
14512.8;0.014
14513.3;0.014
14513.8;0.014
14514.3;0.014
14514.8;0.014
14515.3;0.015
14515.8;0.014
14516.3;0.014
14516.8;0.015
14517.3;0.014
14517.8;0.014
14518.3;0.015
14518.8;0.014
14519.3;0.014
14519.8;0.014
14520.3;0.013
14520.8;0.014
14521.3;0.015
14521.8;0.014
14522.3;0.013
14522.8;0.013
14523.3;0.014
14523.8;0.013
14524.3;0.014
14524.8;0.014
14525.3;0.014
14525.8;0.014
14526.3;0.015
14526.8;0.014
14527.3;0.014
14527.8;0.013
14528.3;0.014
14528.8;0.014
14529.3;0.015
14529.8;0.013
14530.3;0.014
14530.8;0.014
14531.3;0.014
14531.8;0.015
14532.3;0.013
14532.8;0.014
14533.3;0.014
14533.8;0.015
14534.3;0.014
14534.8;0.013
14535.3;0.014
14535.8;0.014
14536.3;0.015
14536.8;0.013
14537.3;0.014
14537.8;0.016
14538.3;0.015
14538.8;0.014
14539.3;0.013
14539.8;0.014
14540.3;0.013
14540.8;0.013
14541.3;0.015
14541.8;0.013
14542.3;0.014
14542.8;0.013
14543.3;0.014
14543.8;0.015
14544.3;0.014
14544.8;0.014
14545.3;0.015
14545.8;0.013
14546.3;0.014
14546.8;0.014
14547.3;0.013
14547.8;0.013
14548.3;0.013
14548.8;0.014
14549.3;0.014
14549.8;0.014
14550.3;0.013
14550.8;0.013
14551.3;0.015
14551.8;0.014
14552.3;0.013
14552.8;0.014
14553.3;0.014
14553.8;0.013
14554.3;0.015
14554.8;0.014
14555.3;0.013
14555.8;0.015
14556.3;0.014
14556.8;0.015
14557.3;0.013
14557.8;0.015
14558.3;0.014
14558.8;0.015
14559.3;0.015
14559.8;0.014
14560.3;0.015
14560.8;0.013
14561.3;0.015
14561.8;0.014
14562.3;0.012
14562.8;0.013
14563.3;0.014
14563.8;0.014
14564.3;0.014
14564.8;0.014
14565.3;0.013
14565.8;0.015
14566.3;0.013
14566.8;0.013
14567.3;0.014
14567.8;0.014
14568.3;0.014
14568.8;0.014
14569.3;0.014
14569.8;0.014
14570.3;0.014
14570.8;0.014
14571.3;0.014
14571.8;0.013
14572.3;0.014
14572.8;0.015
14573.3;0.014
14573.8;0.013
14574.3;0.015
14574.8;0.014
14575.3;0.013
14575.8;0.013
14576.3;0.013
14576.8;0.014
14577.3;0.014
14577.8;0.014
14578.3;0.015
14578.8;0.015
14579.3;0.013
14579.8;0.015
14580.3;0.013
14580.8;0.015
14581.3;0.015
14581.8;0.014
14582.3;0.015
14582.8;0.014
14583.3;0.014
14583.8;0.014
14584.3;0.014
14584.8;0.014
14585.3;0.013
14585.8;0.012
14586.3;0.015
14586.8;0.014
14587.3;0.014
14587.8;0.014
14588.3;0.013
14588.8;0.013
14589.3;0.014
14589.8;0.014
14590.3;0.014
14590.8;0.015
14591.3;0.013
14591.8;0.015
14592.3;0.015
14592.8;0.013
14593.3;0.013
14593.8;0.014
14594.3;0.014
14594.8;0.015
14595.3;0.014
14595.8;0.014
14596.3;0.014
14596.8;0.014
14597.3;0.014
14597.8;0.014
14598.3;0.014
14598.8;0.013
14599.3;0.015
14599.8;0.014
14600.3;0.013
14600.8;0.015
14601.3;0.013
14601.8;0.015
14602.3;0.013
14602.8;0.015
14603.3;0.014
14603.8;0.014
14604.3;0.012
14604.8;0.014
14605.3;0.014
14605.8;0.013
14606.3;0.015
14606.8;0.015
14607.3;0.014
14607.8;0.016
14608.3;0.015
14608.8;0.014
14609.3;0.014
14609.8;0.014
14610.3;0.012
14610.8;0.013
14611.3;0.013
14611.8;0.015
14612.3;0.013
14612.8;0.013
14613.3;0.014
14613.8;0.014
14614.3;0.013
14614.8;0.014
14615.3;0.013
14615.8;0.014
14616.3;0.014
14616.8;0.014
14617.3;0.014
14617.8;0.016
14618.3;0.013
14618.8;0.014
14619.3;0.014
14619.8;0.014
14620.3;0.015
14620.8;0.014
14621.3;0.015
14621.8;0.015
14622.3;0.014
14622.8;0.013
14623.3;0.014
14623.8;0.014
14624.3;0.013
14624.8;0.015
14625.3;0.012
14625.8;0.013
14626.3;0.014
14626.8;0.013
14627.3;0.014
14627.8;0.014
14628.3;0.014
14628.8;0.014
14629.3;0.015
14629.8;0.013
14630.3;0.015
14630.8;0.013
14631.3;0.013
14631.8;0.015
14632.3;0.014
14632.8;0.014
14633.3;0.014
14633.8;0.014
14634.3;0.015
14634.8;0.014
14635.3;0.013
14635.8;0.015
14636.3;0.014
14636.8;0.014
14637.3;0.014
14637.8;0.014
14638.3;0.014
14638.8;0.013
14639.3;0.014
14639.8;0.013
14640.3;0.014
14640.8;0.015
14641.3;0.013
14641.8;0.013
14642.3;0.014
14642.8;0.012
14643.3;0.014
14643.8;0.014
14644.3;0.015
14644.8;0.015
14645.3;0.013
14645.8;0.014
14646.3;0.014
14646.8;0.014
14647.3;0.014
14647.8;0.015
14648.3;0.013
14648.8;0.015
14649.3;0.014
14649.8;0.014
14650.3;0.014
14650.8;0.013
14651.3;0.012
14651.8;0.014
14652.3;0.014
14652.8;0.013
14653.3;0.014
14653.8;0.012
14654.3;0.013
14654.8;0.014
14655.3;0.013
14655.8;0.014
14656.3;0.014
14656.8;0.014
14657.3;0.014
14657.8;0.014
14658.3;0.015
14658.8;0.014
14659.3;0.014
14659.8;0.014
14660.3;0.015
14660.8;0.013
14661.3;0.014
14661.8;0.012
14662.3;0.014
14662.8;0.014
14663.3;0.014
14663.8;0.013
14664.3;0.013
14664.8;0.013
14665.3;0.012
14665.8;0.014
14666.3;0.014
14666.8;0.015
14667.3;0.014
14667.8;0.015
14668.3;0.015
14668.8;0.014
14669.3;0.014
14669.8;0.015
14670.3;0.015
14670.8;0.014
14671.3;0.014
14671.8;0.014
14672.3;0.013
14672.8;0.014
14673.3;0.013
14673.8;0.014
14674.3;0.013
14674.8;0.015
14675.3;0.014
14675.8;0.014
14676.3;0.014
14676.8;0.014
14677.3;0.014
14677.8;0.014
14678.3;0.014
14678.8;0.013
14679.3;0.014
14679.8;0.014
14680.3;0.014
14680.8;0.015
14681.3;0.015
14681.8;0.014
14682.3;0.014
14682.8;0.014
14683.3;0.014
14683.8;0.014
14684.3;0.013
14684.8;0.014
14685.3;0.014
14685.8;0.013
14686.3;0.014
14686.8;0.014
14687.3;0.013
14687.8;0.014
14688.3;0.014
14688.8;0.013
14689.3;0.014
14689.8;0.013
14690.3;0.014
14690.8;0.014
14691.3;0.015
14691.8;0.014
14692.3;0.014
14692.8;0.013
14693.3;0.012
14693.8;0.015
14694.3;0.013
14694.8;0.013
14695.3;0.013
14695.8;0.014
14696.3;0.014
14696.8;0.014
14697.3;0.015
14697.8;0.013
14698.3;0.014
14698.8;0.014
14699.3;0.013
14699.8;0.013
14700.3;0.015
14700.8;0.014
14701.3;0.015
14701.8;0.013
14702.3;0.014
14702.8;0.014
14703.3;0.012
14703.8;0.014
14704.3;0.013
14704.8;0.014
14705.3;0.014
14705.8;0.014
14706.3;0.014
14706.8;0.013
14707.3;0.014
14707.8;0.013
14708.3;0.014
14708.8;0.013
14709.3;0.014
14709.8;0.012
14710.3;0.015
14710.8;0.013
14711.3;0.014
14711.8;0.015
14712.3;0.014
14712.8;0.015
14713.3;0.014
14713.8;0.015
14714.3;0.014
14714.8;0.014
14715.3;0.013
14715.8;0.015
14716.3;0.014
14716.8;0.012
14717.3;0.015
14717.8;0.014
14718.3;0.012
14718.8;0.013
14719.3;0.014
14719.8;0.013
14720.3;0.015
14720.8;0.014
14721.3;0.013
14721.8;0.013
14722.3;0.013
14722.8;0.015
14723.3;0.013
14723.8;0.014
14724.3;0.014
14724.8;0.014
14725.3;0.013
14725.8;0.014
14726.3;0.015
14726.8;0.013
14727.3;0.014
14727.8;0.014
14728.3;0.013
14728.8;0.015
14729.3;0.014
14729.8;0.014
14730.3;0.014
14730.8;0.013
14731.3;0.015
14731.8;0.014
14732.3;0.013
14732.8;0.015
14733.3;0.013
14733.8;0.013
14734.3;0.014
14734.8;0.013
14735.3;0.013
14735.8;0.013
14736.3;0.014
14736.8;0.014
14737.3;0.014
14737.8;0.013
14738.3;0.013
14738.8;0.015
14739.3;0.014
14739.8;0.014
14740.3;0.014
14740.8;0.015
14741.3;0.013
14741.8;0.013
14742.3;0.014
14742.8;0.012
14743.3;0.014
14743.8;0.012
14744.3;0.015
14744.8;0.013
14745.3;0.013
14745.8;0.013
14746.3;0.013
14746.8;0.015
14747.3;0.014
14747.8;0.013
14748.3;0.015
14748.8;0.013
14749.3;0.014
14749.8;0.015
14750.3;0.013
14750.8;0.014
14751.3;0.014
14751.8;0.014
14752.3;0.014
14752.8;0.014
14753.3;0.012
14753.8;0.016
14754.3;0.014
14754.8;0.012
14755.3;0.014
14755.8;0.014
14756.3;0.013
14756.8;0.012
14757.3;0.013
14757.8;0.013
14758.3;0.013
14758.8;0.013
14759.3;0.016
14759.8;0.015
14760.3;0.013
14760.8;0.016
14761.3;0.013
14761.8;0.013
14762.3;0.013
14762.8;0.014
14763.3;0.014
14763.8;0.015
14764.3;0.013
14764.8;0.014
14765.3;0.014
14765.8;0.014
14766.3;0.014
14766.8;0.014
14767.3;0.012
14767.8;0.014
14768.3;0.013
14768.8;0.013
14769.3;0.015
14769.8;0.014
14770.3;0.013
14770.8;0.014
14771.3;0.015
14771.8;0.014
14772.3;0.015
14772.8;0.013
14773.3;0.014
14773.8;0.014
14774.3;0.013
14774.8;0.013
14775.3;0.014
14775.8;0.014
14776.3;0.015
14776.8;0.014
14777.3;0.013
14777.8;0.014
14778.3;0.013
14778.8;0.013
14779.3;0.015
14779.8;0.014
14780.3;0.014
14780.8;0.014
14781.3;0.014
14781.8;0.013
14782.3;0.015
14782.8;0.014
14783.3;0.014
14783.8;0.014
14784.3;0.013
14784.8;0.016
14785.3;0.014
14785.8;0.015
14786.3;0.013
14786.8;0.014
14787.3;0.013
14787.8;0.014
14788.3;0.014
14788.8;0.013
14789.3;0.015
14789.8;0.014
14790.3;0.015
14790.8;0.014
14791.3;0.013
14791.8;0.016
14792.3;0.013
14792.8;0.013
14793.3;0.014
14793.8;0.014
14794.3;0.013
14794.8;0.014
14795.3;0.013
14795.8;0.014
14796.3;0.015
14796.8;0.013
14797.3;0.014
14797.8;0.013
14798.3;0.013
14798.8;0.013
14799.3;0.014
14799.8;0.012
14800.3;0.013
14800.8;0.014
14801.3;0.013
14801.8;0.013
14802.3;0.015
14802.8;0.013
14803.3;0.013
14803.8;0.014
14804.3;0.013
14804.8;0.015
14805.3;0.014
14805.8;0.015
14806.3;0.012
14806.8;0.014
14807.3;0.015
14807.8;0.015
14808.3;0.014
14808.8;0.014
14809.3;0.014
14809.8;0.014
14810.3;0.014
14810.8;0.015
14811.3;0.013
14811.8;0.013
14812.3;0.014
14812.8;0.014
14813.3;0.014
14813.8;0.012
14814.3;0.014
14814.8;0.013
14815.3;0.013
14815.8;0.015
14816.3;0.014
14816.8;0.014
14817.3;0.014
14817.8;0.014
14818.3;0.012
14818.8;0.013
14819.3;0.014
14819.8;0.014
14820.3;0.013
14820.8;0.015
14821.3;0.013
14821.8;0.014
14822.3;0.015
14822.8;0.014
14823.3;0.014
14823.8;0.014
14824.3;0.014
14824.8;0.014
14825.3;0.015
14825.8;0.012
14826.3;0.014
14826.8;0.015
14827.3;0.013
14827.8;0.015
14828.3;0.013
14828.8;0.014
14829.3;0.013
14829.8;0.014
14830.3;0.014
14830.8;0.013
14831.3;0.013
14831.8;0.013
14832.3;0.015
14832.8;0.014
14833.3;0.014
14833.8;0.013
14834.3;0.013
14834.8;0.014
14835.3;0.013
14835.8;0.013
14836.3;0.012
14836.8;0.015
14837.3;0.013
14837.8;0.013
14838.3;0.014
14838.8;0.014
14839.3;0.014
14839.8;0.013
14840.3;0.015
14840.8;0.014
14841.3;0.013
14841.8;0.014
14842.3;0.014
14842.8;0.014
14843.3;0.014
14843.8;0.013
14844.3;0.014
14844.8;0.013
14845.3;0.015
14845.8;0.013
14846.3;0.013
14846.8;0.015
14847.3;0.015
14847.8;0.014
14848.3;0.013
14848.8;0.015
14849.3;0.012
14849.8;0.014
14850.3;0.013
14850.8;0.013
14851.3;0.014
14851.8;0.014
14852.3;0.014
14852.8;0.014
14853.3;0.014
14853.8;0.014
14854.3;0.015
14854.8;0.014
14855.3;0.014
14855.8;0.015
14856.3;0.012
14856.8;0.012
14857.3;0.015
14857.8;0.013
14858.3;0.015
14858.8;0.013
14859.3;0.013
14859.8;0.014
14860.3;0.014
14860.8;0.014
14861.3;0.014
14861.8;0.015
14862.3;0.014
14862.8;0.012
14863.3;0.014
14863.8;0.013
14864.3;0.016
14864.8;0.014
14865.3;0.013
14865.8;0.014
14866.3;0.012
14866.8;0.014
14867.3;0.013
14867.8;0.015
14868.3;0.014
14868.8;0.013
14869.3;0.014
14869.8;0.013
14870.3;0.014
14870.8;0.014
14871.3;0.013
14871.8;0.013
14872.3;0.015
14872.8;0.013
14873.3;0.015
14873.8;0.015
14874.3;0.012
14874.8;0.016
14875.3;0.011
14875.8;0.015
14876.3;0.012
14876.8;0.013
14877.3;0.015
14877.8;0.012
14878.3;0.015
14878.8;0.013
14879.3;0.013
14879.8;0.014
14880.3;0.012
14880.8;0.015
14881.3;0.013
14881.8;0.013
14882.3;0.015
14882.8;0.011
14883.3;0.015
14883.8;0.014
14884.3;0.013
14884.8;0.013
14885.3;0.014
14885.8;0.013
14886.3;0.015
14886.8;0.013
14887.3;0.013
14887.8;0.014
14888.3;0.012
14888.8;0.015
14889.3;0.013
14889.8;0.014
14890.3;0.013
14890.8;0.014
14891.3;0.014
14891.8;0.012
14892.3;0.014
14892.8;0.015
14893.3;0.012
14893.8;0.015
14894.3;0.013
14894.8;0.014
14895.3;0.015
14895.8;0.013
14896.3;0.015
14896.8;0.012
14897.3;0.014
14897.8;0.013
14898.3;0.013
14898.8;0.013
14899.3;0.013
14899.8;0.014
14900.3;0.013
14900.8;0.015
14901.3;0.015
14901.8;0.013
14902.3;0.014
14902.8;0.014
14903.3;0.013
14903.8;0.014
14904.3;0.014
14904.8;0.014
14905.3;0.014
14905.8;0.015
14906.3;0.014
14906.8;0.013
14907.3;0.012
14907.8;0.014
14908.3;0.013
14908.8;0.014
14909.3;0.013
14909.8;0.013
14910.3;0.015
14910.8;0.015
14911.3;0.015
14911.8;0.013
14912.3;0.013
14912.8;0.015
14913.3;0.014
14913.8;0.014
14914.3;0.012
14914.8;0.014
14915.3;0.015
14915.8;0.013
14916.3;0.014
14916.8;0.013
14917.3;0.013
14917.8;0.015
14918.3;0.013
14918.8;0.015
14919.3;0.013
14919.8;0.014
14920.3;0.013
14920.8;0.014
14921.3;0.014
14921.8;0.014
14922.3;0.012
14922.8;0.012
14923.3;0.014
14923.8;0.014
14924.3;0.014
14924.8;0.014
14925.3;0.014
14925.8;0.015
14926.3;0.013
14926.8;0.013
14927.3;0.013
14927.8;0.014
14928.3;0.015
14928.8;0.013
14929.3;0.015
14929.8;0.014
14930.3;0.015
14930.8;0.015
14931.3;0.012
14931.8;0.015
14932.3;0.014
14932.8;0.013
14933.3;0.013
14933.8;0.013
14934.3;0.014
14934.8;0.014
14935.3;0.014
14935.8;0.013
14936.3;0.015
14936.8;0.013
14937.3;0.014
14937.8;0.014
14938.3;0.014
14938.8;0.013
14939.3;0.014
14939.8;0.014
14940.3;0.013
14940.8;0.013
14941.3;0.014
14941.8;0.012
14942.3;0.015
14942.8;0.015
14943.3;0.013
14943.8;0.014
14944.3;0.014
14944.8;0.014
14945.3;0.012
14945.8;0.015
14946.3;0.013
14946.8;0.013
14947.3;0.014
14947.8;0.013
14948.3;0.014
14948.8;0.012
14949.3;0.014
14949.8;0.015
14950.3;0.014
14950.8;0.014
14951.3;0.013
14951.8;0.014
14952.3;0.013
14952.8;0.013
14953.3;0.013
14953.8;0.013
14954.3;0.014
14954.8;0.014
14955.3;0.013
14955.8;0.014
14956.3;0.014
14956.8;0.014
14957.3;0.012
14957.8;0.014
14958.3;0.013
14958.8;0.013
14959.3;0.015
14959.8;0.013
14960.3;0.014
14960.8;0.013
14961.3;0.014
14961.8;0.013
14962.3;0.013
14962.8;0.013
14963.3;0.014
14963.8;0.014
14964.3;0.013
14964.8;0.013
14965.3;0.014
14965.8;0.015
14966.3;0.015
14966.8;0.014
14967.3;0.014
14967.8;0.014
14968.3;0.013
14968.8;0.013
14969.3;0.013
14969.8;0.015
14970.3;0.014
14970.8;0.014
14971.3;0.014
14971.8;0.014
14972.3;0.014
14972.8;0.013
14973.3;0.014
14973.8;0.014
14974.3;0.013
14974.8;0.013
14975.3;0.014
14975.8;0.013
14976.3;0.014
14976.8;0.013
14977.3;0.014
14977.8;0.013
14978.3;0.014
14978.8;0.015
14979.3;0.014
14979.8;0.013
14980.3;0.012
14980.8;0.013
14981.3;0.015
14981.8;0.014
14982.3;0.014
14982.8;0.014
14983.3;0.014
14983.8;0.014
14984.3;0.014
14984.8;0.014
14985.3;0.012
14985.8;0.014
14986.3;0.013
14986.8;0.013
14987.3;0.014
14987.8;0.014
14988.3;0.014
14988.8;0.013
14989.3;0.013
14989.8;0.015
14990.3;0.014
14990.8;0.013
14991.3;0.012
14991.8;0.013
14992.3;0.014
14992.8;0.015
14993.3;0.013
14993.8;0.013
14994.3;0.014
14994.8;0.013
14995.3;0.013
14995.8;0.012
14996.3;0.014
14996.8;0.013
14997.3;0.014
14997.8;0.013
14998.3;0.014
14998.8;0.014
14999.3;0.014
14999.8;0.014
15000.3;0.013
15000.8;0.014
15001.3;0.014
15001.8;0.012
15002.3;0.013
15002.8;0.013
15003.3;0.014
15003.8;0.012
15004.3;0.015
15004.8;0.014
15005.3;0.014
15005.8;0.014
15006.3;0.014
15006.8;0.013
15007.3;0.015
15007.8;0.013
15008.3;0.014
15008.8;0.013
15009.3;0.014
15009.8;0.013
15010.3;0.013
15010.8;0.013
15011.3;0.013
15011.8;0.015
15012.3;0.013
15012.8;0.013
15013.3;0.013
15013.8;0.013
15014.3;0.015
15014.8;0.012
15015.3;0.014
15015.8;0.014
15016.3;0.014
15016.8;0.013
15017.3;0.013
15017.8;0.013
15018.3;0.013
15018.8;0.014
15019.3;0.012
15019.8;0.015
15020.3;0.013
15020.8;0.013
15021.3;0.015
15021.8;0.013
15022.3;0.013
15022.8;0.013
15023.3;0.014
15023.8;0.014
15024.3;0.013
15024.8;0.014
15025.3;0.013
15025.8;0.014
15026.3;0.014
15026.8;0.012
15027.3;0.015
15027.8;0.014
15028.3;0.013
15028.8;0.013
15029.3;0.013
15029.8;0.014
15030.3;0.014
15030.8;0.014
15031.3;0.014
15031.8;0.014
15032.3;0.013
15032.8;0.014
15033.3;0.013
15033.8;0.014
15034.3;0.014
15034.8;0.011
15035.3;0.015
15035.8;0.013
15036.3;0.014
15036.8;0.012
15037.3;0.012
15037.8;0.013
15038.3;0.014
15038.8;0.014
15039.3;0.012
15039.8;0.014
15040.3;0.013
15040.8;0.014
15041.3;0.014
15041.8;0.014
15042.3;0.013
15042.8;0.013
15043.3;0.014
15043.8;0.014
15044.3;0.014
15044.8;0.013
15045.3;0.013
15045.8;0.014
15046.3;0.013
15046.8;0.014
15047.3;0.014
15047.8;0.013
15048.3;0.014
15048.8;0.014
15049.3;0.014
15049.8;0.013
15050.3;0.014
15050.8;0.013
15051.3;0.013
15051.8;0.015
15052.3;0.013
15052.8;0.013
15053.3;0.014
15053.8;0.013
15054.3;0.014
15054.8;0.014
15055.3;0.013
15055.8;0.014
15056.3;0.015
15056.8;0.013
15057.3;0.013
15057.8;0.012
15058.3;0.013
15058.8;0.014
15059.3;0.013
15059.8;0.014
15060.3;0.013
15060.8;0.014
15061.3;0.013
15061.8;0.013
15062.3;0.014
15062.8;0.013
15063.3;0.015
15063.8;0.014
15064.3;0.012
15064.8;0.014
15065.3;0.013
15065.8;0.014
15066.3;0.013
15066.8;0.013
15067.3;0.016
15067.8;0.013
15068.3;0.013
15068.8;0.013
15069.3;0.014
15069.8;0.013
15070.3;0.014
15070.8;0.014
15071.3;0.012
15071.8;0.013
15072.3;0.014
15072.8;0.013
15073.3;0.013
15073.8;0.014
15074.3;0.014
15074.8;0.014
15075.3;0.013
15075.8;0.012
15076.3;0.013
15076.8;0.014
15077.3;0.013
15077.8;0.013
15078.3;0.014
15078.8;0.014
15079.3;0.013
15079.8;0.013
15080.3;0.012
15080.8;0.012
15081.3;0.013
15081.8;0.013
15082.3;0.013
15082.8;0.014
15083.3;0.014
15083.8;0.014
15084.3;0.013
15084.8;0.014
15085.3;0.014
15085.8;0.013
15086.3;0.013
15086.8;0.014
15087.3;0.013
15087.8;0.013
15088.3;0.014
15088.8;0.015
15089.3;0.014
15089.8;0.013
15090.3;0.014
15090.8;0.014
15091.3;0.014
15091.8;0.014
15092.3;0.014
15092.8;0.013
15093.3;0.014
15093.8;0.013
15094.3;0.012
15094.8;0.013
15095.3;0.014
15095.8;0.013
15096.3;0.013
15096.8;0.013
15097.3;0.013
15097.8;0.013
15098.3;0.013
15098.8;0.013
15099.3;0.014
15099.8;0.014
15100.3;0.013
15100.8;0.012
15101.3;0.014
15101.8;0.013
15102.3;0.013
15102.8;0.014
15103.3;0.013
15103.8;0.013
15104.3;0.015
15104.8;0.014
15105.3;0.014
15105.8;0.012
15106.3;0.013
15106.8;0.014
15107.3;0.015
15107.8;0.013
15108.3;0.013
15108.8;0.013
15109.3;0.013
15109.8;0.014
15110.3;0.014
15110.8;0.012
15111.3;0.014
15111.8;0.013
15112.3;0.013
15112.8;0.013
15113.3;0.014
15113.8;0.014
15114.3;0.013
15114.8;0.014
15115.3;0.014
15115.8;0.012
15116.3;0.014
15116.8;0.013
15117.3;0.014
15117.8;0.014
15118.3;0.014
15118.8;0.014
15119.3;0.013
15119.8;0.013
15120.3;0.014
15120.8;0.013
15121.3;0.013
15121.8;0.013
15122.3;0.014
15122.8;0.013
15123.3;0.013
15123.8;0.014
15124.3;0.013
15124.8;0.014
15125.3;0.013
15125.8;0.013
15126.3;0.014
15126.8;0.014
15127.3;0.014
15127.8;0.014
15128.3;0.014
15128.8;0.013
15129.3;0.013
15129.8;0.012
15130.3;0.013
15130.8;0.013
15131.3;0.014
15131.8;0.015
15132.3;0.013
15132.8;0.014
15133.3;0.013
15133.8;0.014
15134.3;0.013
15134.8;0.013
15135.3;0.013
15135.8;0.013
15136.3;0.014
15136.8;0.013
15137.3;0.014
15137.8;0.013
15138.3;0.014
15138.8;0.014
15139.3;0.013
15139.8;0.014
15140.3;0.014
15140.8;0.015
15141.3;0.014
15141.8;0.014
15142.3;0.014
15142.8;0.012
15143.3;0.014
15143.8;0.014
15144.3;0.013
15144.8;0.013
15145.3;0.014
15145.8;0.013
15146.3;0.014
15146.8;0.014
15147.3;0.013
15147.8;0.014
15148.3;0.014
15148.8;0.014
15149.3;0.012
15149.8;0.014
15150.3;0.015
15150.8;0.014
15151.3;0.013
15151.8;0.013
15152.3;0.013
15152.8;0.014
15153.3;0.014
15153.8;0.013
15154.3;0.013
15154.8;0.013
15155.3;0.014
15155.8;0.014
15156.3;0.015
15156.8;0.014
15157.3;0.012
15157.8;0.013
15158.3;0.015
15158.8;0.013
15159.3;0.013
15159.8;0.013
15160.3;0.014
15160.8;0.013
15161.3;0.014
15161.8;0.014
15162.3;0.013
15162.8;0.014
15163.3;0.015
15163.8;0.014
15164.3;0.013
15164.8;0.013
15165.3;0.012
15165.8;0.014
15166.3;0.012
15166.8;0.014
15167.3;0.013
15167.8;0.013
15168.3;0.014
15168.8;0.013
15169.3;0.012
15169.8;0.013
15170.3;0.013
15170.8;0.015
15171.3;0.013
15171.8;0.013
15172.3;0.015
15172.8;0.014
15173.3;0.014
15173.8;0.014
15174.3;0.013
15174.8;0.013
15175.3;0.014
15175.8;0.013
15176.3;0.013
15176.8;0.015
15177.3;0.015
15177.8;0.014
15178.3;0.014
15178.8;0.013
15179.3;0.014
15179.8;0.012
15180.3;0.012
15180.8;0.013
15181.3;0.014
15181.8;0.014
15182.3;0.013
15182.8;0.013
15183.3;0.014
15183.8;0.013
15184.3;0.013
15184.8;0.014
15185.3;0.014
15185.8;0.014
15186.3;0.013
15186.8;0.014
15187.3;0.013
15187.8;0.013
15188.3;0.015
15188.8;0.012
15189.3;0.014
15189.8;0.012
15190.3;0.014
15190.8;0.014
15191.3;0.013
15191.8;0.014
15192.3;0.013
15192.8;0.014
15193.3;0.014
15193.8;0.012
15194.3;0.014
15194.8;0.013
15195.3;0.013
15195.8;0.013
15196.3;0.011
15196.8;0.012
15197.3;0.013
15197.8;0.015
15198.3;0.015
15198.8;0.015
15199.3;0.013
15199.8;0.014
15200.3;0.014
15200.8;0.013
15201.3;0.015
15201.8;0.013
15202.3;0.014
15202.8;0.013
15203.3;0.013
15203.8;0.013
15204.3;0.013
15204.8;0.013
15205.3;0.012
15205.8;0.013
15206.3;0.013
15206.8;0.014
15207.3;0.014
15207.8;0.012
15208.3;0.013
15208.8;0.014
15209.3;0.013
15209.8;0.011
15210.3;0.013
15210.8;0.014
15211.3;0.013
15211.8;0.014
15212.3;0.015
15212.8;0.012
15213.3;0.015
15213.8;0.013
15214.3;0.015
15214.8;0.014
15215.3;0.012
15215.8;0.013
15216.3;0.013
15216.8;0.012
15217.3;0.013
15217.8;0.013
15218.3;0.014
15218.8;0.014
15219.3;0.014
15219.8;0.013
15220.3;0.014
15220.8;0.014
15221.3;0.013
15221.8;0.013
15222.3;0.014
15222.8;0.014
15223.3;0.014
15223.8;0.012
15224.3;0.013
15224.8;0.013
15225.3;0.014
15225.8;0.014
15226.3;0.014
15226.8;0.013
15227.3;0.014
15227.8;0.014
15228.3;0.014
15228.8;0.014
15229.3;0.012
15229.8;0.015
15230.3;0.015
15230.8;0.014
15231.3;0.014
15231.8;0.014
15232.3;0.012
15232.8;0.013
15233.3;0.014
15233.8;0.013
15234.3;0.012
15234.8;0.014
15235.3;0.014
15235.8;0.012
15236.3;0.014
15236.8;0.013
15237.3;0.013
15237.8;0.014
15238.3;0.013
15238.8;0.014
15239.3;0.013
15239.8;0.014
15240.3;0.014
15240.8;0.013
15241.3;0.015
15241.8;0.014
15242.3;0.014
15242.8;0.012
15243.3;0.013
15243.8;0.013
15244.3;0.014
15244.8;0.015
15245.3;0.013
15245.8;0.014
15246.3;0.013
15246.8;0.014
15247.3;0.013
15247.8;0.012
15248.3;0.014
15248.8;0.013
15249.3;0.013
15249.8;0.014
15250.3;0.014
15250.8;0.013
15251.3;0.014
15251.8;0.013
15252.3;0.014
15252.8;0.013
15253.3;0.014
15253.8;0.012
15254.3;0.014
15254.8;0.013
15255.3;0.014
15255.8;0.013
15256.3;0.012
15256.8;0.013
15257.3;0.012
15257.8;0.012
15258.3;0.015
15258.8;0.014
15259.3;0.013
15259.8;0.015
15260.3;0.012
15260.8;0.012
15261.3;0.013
15261.8;0.013
15262.3;0.013
15262.8;0.014
15263.3;0.014
15263.8;0.013
15264.3;0.014
15264.8;0.014
15265.3;0.013
15265.8;0.013
15266.3;0.014
15266.8;0.014
15267.3;0.014
15267.8;0.013
15268.3;0.013
15268.8;0.015
15269.3;0.013
15269.8;0.013
15270.3;0.014
15270.8;0.013
15271.3;0.013
15271.8;0.014
15272.3;0.013
15272.8;0.013
15273.3;0.013
15273.8;0.014
15274.3;0.014
15274.8;0.013
15275.3;0.012
15275.8;0.013
15276.3;0.014
15276.8;0.014
15277.3;0.015
15277.8;0.014
15278.3;0.014
15278.8;0.013
15279.3;0.014
15279.8;0.013
15280.3;0.013
15280.8;0.012
15281.3;0.014
15281.8;0.014
15282.3;0.015
15282.8;0.013
15283.3;0.012
15283.8;0.013
15284.3;0.012
15284.8;0.013
15285.3;0.012
15285.8;0.014
15286.3;0.013
15286.8;0.013
15287.3;0.013
15287.8;0.013
15288.3;0.014
15288.8;0.013
15289.3;0.014
15289.8;0.013
15290.3;0.014
15290.8;0.014
15291.3;0.014
15291.8;0.014
15292.3;0.014
15292.8;0.014
15293.3;0.014
15293.8;0.013
15294.3;0.013
15294.8;0.012
15295.3;0.013
15295.8;0.014
15296.3;0.014
15296.8;0.012
15297.3;0.014
15297.8;0.013
15298.3;0.014
15298.8;0.013
15299.3;0.014
15299.8;0.014
15300.3;0.013
15300.8;0.014
15301.3;0.013
15301.8;0.013
15302.3;0.013
15302.8;0.014
15303.3;0.014
15303.8;0.014
15304.3;0.013
15304.8;0.014
15305.3;0.013
15305.8;0.014
15306.3;0.013
15306.8;0.013
15307.3;0.014
15307.8;0.014
15308.3;0.013
15308.8;0.014
15309.3;0.014
15309.8;0.012
15310.3;0.014
15310.8;0.014
15311.3;0.013
15311.8;0.013
15312.3;0.013
15312.8;0.014
15313.3;0.013
15313.8;0.013
15314.3;0.014
15314.8;0.013
15315.3;0.013
15315.8;0.013
15316.3;0.014
15316.8;0.013
15317.3;0.013
15317.8;0.013
15318.3;0.012
15318.8;0.013
15319.3;0.014
15319.8;0.014
15320.3;0.013
15320.8;0.014
15321.3;0.013
15321.8;0.013
15322.3;0.013
15322.8;0.014
15323.3;0.013
15323.8;0.015
15324.3;0.014
15324.8;0.013
15325.3;0.013
15325.8;0.013
15326.3;0.014
15326.8;0.012
15327.3;0.012
15327.8;0.013
15328.3;0.015
15328.8;0.014
15329.3;0.014
15329.8;0.013
15330.3;0.015
15330.8;0.013
15331.3;0.013
15331.8;0.013
15332.3;0.014
15332.8;0.014
15333.3;0.013
15333.8;0.014
15334.3;0.014
15334.8;0.012
15335.3;0.013
15335.8;0.014
15336.3;0.013
15336.8;0.014
15337.3;0.013
15337.8;0.014
15338.3;0.014
15338.8;0.013
15339.3;0.013
15339.8;0.014
15340.3;0.013
15340.8;0.013
15341.3;0.013
15341.8;0.013
15342.3;0.014
15342.8;0.013
15343.3;0.014
15343.8;0.013
15344.3;0.013
15344.8;0.014
15345.3;0.013
15345.8;0.013
15346.3;0.014
15346.8;0.013
15347.3;0.013
15347.8;0.014
15348.3;0.012
15348.8;0.013
15349.3;0.012
15349.8;0.013
15350.3;0.013
15350.8;0.014
15351.3;0.015
15351.8;0.014
15352.3;0.015
15352.8;0.013
15353.3;0.014
15353.8;0.013
15354.3;0.013
15354.8;0.014
15355.3;0.012
15355.8;0.014
15356.3;0.013
15356.8;0.014
15357.3;0.013
15357.8;0.013
15358.3;0.014
15358.8;0.013
15359.3;0.013
15359.8;0.013
15360.3;0.014
15360.8;0.013
15361.3;0.013
15361.8;0.013
15362.3;0.015
15362.8;0.014
15363.3;0.013
15363.8;0.012
15364.3;0.014
15364.8;0.013
15365.3;0.013
15365.8;0.014
15366.3;0.012
15366.8;0.013
15367.3;0.014
15367.8;0.013
15368.3;0.015
15368.8;0.013
15369.3;0.013
15369.8;0.014
15370.3;0.013
15370.8;0.014
15371.3;0.013
15371.8;0.013
15372.3;0.013
15372.8;0.014
15373.3;0.013
15373.8;0.014
15374.3;0.012
15374.8;0.014
15375.3;0.014
15375.8;0.014
15376.3;0.014
15376.8;0.012
15377.3;0.013
15377.8;0.014
15378.3;0.015
15378.8;0.014
15379.3;0.014
15379.8;0.012
15380.3;0.013
15380.8;0.013
15381.3;0.014
15381.8;0.013
15382.3;0.014
15382.8;0.013
15383.3;0.013
15383.8;0.013
15384.3;0.013
15384.8;0.012
15385.3;0.014
15385.8;0.014
15386.3;0.013
15386.8;0.013
15387.3;0.013
15387.8;0.014
15388.3;0.013
15388.8;0.014
15389.3;0.014
15389.8;0.013
15390.3;0.014
15390.8;0.013
15391.3;0.013
15391.8;0.013
15392.3;0.013
15392.8;0.014
15393.3;0.014
15393.8;0.013
15394.3;0.014
15394.8;0.012
15395.3;0.013
15395.8;0.014
15396.3;0.014
15396.8;0.013
15397.3;0.013
15397.8;0.014
15398.3;0.013
15398.8;0.013
15399.3;0.014
15399.8;0.014
15400.3;0.013
15400.8;0.013
15401.3;0.015
15401.8;0.014
15402.3;0.013
15402.8;0.013
15403.3;0.013
15403.8;0.013
15404.3;0.013
15404.8;0.013
15405.3;0.013
15405.8;0.014
15406.3;0.013
15406.8;0.014
15407.3;0.013
15407.8;0.013
15408.3;0.013
15408.8;0.012
15409.3;0.013
15409.8;0.013
15410.3;0.012
15410.8;0.013
15411.3;0.013
15411.8;0.014
15412.3;0.013
15412.8;0.014
15413.3;0.013
15413.8;0.014
15414.3;0.013
15414.8;0.012
15415.3;0.013
15415.8;0.012
15416.3;0.013
15416.8;0.014
15417.3;0.013
15417.8;0.013
15418.3;0.013
15418.8;0.013
15419.3;0.014
15419.8;0.011
15420.3;0.013
15420.8;0.015
15421.3;0.014
15421.8;0.014
15422.3;0.013
15422.8;0.013
15423.3;0.013
15423.8;0.012
15424.3;0.014
15424.8;0.013
15425.3;0.013
15425.8;0.014
15426.3;0.014
15426.8;0.011
15427.3;0.013
15427.8;0.015
15428.3;0.015
15428.8;0.013
15429.3;0.014
15429.8;0.013
15430.3;0.013
15430.8;0.013
15431.3;0.013
15431.8;0.014
15432.3;0.013
15432.8;0.013
15433.3;0.012
15433.8;0.014
15434.3;0.013
15434.8;0.014
15435.3;0.014
15435.8;0.014
15436.3;0.015
15436.8;0.012
15437.3;0.014
15437.8;0.014
15438.3;0.012
15438.8;0.012
15439.3;0.013
15439.8;0.013
15440.3;0.015
15440.8;0.013
15441.3;0.014
15441.8;0.013
15442.3;0.013
15442.8;0.013
15443.3;0.014
15443.8;0.013
15444.3;0.012
15444.8;0.012
15445.3;0.014
15445.8;0.014
15446.3;0.011
15446.8;0.014
15447.3;0.013
15447.8;0.013
15448.3;0.012
15448.8;0.012
15449.3;0.013
15449.8;0.014
15450.3;0.013
15450.8;0.014
15451.3;0.013
15451.8;0.014
15452.3;0.013
15452.8;0.012
15453.3;0.012
15453.8;0.014
15454.3;0.013
15454.8;0.014
15455.3;0.012
15455.8;0.015
15456.3;0.013
15456.8;0.012
15457.3;0.014
15457.8;0.014
15458.3;0.013
15458.8;0.014
15459.3;0.013
15459.8;0.014
15460.3;0.013
15460.8;0.012
15461.3;0.013
15461.8;0.013
15462.3;0.013
15462.8;0.013
15463.3;0.014
15463.8;0.015
15464.3;0.014
15464.8;0.014
15465.3;0.015
15465.8;0.013
15466.3;0.013
15466.8;0.014
15467.3;0.014
15467.8;0.012
15468.3;0.013
15468.8;0.014
15469.3;0.013
15469.8;0.013
15470.3;0.013
15470.8;0.013
15471.3;0.012
15471.8;0.013
15472.3;0.013
15472.8;0.014
15473.3;0.014
15473.8;0.013
15474.3;0.013
15474.8;0.013
15475.3;0.013
15475.8;0.013
15476.3;0.014
15476.8;0.013
15477.3;0.014
15477.8;0.013
15478.3;0.013
15478.8;0.013
15479.3;0.014
15479.8;0.014
15480.3;0.012
15480.8;0.013
15481.3;0.012
15481.8;0.013
15482.3;0.014
15482.8;0.014
15483.3;0.014
15483.8;0.012
15484.3;0.013
15484.8;0.013
15485.3;0.013
15485.8;0.013
15486.3;0.014
15486.8;0.013
15487.3;0.013
15487.8;0.013
15488.3;0.013
15488.8;0.013
15489.3;0.013
15489.8;0.014
15490.3;0.012
15490.8;0.013
15491.3;0.013
15491.8;0.013
15492.3;0.013
15492.8;0.014
15493.3;0.013
15493.8;0.013
15494.3;0.014
15494.8;0.013
15495.3;0.014
15495.8;0.011
15496.3;0.012
15496.8;0.014
15497.3;0.013
15497.8;0.014
15498.3;0.014
15498.8;0.012
15499.3;0.013
15499.8;0.013
15500.3;0.013
15500.8;0.012
15501.3;0.013
15501.8;0.014
15502.3;0.012
15502.8;0.013
15503.3;0.012
15503.8;0.014
15504.3;0.013
15504.8;0.014
15505.3;0.013
15505.8;0.012
15506.3;0.013
15506.8;0.013
15507.3;0.013
15507.8;0.012
15508.3;0.014
15508.8;0.014
15509.3;0.014
15509.8;0.012
15510.3;0.014
15510.8;0.013
15511.3;0.014
15511.8;0.013
15512.3;0.013
15512.8;0.015
15513.3;0.011
15513.8;0.014
15514.3;0.014
15514.8;0.012
15515.3;0.013
15515.8;0.013
15516.3;0.013
15516.8;0.013
15517.3;0.013
15517.8;0.013
15518.3;0.013
15518.8;0.015
15519.3;0.014
15519.8;0.013
15520.3;0.011
15520.8;0.013
15521.3;0.013
15521.8;0.014
15522.3;0.013
15522.8;0.013
15523.3;0.013
15523.8;0.013
15524.3;0.013
15524.8;0.013
15525.3;0.013
15525.8;0.013
15526.3;0.013
15526.8;0.012
15527.3;0.013
15527.8;0.014
15528.3;0.014
15528.8;0.013
15529.3;0.014
15529.8;0.014
15530.3;0.013
15530.8;0.013
15531.3;0.012
15531.8;0.015
15532.3;0.013
15532.8;0.013
15533.3;0.013
15533.8;0.012
15534.3;0.013
15534.8;0.015
15535.3;0.013
15535.8;0.013
15536.3;0.012
15536.8;0.014
15537.3;0.013
15537.8;0.014
15538.3;0.014
15538.8;0.014
15539.3;0.014
15539.8;0.014
15540.3;0.013
15540.8;0.014
15541.3;0.013
15541.8;0.013
15542.3;0.014
15542.8;0.013
15543.3;0.014
15543.8;0.012
15544.3;0.014
15544.8;0.012
15545.3;0.013
15545.8;0.013
15546.3;0.013
15546.8;0.013
15547.3;0.013
15547.8;0.013
15548.3;0.014
15548.8;0.013
15549.3;0.012
15549.8;0.014
15550.3;0.013
15550.8;0.013
15551.3;0.013
15551.8;0.013
15552.3;0.014
15552.8;0.013
15553.3;0.014
15553.8;0.014
15554.3;0.013
15554.8;0.014
15555.3;0.012
15555.8;0.013
15556.3;0.013
15556.8;0.013
15557.3;0.013
15557.8;0.013
15558.3;0.013
15558.8;0.012
15559.3;0.015
15559.8;0.013
15560.3;0.012
15560.8;0.013
15561.3;0.014
15561.8;0.014
15562.3;0.013
15562.8;0.012
15563.3;0.014
15563.8;0.014
15564.3;0.013
15564.8;0.014
15565.3;0.014
15565.8;0.012
15566.3;0.014
15566.8;0.013
15567.3;0.012
15567.8;0.014
15568.3;0.014
15568.8;0.014
15569.3;0.012
15569.8;0.013
15570.3;0.011
15570.8;0.012
15571.3;0.013
15571.8;0.013
15572.3;0.014
15572.8;0.014
15573.3;0.014
15573.8;0.013
15574.3;0.013
15574.8;0.013
15575.3;0.013
15575.8;0.014
15576.3;0.014
15576.8;0.012
15577.3;0.013
15577.8;0.014
15578.3;0.013
15578.8;0.013
15579.3;0.012
15579.8;0.014
15580.3;0.012
15580.8;0.012
15581.3;0.014
15581.8;0.013
15582.3;0.014
15582.8;0.013
15583.3;0.014
15583.8;0.012
15584.3;0.013
15584.8;0.012
15585.3;0.013
15585.8;0.013
15586.3;0.012
15586.8;0.014
15587.3;0.013
15587.8;0.012
15588.3;0.014
15588.8;0.013
15589.3;0.014
15589.8;0.013
15590.3;0.013
15590.8;0.012
15591.3;0.013
15591.8;0.013
15592.3;0.013
15592.8;0.012
15593.3;0.012
15593.8;0.013
15594.3;0.013
15594.8;0.012
15595.3;0.013
15595.8;0.013
15596.3;0.014
15596.8;0.014
15597.3;0.013
15597.8;0.014
15598.3;0.012
15598.8;0.013
15599.3;0.014
15599.8;0.013
15600.3;0.012
15600.8;0.014
15601.3;0.013
15601.8;0.013
15602.3;0.013
15602.8;0.014
15603.3;0.013
15603.8;0.014
15604.3;0.013
15604.8;0.014
15605.3;0.014
15605.8;0.014
15606.3;0.013
15606.8;0.013
15607.3;0.014
15607.8;0.012
15608.3;0.012
15608.8;0.014
15609.3;0.014
15609.8;0.013
15610.3;0.013
15610.8;0.012
15611.3;0.013
15611.8;0.013
15612.3;0.012
15612.8;0.012
15613.3;0.012
15613.8;0.014
15614.3;0.014
15614.8;0.012
15615.3;0.013
15615.8;0.012
15616.3;0.014
15616.8;0.013
15617.3;0.013
15617.8;0.013
15618.3;0.013
15618.8;0.013
15619.3;0.013
15619.8;0.013
15620.3;0.014
15620.8;0.013
15621.3;0.013
15621.8;0.013
15622.3;0.013
15622.8;0.014
15623.3;0.013
15623.8;0.013
15624.3;0.012
15624.8;0.012
15625.3;0.014
15625.8;0.011
15626.3;0.013
15626.8;0.013
15627.3;0.013
15627.8;0.015
15628.3;0.013
15628.8;0.014
15629.3;0.014
15629.8;0.013
15630.3;0.013
15630.8;0.013
15631.3;0.014
15631.8;0.014
15632.3;0.011
15632.8;0.013
15633.3;0.012
15633.8;0.014
15634.3;0.013
15634.8;0.014
15635.3;0.012
15635.8;0.013
15636.3;0.013
15636.8;0.012
15637.3;0.013
15637.8;0.014
15638.3;0.013
15638.8;0.013
15639.3;0.013
15639.8;0.013
15640.3;0.014
15640.8;0.013
15641.3;0.014
15641.8;0.012
15642.3;0.013
15642.8;0.013
15643.3;0.014
15643.8;0.012
15644.3;0.013
15644.8;0.013
15645.3;0.012
15645.8;0.013
15646.3;0.014
15646.8;0.012
15647.3;0.014
15647.8;0.012
15648.3;0.013
15648.8;0.013
15649.3;0.013
15649.8;0.013
15650.3;0.013
15650.8;0.013
15651.3;0.013
15651.8;0.015
15652.3;0.014
15652.8;0.013
15653.3;0.014
15653.8;0.014
15654.3;0.013
15654.8;0.013
15655.3;0.014
15655.8;0.012
15656.3;0.013
15656.8;0.013
15657.3;0.013
15657.8;0.015
15658.3;0.012
15658.8;0.013
15659.3;0.012
15659.8;0.013
15660.3;0.013
15660.8;0.012
15661.3;0.013
15661.8;0.013
15662.3;0.013
15662.8;0.013
15663.3;0.013
15663.8;0.013
15664.3;0.013
15664.8;0.014
15665.3;0.012
15665.8;0.013
15666.3;0.015
15666.8;0.012
15667.3;0.013
15667.8;0.013
15668.3;0.014
15668.8;0.013
15669.3;0.013
15669.8;0.013
15670.3;0.013
15670.8;0.013
15671.3;0.013
15671.8;0.012
15672.3;0.013
15672.8;0.012
15673.3;0.014
15673.8;0.012
15674.3;0.014
15674.8;0.013
15675.3;0.014
15675.8;0.015
15676.3;0.012
15676.8;0.014
15677.3;0.012
15677.8;0.013
15678.3;0.013
15678.8;0.013
15679.3;0.014
15679.8;0.013
15680.3;0.014
15680.8;0.012
15681.3;0.014
15681.8;0.012
15682.3;0.013
15682.8;0.013
15683.3;0.012
15683.8;0.012
15684.3;0.013
15684.8;0.013
15685.3;0.013
15685.8;0.014
15686.3;0.014
15686.8;0.013
15687.3;0.014
15687.8;0.013
15688.3;0.012
15688.8;0.014
15689.3;0.014
15689.8;0.015
15690.3;0.014
15690.8;0.012
15691.3;0.012
15691.8;0.013
15692.3;0.015
15692.8;0.012
15693.3;0.014
15693.8;0.013
15694.3;0.013
15694.8;0.012
15695.3;0.013
15695.8;0.013
15696.3;0.012
15696.8;0.014
15697.3;0.013
15697.8;0.013
15698.3;0.013
15698.8;0.012
15699.3;0.013
15699.8;0.013
15700.3;0.014
15700.8;0.012
15701.3;0.014
15701.8;0.013
15702.3;0.013
15702.8;0.015
15703.3;0.012
15703.8;0.014
15704.3;0.015
15704.8;0.012
15705.3;0.014
15705.8;0.011
15706.3;0.015
15706.8;0.013
15707.3;0.013
15707.8;0.013
15708.3;0.012
15708.8;0.013
15709.3;0.011
15709.8;0.013
15710.3;0.012
15710.8;0.013
15711.3;0.013
15711.8;0.014
15712.3;0.014
15712.8;0.013
15713.3;0.013
15713.8;0.012
15714.3;0.014
15714.8;0.014
15715.3;0.012
15715.8;0.013
15716.3;0.013
15716.8;0.013
15717.3;0.014
15717.8;0.013
15718.3;0.015
15718.8;0.013
15719.3;0.013
15719.8;0.013
15720.3;0.013
15720.8;0.014
15721.3;0.014
15721.8;0.013
15722.3;0.012
15722.8;0.014
15723.3;0.013
15723.8;0.013
15724.3;0.012
15724.8;0.013
15725.3;0.013
15725.8;0.013
15726.3;0.013
15726.8;0.013
15727.3;0.015
15727.8;0.014
15728.3;0.014
15728.8;0.012
15729.3;0.013
15729.8;0.015
15730.3;0.013
15730.8;0.013
15731.3;0.012
15731.8;0.013
15732.3;0.013
15732.8;0.012
15733.3;0.012
15733.8;0.013
15734.3;0.012
15734.8;0.013
15735.3;0.013
15735.8;0.014
15736.3;0.012
15736.8;0.012
15737.3;0.013
15737.8;0.013
15738.3;0.014
15738.8;0.012
15739.3;0.012
15739.8;0.013
15740.3;0.013
15740.8;0.013
15741.3;0.013
15741.8;0.014
15742.3;0.013
15742.8;0.014
15743.3;0.014
15743.8;0.013
15744.3;0.013
15744.8;0.013
15745.3;0.012
15745.8;0.014
15746.3;0.013
15746.8;0.013
15747.3;0.012
15747.8;0.013
15748.3;0.013
15748.8;0.013
15749.3;0.012
15749.8;0.013
15750.3;0.013
15750.8;0.013
15751.3;0.014
15751.8;0.013
15752.3;0.014
15752.8;0.013
15753.3;0.013
15753.8;0.014
15754.3;0.013
15754.8;0.014
15755.3;0.013
15755.8;0.013
15756.3;0.014
15756.8;0.013
15757.3;0.013
15757.8;0.013
15758.3;0.014
15758.8;0.012
15759.3;0.014
15759.8;0.013
15760.3;0.013
15760.8;0.012
15761.3;0.014
15761.8;0.013
15762.3;0.015
15762.8;0.013
15763.3;0.012
15763.8;0.013
15764.3;0.012
15764.8;0.014
15765.3;0.013
15765.8;0.013
15766.3;0.013
15766.8;0.013
15767.3;0.012
15767.8;0.014
15768.3;0.014
15768.8;0.014
15769.3;0.013
15769.8;0.012
15770.3;0.013
15770.8;0.014
15771.3;0.013
15771.8;0.011
15772.3;0.013
15772.8;0.014
15773.3;0.013
15773.8;0.013
15774.3;0.013
15774.8;0.012
15775.3;0.012
15775.8;0.014
15776.3;0.013
15776.8;0.014
15777.3;0.014
15777.8;0.014
15778.3;0.014
15778.8;0.014
15779.3;0.013
15779.8;0.014
15780.3;0.012
15780.8;0.013
15781.3;0.012
15781.8;0.013
15782.3;0.013
15782.8;0.014
15783.3;0.012
15783.8;0.012
15784.3;0.014
15784.8;0.013
15785.3;0.012
15785.8;0.012
15786.3;0.012
15786.8;0.012
15787.3;0.012
15787.8;0.013
15788.3;0.014
15788.8;0.014
15789.3;0.013
15789.8;0.014
15790.3;0.014
15790.8;0.012
15791.3;0.013
15791.8;0.013
15792.3;0.012
15792.8;0.013
15793.3;0.014
15793.8;0.013
15794.3;0.013
15794.8;0.014
15795.3;0.013
15795.8;0.013
15796.3;0.013
15796.8;0.014
15797.3;0.012
15797.8;0.013
15798.3;0.014
15798.8;0.012
15799.3;0.014
15799.8;0.013
15800.3;0.012
15800.8;0.013
15801.3;0.013
15801.8;0.013
15802.3;0.013
15802.8;0.014
15803.3;0.013
15803.8;0.012
15804.3;0.013
15804.8;0.013
15805.3;0.013
15805.8;0.012
15806.3;0.013
15806.8;0.012
15807.3;0.013
15807.8;0.013
15808.3;0.013
15808.8;0.013
15809.3;0.012
15809.8;0.014
15810.3;0.013
15810.8;0.012
15811.3;0.013
15811.8;0.012
15812.3;0.012
15812.8;0.013
15813.3;0.013
15813.8;0.014
15814.3;0.013
15814.8;0.013
15815.3;0.013
15815.8;0.014
15816.3;0.014
15816.8;0.012
15817.3;0.013
15817.8;0.013
15818.3;0.013
15818.8;0.013
15819.3;0.014
15819.8;0.013
15820.3;0.013
15820.8;0.013
15821.3;0.013
15821.8;0.013
15822.3;0.013
15822.8;0.015
15823.3;0.013
15823.8;0.013
15824.3;0.012
15824.8;0.013
15825.3;0.014
15825.8;0.013
15826.3;0.015
15826.8;0.013
15827.3;0.012
15827.8;0.012
15828.3;0.015
15828.8;0.014
15829.3;0.013
15829.8;0.014
15830.3;0.012
15830.8;0.013
15831.3;0.014
15831.8;0.014
15832.3;0.014
15832.8;0.014
15833.3;0.014
15833.8;0.013
15834.3;0.013
15834.8;0.013
15835.3;0.012
15835.8;0.014
15836.3;0.012
15836.8;0.012
15837.3;0.013
15837.8;0.012
15838.3;0.013
15838.8;0.015
15839.3;0.013
15839.8;0.013
15840.3;0.013
15840.8;0.012
15841.3;0.013
15841.8;0.014
15842.3;0.013
15842.8;0.014
15843.3;0.012
15843.8;0.013
15844.3;0.012
15844.8;0.013
15845.3;0.014
15845.8;0.013
15846.3;0.012
15846.8;0.014
15847.3;0.013
15847.8;0.013
15848.3;0.012
15848.8;0.013
15849.3;0.014
15849.8;0.013
15850.3;0.013
15850.8;0.015
15851.3;0.013
15851.8;0.012
15852.3;0.015
15852.8;0.013
15853.3;0.012
15853.8;0.012
15854.3;0.013
15854.8;0.012
15855.3;0.012
15855.8;0.014
15856.3;0.012
15856.8;0.014
15857.3;0.013
15857.8;0.014
15858.3;0.014
15858.8;0.014
15859.3;0.013
15859.8;0.012
15860.3;0.013
15860.8;0.013
15861.3;0.012
15861.8;0.013
15862.3;0.012
15862.8;0.013
15863.3;0.013
15863.8;0.013
15864.3;0.013
15864.8;0.013
15865.3;0.013
15865.8;0.013
15866.3;0.013
15866.8;0.013
15867.3;0.014
15867.8;0.013
15868.3;0.014
15868.8;0.012
15869.3;0.013
15869.8;0.013
15870.3;0.012
15870.8;0.014
15871.3;0.014
15871.8;0.012
15872.3;0.013
15872.8;0.013
15873.3;0.012
15873.8;0.012
15874.3;0.014
15874.8;0.013
15875.3;0.012
15875.8;0.016
15876.3;0.013
15876.8;0.013
15877.3;0.013
15877.8;0.013
15878.3;0.013
15878.8;0.013
15879.3;0.013
15879.8;0.013
15880.3;0.013
15880.8;0.013
15881.3;0.013
15881.8;0.013
15882.3;0.013
15882.8;0.012
15883.3;0.013
15883.8;0.012
15884.3;0.014
15884.8;0.012
15885.3;0.013
15885.8;0.016
15886.3;0.014
15886.8;0.012
15887.3;0.013
15887.8;0.013
15888.3;0.013
15888.8;0.013
15889.3;0.013
15889.8;0.013
15890.3;0.013
15890.8;0.013
15891.3;0.012
15891.8;0.013
15892.3;0.014
15892.8;0.014
15893.3;0.013
15893.8;0.013
15894.3;0.012
15894.8;0.013
15895.3;0.013
15895.8;0.012
15896.3;0.014
15896.8;0.013
15897.3;0.013
15897.8;0.012
15898.3;0.013
15898.8;0.014
15899.3;0.013
15899.8;0.012
15900.3;0.014
15900.8;0.014
15901.3;0.012
15901.8;0.013
15902.3;0.013
15902.8;0.013
15903.3;0.013
15903.8;0.014
15904.3;0.012
15904.8;0.013
15905.3;0.013
15905.8;0.013
15906.3;0.014
15906.8;0.013
15907.3;0.013
15907.8;0.013
15908.3;0.013
15908.8;0.013
15909.3;0.014
15909.8;0.014
15910.3;0.012
15910.8;0.013
15911.3;0.013
15911.8;0.014
15912.3;0.014
15912.8;0.013
15913.3;0.013
15913.8;0.013
15914.3;0.012
15914.8;0.012
15915.3;0.014
15915.8;0.013
15916.3;0.012
15916.8;0.013
15917.3;0.013
15917.8;0.012
15918.3;0.013
15918.8;0.012
15919.3;0.013
15919.8;0.013
15920.3;0.012
15920.8;0.013
15921.3;0.013
15921.8;0.014
15922.3;0.014
15922.8;0.013
15923.3;0.013
15923.8;0.013
15924.3;0.013
15924.8;0.013
15925.3;0.013
15925.8;0.012
15926.3;0.013
15926.8;0.013
15927.3;0.012
15927.8;0.013
15928.3;0.014
15928.8;0.013
15929.3;0.014
15929.8;0.012
15930.3;0.012
15930.8;0.012
15931.3;0.013
15931.8;0.014
15932.3;0.013
15932.8;0.013
15933.3;0.013
15933.8;0.012
15934.3;0.014
15934.8;0.013
15935.3;0.013
15935.8;0.012
15936.3;0.013
15936.8;0.012
15937.3;0.013
15937.8;0.013
15938.3;0.012
15938.8;0.013
15939.3;0.013
15939.8;0.015
15940.3;0.013
15940.8;0.012
15941.3;0.013
15941.8;0.013
15942.3;0.013
15942.8;0.014
15943.3;0.013
15943.8;0.013
15944.3;0.013
15944.8;0.012
15945.3;0.014
15945.8;0.013
15946.3;0.013
15946.8;0.013
15947.3;0.013
15947.8;0.013
15948.3;0.014
15948.8;0.013
15949.3;0.013
15949.8;0.013
15950.3;0.014
15950.8;0.012
15951.3;0.013
15951.8;0.013
15952.3;0.013
15952.8;0.012
15953.3;0.012
15953.8;0.013
15954.3;0.013
15954.8;0.014
15955.3;0.012
15955.8;0.014
15956.3;0.013
15956.8;0.013
15957.3;0.013
15957.8;0.012
15958.3;0.013
15958.8;0.013
15959.3;0.012
15959.8;0.012
15960.3;0.013
15960.8;0.013
15961.3;0.013
15961.8;0.012
15962.3;0.013
15962.8;0.012
15963.3;0.014
15963.8;0.012
15964.3;0.013
15964.8;0.013
15965.3;0.013
15965.8;0.013
15966.3;0.013
15966.8;0.013
15967.3;0.012
15967.8;0.013
15968.3;0.012
15968.8;0.012
15969.3;0.014
15969.8;0.012
15970.3;0.012
15970.8;0.013
15971.3;0.012
15971.8;0.013
15972.3;0.014
15972.8;0.013
15973.3;0.013
15973.8;0.013
15974.3;0.012
15974.8;0.013
15975.3;0.012
15975.8;0.013
15976.3;0.014
15976.8;0.014
15977.3;0.013
15977.8;0.014
15978.3;0.013
15978.8;0.014
15979.3;0.012
15979.8;0.012
15980.3;0.013
15980.8;0.012
15981.3;0.013
15981.8;0.014
15982.3;0.013
15982.8;0.013
15983.3;0.013
15983.8;0.013
15984.3;0.012
15984.8;0.013
15985.3;0.014
15985.8;0.014
15986.3;0.014
15986.8;0.013
15987.3;0.012
15987.8;0.013
15988.3;0.014
15988.8;0.013
15989.3;0.013
15989.8;0.012
15990.3;0.013
15990.8;0.013
15991.3;0.012
15991.8;0.012
15992.3;0.014
15992.8;0.012
15993.3;0.015
15993.8;0.012
15994.3;0.013
15994.8;0.012
15995.3;0.012
15995.8;0.014
15996.3;0.013
15996.8;0.012
15997.3;0.013
15997.8;0.013
15998.3;0.012
15998.8;0.013
15999.3;0.013
15999.8;0.013
16000.3;0.013
16000.8;0.014
16001.3;0.014
16001.8;0.013
16002.3;0.012
16002.8;0.013
16003.3;0.014
16003.8;0.013
16004.3;0.013
16004.8;0.014
16005.3;0.014
16005.8;0.013
16006.3;0.014
16006.8;0.013
16007.3;0.014
16007.8;0.013
16008.3;0.013
16008.8;0.013
16009.3;0.015
16009.8;0.013
16010.3;0.013
16010.8;0.013
16011.3;0.012
16011.8;0.013
16012.3;0.013
16012.8;0.013
16013.3;0.013
16013.8;0.012
16014.3;0.012
16014.8;0.013
16015.3;0.013
16015.8;0.015
16016.3;0.014
16016.8;0.013
16017.3;0.013
16017.8;0.013
16018.3;0.014
16018.8;0.012
16019.3;0.012
16019.8;0.013
16020.3;0.012
16020.8;0.012
16021.3;0.013
16021.8;0.013
16022.3;0.013
16022.8;0.013
16023.3;0.013
16023.8;0.013
16024.3;0.011
16024.8;0.013
16025.3;0.014
16025.8;0.013
16026.3;0.013
16026.8;0.013
16027.3;0.013
16027.8;0.013
16028.3;0.013
16028.8;0.013
16029.3;0.013
16029.8;0.013
16030.3;0.013
16030.8;0.012
16031.3;0.013
16031.8;0.012
16032.3;0.013
16032.8;0.014
16033.3;0.014
16033.8;0.013
16034.3;0.011
16034.8;0.012
16035.3;0.013
16035.8;0.013
16036.3;0.013
16036.8;0.013
16037.3;0.013
16037.8;0.013
16038.3;0.013
16038.8;0.012
16039.3;0.013
16039.8;0.014
16040.3;0.014
16040.8;0.012
16041.3;0.013
16041.8;0.013
16042.3;0.012
16042.8;0.015
16043.3;0.012
16043.8;0.012
16044.3;0.013
16044.8;0.013
16045.3;0.013
16045.8;0.013
16046.3;0.013
16046.8;0.013
16047.3;0.012
16047.8;0.014
16048.3;0.012
16048.8;0.013
16049.3;0.013
16049.8;0.013
16050.3;0.014
16050.8;0.012
16051.3;0.013
16051.8;0.013
16052.3;0.014
16052.8;0.013
16053.3;0.014
16053.8;0.013
16054.3;0.012
16054.8;0.013
16055.3;0.013
16055.8;0.013
16056.3;0.013
16056.8;0.013
16057.3;0.013
16057.8;0.015
16058.3;0.013
16058.8;0.013
16059.3;0.013
16059.8;0.014
16060.3;0.013
16060.8;0.011
16061.3;0.014
16061.8;0.013
16062.3;0.014
16062.8;0.013
16063.3;0.012
16063.8;0.014
16064.3;0.012
16064.8;0.013
16065.3;0.012
16065.8;0.013
16066.3;0.012
16066.8;0.012
16067.3;0.013
16067.8;0.014
16068.3;0.013
16068.8;0.012
16069.3;0.012
16069.8;0.013
16070.3;0.012
16070.8;0.013
16071.3;0.013
16071.8;0.014
16072.3;0.012
16072.8;0.014
16073.3;0.013
16073.8;0.013
16074.3;0.012
16074.8;0.012
16075.3;0.013
16075.8;0.013
16076.3;0.013
16076.8;0.014
16077.3;0.013
16077.8;0.012
16078.3;0.013
16078.8;0.013
16079.3;0.013
16079.8;0.012
16080.3;0.013
16080.8;0.014
16081.3;0.013
16081.8;0.013
16082.3;0.013
16082.8;0.014
16083.3;0.013
16083.8;0.012
16084.3;0.013
16084.8;0.013
16085.3;0.013
16085.8;0.013
16086.3;0.013
16086.8;0.013
16087.3;0.013
16087.8;0.013
16088.3;0.012
16088.8;0.014
16089.3;0.013
16089.8;0.012
16090.3;0.013
16090.8;0.013
16091.3;0.015
16091.8;0.013
16092.3;0.013
16092.8;0.012
16093.3;0.013
16093.8;0.011
16094.3;0.013
16094.8;0.013
16095.3;0.013
16095.8;0.013
16096.3;0.014
16096.8;0.012
16097.3;0.013
16097.8;0.014
16098.3;0.013
16098.8;0.013
16099.3;0.012
16099.8;0.013
16100.3;0.011
16100.8;0.013
16101.3;0.015
16101.8;0.013
16102.3;0.013
16102.8;0.013
16103.3;0.013
16103.8;0.013
16104.3;0.013
16104.8;0.012
16105.3;0.012
16105.8;0.014
16106.3;0.013
16106.8;0.012
16107.3;0.014
16107.8;0.013
16108.3;0.013
16108.8;0.013
16109.3;0.013
16109.8;0.013
16110.3;0.013
16110.8;0.013
16111.3;0.013
16111.8;0.013
16112.3;0.013
16112.8;0.014
16113.3;0.012
16113.8;0.013
16114.3;0.014
16114.8;0.014
16115.3;0.013
16115.8;0.012
16116.3;0.012
16116.8;0.013
16117.3;0.013
16117.8;0.012
16118.3;0.012
16118.8;0.013
16119.3;0.012
16119.8;0.014
16120.3;0.013
16120.8;0.012
16121.3;0.013
16121.8;0.013
16122.3;0.014
16122.8;0.014
16123.3;0.013
16123.8;0.012
16124.3;0.013
16124.8;0.012
16125.3;0.012
16125.8;0.013
16126.3;0.012
16126.8;0.012
16127.3;0.013
16127.8;0.013
16128.3;0.011
16128.8;0.013
16129.3;0.014
16129.8;0.013
16130.3;0.012
16130.8;0.013
16131.3;0.014
16131.8;0.013
16132.3;0.013
16132.8;0.013
16133.3;0.013
16133.8;0.013
16134.3;0.014
16134.8;0.014
16135.3;0.013
16135.8;0.013
16136.3;0.013
16136.8;0.013
16137.3;0.012
16137.8;0.012
16138.3;0.013
16138.8;0.013
16139.3;0.013
16139.8;0.012
16140.3;0.013
16140.8;0.013
16141.3;0.013
16141.8;0.013
16142.3;0.013
16142.8;0.013
16143.3;0.014
16143.8;0.014
16144.3;0.012
16144.8;0.014
16145.3;0.013
16145.8;0.013
16146.3;0.014
16146.8;0.012
16147.3;0.012
16147.8;0.012
16148.3;0.012
16148.8;0.013
16149.3;0.013
16149.8;0.014
16150.3;0.012
16150.8;0.013
16151.3;0.013
16151.8;0.014
16152.3;0.012
16152.8;0.013
16153.3;0.012
16153.8;0.012
16154.3;0.015
16154.8;0.013
16155.3;0.013
16155.8;0.013
16156.3;0.013
16156.8;0.013
16157.3;0.013
16157.8;0.013
16158.3;0.012
16158.8;0.014
16159.3;0.013
16159.8;0.013
16160.3;0.013
16160.8;0.013
16161.3;0.013
16161.8;0.012
16162.3;0.013
16162.8;0.013
16163.3;0.013
16163.8;0.013
16164.3;0.013
16164.8;0.012
16165.3;0.013
16165.8;0.013
16166.3;0.013
16166.8;0.014
16167.3;0.014
16167.8;0.014
16168.3;0.013
16168.8;0.014
16169.3;0.012
16169.8;0.012
16170.3;0.013
16170.8;0.012
16171.3;0.013
16171.8;0.012
16172.3;0.014
16172.8;0.012
16173.3;0.012
16173.8;0.015
16174.3;0.012
16174.8;0.013
16175.3;0.013
16175.8;0.013
16176.3;0.011
16176.8;0.013
16177.3;0.013
16177.8;0.014
16178.3;0.013
16178.8;0.013
16179.3;0.013
16179.8;0.013
16180.3;0.013
16180.8;0.012
16181.3;0.013
16181.8;0.012
16182.3;0.013
16182.8;0.012
16183.3;0.013
16183.8;0.014
16184.3;0.013
16184.8;0.012
16185.3;0.013
16185.8;0.013
16186.3;0.013
16186.8;0.013
16187.3;0.011
16187.8;0.014
16188.3;0.012
16188.8;0.013
16189.3;0.014
16189.8;0.013
16190.3;0.013
16190.8;0.013
16191.3;0.012
16191.8;0.014
16192.3;0.013
16192.8;0.013
16193.3;0.012
16193.8;0.013
16194.3;0.012
16194.8;0.013
16195.3;0.012
16195.8;0.013
16196.3;0.011
16196.8;0.014
16197.3;0.015
16197.8;0.013
16198.3;0.013
16198.8;0.012
16199.3;0.013
16199.8;0.013
16200.3;0.013
16200.8;0.013
16201.3;0.013
16201.8;0.012
16202.3;0.013
16202.8;0.014
16203.3;0.013
16203.8;0.013
16204.3;0.014
16204.8;0.012
16205.3;0.013
16205.8;0.012
16206.3;0.012
16206.8;0.013
16207.3;0.014
16207.8;0.012
16208.3;0.012
16208.8;0.012
16209.3;0.014
16209.8;0.013
16210.3;0.013
16210.8;0.013
16211.3;0.012
16211.8;0.012
16212.3;0.012
16212.8;0.011
16213.3;0.012
16213.8;0.012
16214.3;0.012
16214.8;0.013
16215.3;0.013
16215.8;0.014
16216.3;0.012
16216.8;0.013
16217.3;0.013
16217.8;0.013
16218.3;0.013
16218.8;0.012
16219.3;0.014
16219.8;0.013
16220.3;0.013
16220.8;0.013
16221.3;0.012
16221.8;0.012
16222.3;0.013
16222.8;0.012
16223.3;0.013
16223.8;0.013
16224.3;0.014
16224.8;0.012
16225.3;0.014
16225.8;0.012
16226.3;0.014
16226.8;0.012
16227.3;0.012
16227.8;0.012
16228.3;0.014
16228.8;0.013
16229.3;0.013
16229.8;0.014
16230.3;0.014
16230.8;0.013
16231.3;0.012
16231.8;0.013
16232.3;0.012
16232.8;0.013
16233.3;0.013
16233.8;0.013
16234.3;0.012
16234.8;0.011
16235.3;0.013
16235.8;0.013
16236.3;0.012
16236.8;0.012
16237.3;0.014
16237.8;0.013
16238.3;0.013
16238.8;0.012
16239.3;0.014
16239.8;0.013
16240.3;0.013
16240.8;0.012
16241.3;0.013
16241.8;0.014
16242.3;0.012
16242.8;0.012
16243.3;0.013
16243.8;0.012
16244.3;0.014
16244.8;0.013
16245.3;0.011
16245.8;0.013
16246.3;0.013
16246.8;0.011
16247.3;0.013
16247.8;0.014
16248.3;0.013
16248.8;0.013
16249.3;0.012
16249.8;0.014
16250.3;0.012
16250.8;0.012
16251.3;0.012
16251.8;0.013
16252.3;0.012
16252.8;0.013
16253.3;0.014
16253.8;0.012
16254.3;0.013
16254.8;0.013
16255.3;0.013
16255.8;0.013
16256.3;0.012
16256.8;0.013
16257.3;0.013
16257.8;0.013
16258.3;0.013
16258.8;0.014
16259.3;0.014
16259.8;0.012
16260.3;0.015
16260.8;0.013
16261.3;0.012
16261.8;0.013
16262.3;0.013
16262.8;0.013
16263.3;0.013
16263.8;0.012
16264.3;0.013
16264.8;0.012
16265.3;0.013
16265.8;0.013
16266.3;0.013
16266.8;0.012
16267.3;0.013
16267.8;0.014
16268.3;0.013
16268.8;0.013
16269.3;0.014
16269.8;0.012
16270.3;0.014
16270.8;0.012
16271.3;0.013
16271.8;0.013
16272.3;0.013
16272.8;0.012
16273.3;0.013
16273.8;0.012
16274.3;0.013
16274.8;0.013
16275.3;0.013
16275.8;0.013
16276.3;0.013
16276.8;0.013
16277.3;0.013
16277.8;0.013
16278.3;0.012
16278.8;0.013
16279.3;0.013
16279.8;0.013
16280.3;0.013
16280.8;0.011
16281.3;0.013
16281.8;0.014
16282.3;0.012
16282.8;0.012
16283.3;0.013
16283.8;0.013
16284.3;0.012
16284.8;0.013
16285.3;0.013
16285.8;0.013
16286.3;0.014
16286.8;0.012
16287.3;0.013
16287.8;0.012
16288.3;0.014
16288.8;0.014
16289.3;0.014
16289.8;0.013
16290.3;0.013
16290.8;0.015
16291.3;0.012
16291.8;0.012
16292.3;0.013
16292.8;0.013
16293.3;0.012
16293.8;0.013
16294.3;0.013
16294.8;0.012
16295.3;0.012
16295.8;0.013
16296.3;0.012
16296.8;0.012
16297.3;0.012
16297.8;0.014
16298.3;0.014
16298.8;0.013
16299.3;0.013
16299.8;0.013
16300.3;0.014
16300.8;0.012
16301.3;0.013
16301.8;0.014
16302.3;0.011
16302.8;0.012
16303.3;0.012
16303.8;0.013
16304.3;0.012
16304.8;0.014
16305.3;0.014
16305.8;0.012
16306.3;0.013
16306.8;0.013
16307.3;0.013
16307.8;0.012
16308.3;0.013
16308.8;0.013
16309.3;0.012
16309.8;0.012
16310.3;0.013
16310.8;0.014
16311.3;0.014
16311.8;0.014
16312.3;0.011
16312.8;0.013
16313.3;0.013
16313.8;0.012
16314.3;0.012
16314.8;0.012
16315.3;0.013
16315.8;0.014
16316.3;0.013
16316.8;0.013
16317.3;0.012
16317.8;0.013
16318.3;0.013
16318.8;0.012
16319.3;0.012
16319.8;0.013
16320.3;0.013
16320.8;0.013
16321.3;0.013
16321.8;0.013
16322.3;0.012
16322.8;0.013
16323.3;0.012
16323.8;0.012
16324.3;0.013
16324.8;0.012
16325.3;0.013
16325.8;0.013
16326.3;0.013
16326.8;0.014
16327.3;0.012
16327.8;0.012
16328.3;0.013
16328.8;0.013
16329.3;0.013
16329.8;0.013
16330.3;0.013
16330.8;0.014
16331.3;0.015
16331.8;0.013
16332.3;0.012
16332.8;0.013
16333.3;0.013
16333.8;0.012
16334.3;0.011
16334.8;0.013
16335.3;0.013
16335.8;0.012
16336.3;0.013
16336.8;0.013
16337.3;0.014
16337.8;0.012
16338.3;0.012
16338.8;0.012
16339.3;0.013
16339.8;0.013
16340.3;0.013
16340.8;0.012
16341.3;0.012
16341.8;0.014
16342.3;0.013
16342.8;0.013
16343.3;0.013
16343.8;0.014
16344.3;0.011
16344.8;0.012
16345.3;0.013
16345.8;0.013
16346.3;0.013
16346.8;0.012
16347.3;0.014
16347.8;0.012
16348.3;0.012
16348.8;0.012
16349.3;0.013
16349.8;0.013
16350.3;0.013
16350.8;0.013
16351.3;0.013
16351.8;0.012
16352.3;0.013
16352.8;0.013
16353.3;0.013
16353.8;0.014
16354.3;0.012
16354.8;0.013
16355.3;0.013
16355.8;0.012
16356.3;0.012
16356.8;0.013
16357.3;0.012
16357.8;0.013
16358.3;0.013
16358.8;0.013
16359.3;0.013
16359.8;0.013
16360.3;0.013
16360.8;0.012
16361.3;0.013
16361.8;0.012
16362.3;0.011
16362.8;0.013
16363.3;0.013
16363.8;0.013
16364.3;0.014
16364.8;0.013
16365.3;0.013
16365.8;0.013
16366.3;0.012
16366.8;0.013
16367.3;0.012
16367.8;0.014
16368.3;0.012
16368.8;0.014
16369.3;0.012
16369.8;0.013
16370.3;0.013
16370.8;0.013
16371.3;0.013
16371.8;0.012
16372.3;0.014
16372.8;0.012
16373.3;0.013
16373.8;0.013
16374.3;0.013
16374.8;0.014
16375.3;0.012
16375.8;0.012
16376.3;0.012
16376.8;0.013
16377.3;0.012
16377.8;0.013
16378.3;0.012
16378.8;0.012
16379.3;0.012
16379.8;0.013
16380.3;0.013
16380.8;0.012
16381.3;0.012
16381.8;0.014
16382.3;0.014
16382.8;0.012
16383.3;0.013
16383.8;0.013
16384.3;0.014
16384.8;0.013
16385.3;0.013
16385.8;0.012
16386.3;0.013
16386.8;0.014
16387.3;0.012
16387.8;0.013
16388.3;0.013
16388.8;0.012
16389.3;0.012
16389.8;0.012
16390.3;0.013
16390.8;0.013
16391.3;0.013
16391.8;0.014
16392.3;0.014
16392.8;0.012
16393.3;0.013
16393.8;0.013
16394.3;0.012
16394.8;0.013
16395.3;0.012
16395.8;0.013
16396.3;0.013
16396.8;0.012
16397.3;0.014
16397.8;0.013
16398.3;0.012
16398.8;0.013
16399.3;0.012
16399.8;0.013
16400.3;0.012
16400.8;0.013
16401.3;0.013
16401.8;0.013
16402.3;0.011
16402.8;0.012
16403.3;0.012
16403.8;0.014
16404.3;0.014
16404.8;0.012
16405.3;0.012
16405.8;0.013
16406.3;0.013
16406.8;0.014
16407.3;0.012
16407.8;0.013
16408.3;0.012
16408.8;0.013
16409.3;0.012
16409.8;0.014
16410.3;0.014
16410.8;0.013
16411.3;0.013
16411.8;0.013
16412.3;0.012
16412.8;0.012
16413.3;0.013
16413.8;0.013
16414.3;0.013
16414.8;0.013
16415.3;0.012
16415.8;0.014
16416.3;0.011
16416.8;0.013
16417.3;0.013
16417.8;0.012
16418.3;0.011
16418.8;0.013
16419.3;0.014
16419.8;0.013
16420.3;0.012
16420.8;0.013
16421.3;0.014
16421.8;0.011
16422.3;0.013
16422.8;0.013
16423.3;0.014
16423.8;0.012
16424.3;0.014
16424.8;0.012
16425.3;0.012
16425.8;0.012
16426.3;0.011
16426.8;0.012
16427.3;0.012
16427.8;0.013
16428.3;0.013
16428.8;0.012
16429.3;0.014
16429.8;0.012
16430.3;0.013
16430.8;0.012
16431.3;0.013
16431.8;0.013
16432.3;0.012
16432.8;0.013
16433.3;0.012
16433.8;0.013
16434.3;0.011
16434.8;0.013
16435.3;0.012
16435.8;0.013
16436.3;0.013
16436.8;0.012
16437.3;0.012
16437.8;0.014
16438.3;0.013
16438.8;0.014
16439.3;0.012
16439.8;0.012
16440.3;0.012
16440.8;0.012
16441.3;0.011
16441.8;0.014
16442.3;0.012
16442.8;0.013
16443.3;0.013
16443.8;0.011
16444.3;0.013
16444.8;0.012
16445.3;0.011
16445.8;0.013
16446.3;0.013
16446.8;0.014
16447.3;0.012
16447.8;0.013
16448.3;0.013
16448.8;0.013
16449.3;0.013
16449.8;0.013
16450.3;0.012
16450.8;0.012
16451.3;0.013
16451.8;0.012
16452.3;0.012
16452.8;0.014
16453.3;0.013
16453.8;0.013
16454.3;0.014
16454.8;0.012
16455.3;0.013
16455.8;0.011
16456.3;0.014
16456.8;0.012
16457.3;0.015
16457.8;0.012
16458.3;0.012
16458.8;0.013
16459.3;0.012
16459.8;0.013
16460.3;0.012
16460.8;0.014
16461.3;0.012
16461.8;0.011
16462.3;0.014
16462.8;0.013
16463.3;0.013
16463.8;0.011
16464.3;0.012
16464.8;0.013
16465.3;0.012
16465.8;0.014
16466.3;0.012
16466.8;0.014
16467.3;0.012
16467.8;0.013
16468.3;0.013
16468.8;0.011
16469.3;0.014
16469.8;0.012
16470.3;0.013
16470.8;0.013
16471.3;0.012
16471.8;0.015
16472.3;0.012
16472.8;0.014
16473.3;0.013
16473.8;0.013
16474.3;0.013
16474.8;0.011
16475.3;0.015
16475.8;0.012
16476.3;0.013
16476.8;0.012
16477.3;0.011
16477.8;0.013
16478.3;0.011
16478.8;0.014
16479.3;0.013
16479.8;0.014
16480.3;0.012
16480.8;0.012
16481.3;0.014
16481.8;0.011
16482.3;0.014
16482.8;0.012
16483.3;0.012
16483.8;0.014
16484.3;0.013
16484.8;0.015
16485.3;0.012
16485.8;0.013
16486.3;0.012
16486.8;0.012
16487.3;0.013
16487.8;0.011
16488.3;0.013
16488.8;0.012
16489.3;0.013
16489.8;0.013
16490.3;0.012
16490.8;0.015
16491.3;0.012
16491.8;0.014
16492.3;0.011
16492.8;0.012
16493.3;0.014
16493.8;0.013
16494.3;0.014
16494.8;0.012
16495.3;0.013
16495.8;0.013
16496.3;0.012
16496.8;0.014
16497.3;0.012
16497.8;0.013
16498.3;0.012
16498.8;0.013
16499.3;0.013
16499.8;0.012
16500.3;0.013
16500.8;0.013
16501.3;0.013
16501.8;0.011
16502.3;0.014
16502.8;0.013
16503.3;0.012
16503.8;0.013
16504.3;0.012
16504.8;0.013
16505.3;0.013
16505.8;0.013
16506.3;0.013
16506.8;0.013
16507.3;0.013
16507.8;0.011
16508.3;0.013
16508.8;0.013
16509.3;0.011
16509.8;0.013
16510.3;0.013
16510.8;0.013
16511.3;0.011
16511.8;0.013
16512.3;0.011
16512.8;0.012
16513.3;0.013
16513.8;0.012
16514.3;0.014
16514.8;0.013
16515.3;0.013
16515.8;0.013
16516.3;0.013
16516.8;0.013
16517.3;0.013
16517.8;0.014
16518.3;0.014
16518.8;0.013
16519.3;0.012
16519.8;0.012
16520.3;0.014
16520.8;0.012
16521.3;0.013
16521.8;0.013
16522.3;0.012
16522.8;0.013
16523.3;0.011
16523.8;0.012
16524.3;0.013
16524.8;0.014
16525.3;0.013
16525.8;0.014
16526.3;0.012
16526.8;0.012
16527.3;0.012
16527.8;0.012
16528.3;0.013
16528.8;0.013
16529.3;0.013
16529.8;0.013
16530.3;0.013
16530.8;0.014
16531.3;0.013
16531.8;0.013
16532.3;0.013
16532.8;0.011
16533.3;0.012
16533.8;0.014
16534.3;0.012
16534.8;0.012
16535.3;0.013
16535.8;0.013
16536.3;0.012
16536.8;0.012
16537.3;0.012
16537.8;0.013
16538.3;0.012
16538.8;0.012
16539.3;0.014
16539.8;0.012
16540.3;0.013
16540.8;0.014
16541.3;0.013
16541.8;0.014
16542.3;0.013
16542.8;0.014
16543.3;0.012
16543.8;0.013
16544.3;0.013
16544.8;0.013
16545.3;0.013
16545.8;0.012
16546.3;0.013
16546.8;0.012
16547.3;0.013
16547.8;0.012
16548.3;0.014
16548.8;0.012
16549.3;0.012
16549.8;0.013
16550.3;0.014
16550.8;0.013
16551.3;0.014
16551.8;0.013
16552.3;0.012
16552.8;0.013
16553.3;0.013
16553.8;0.011
16554.3;0.012
16554.8;0.014
16555.3;0.013
16555.8;0.013
16556.3;0.013
16556.8;0.012
16557.3;0.012
16557.8;0.012
16558.3;0.013
16558.8;0.013
16559.3;0.012
16559.8;0.013
16560.3;0.012
16560.8;0.011
16561.3;0.013
16561.8;0.013
16562.3;0.013
16562.8;0.012
16563.3;0.014
16563.8;0.012
16564.3;0.012
16564.8;0.013
16565.3;0.013
16565.8;0.012
16566.3;0.012
16566.8;0.012
16567.3;0.015
16567.8;0.012
16568.3;0.013
16568.8;0.013
16569.3;0.013
16569.8;0.014
16570.3;0.012
16570.8;0.013
16571.3;0.014
16571.8;0.012
16572.3;0.012
16572.8;0.014
16573.3;0.012
16573.8;0.013
16574.3;0.013
16574.8;0.012
16575.3;0.013
16575.8;0.011
16576.3;0.012
16576.8;0.012
16577.3;0.012
16577.8;0.011
16578.3;0.012
16578.8;0.013
16579.3;0.012
16579.8;0.014
16580.3;0.013
16580.8;0.013
16581.3;0.012
16581.8;0.013
16582.3;0.013
16582.8;0.013
16583.3;0.012
16583.8;0.013
16584.3;0.012
16584.8;0.014
16585.3;0.013
16585.8;0.012
16586.3;0.012
16586.8;0.012
16587.3;0.012
16587.8;0.013
16588.3;0.012
16588.8;0.013
16589.3;0.011
16589.8;0.012
16590.3;0.012
16590.8;0.013
16591.3;0.012
16591.8;0.013
16592.3;0.013
16592.8;0.012
16593.3;0.013
16593.8;0.013
16594.3;0.014
16594.8;0.012
16595.3;0.013
16595.8;0.013
16596.3;0.015
16596.8;0.012
16597.3;0.013
16597.8;0.013
16598.3;0.014
16598.8;0.012
16599.3;0.013
16599.8;0.013
16600.3;0.013
16600.8;0.012
16601.3;0.013
16601.8;0.012
16602.3;0.014
16602.8;0.011
16603.3;0.014
16603.8;0.012
16604.3;0.012
16604.8;0.012
16605.3;0.013
16605.8;0.014
16606.3;0.014
16606.8;0.013
16607.3;0.014
16607.8;0.014
16608.3;0.013
16608.8;0.013
16609.3;0.012
16609.8;0.012
16610.3;0.011
16610.8;0.012
16611.3;0.013
16611.8;0.012
16612.3;0.012
16612.8;0.014
16613.3;0.014
16613.8;0.012
16614.3;0.012
16614.8;0.012
16615.3;0.012
16615.8;0.013
16616.3;0.012
16616.8;0.012
16617.3;0.012
16617.8;0.012
16618.3;0.013
16618.8;0.013
16619.3;0.013
16619.8;0.013
16620.3;0.012
16620.8;0.013
16621.3;0.012
16621.8;0.012
16622.3;0.013
16622.8;0.011
16623.3;0.014
16623.8;0.012
16624.3;0.013
16624.8;0.013
16625.3;0.012
16625.8;0.013
16626.3;0.012
16626.8;0.011
16627.3;0.013
16627.8;0.014
16628.3;0.011
16628.8;0.012
16629.3;0.013
16629.8;0.012
16630.3;0.012
16630.8;0.013
16631.3;0.013
16631.8;0.013
16632.3;0.014
16632.8;0.012
16633.3;0.011
16633.8;0.013
16634.3;0.011
16634.8;0.014
16635.3;0.014
16635.8;0.013
16636.3;0.013
16636.8;0.012
16637.3;0.012
16637.8;0.013
16638.3;0.012
16638.8;0.012
16639.3;0.013
16639.8;0.013
16640.3;0.013
16640.8;0.013
16641.3;0.012
16641.8;0.013
16642.3;0.012
16642.8;0.012
16643.3;0.011
16643.8;0.013
16644.3;0.012
16644.8;0.012
16645.3;0.014
16645.8;0.012
16646.3;0.013
16646.8;0.015
16647.3;0.012
16647.8;0.013
16648.3;0.014
16648.8;0.012
16649.3;0.012
16649.8;0.012
16650.3;0.012
16650.8;0.013
16651.3;0.013
16651.8;0.012
16652.3;0.012
16652.8;0.012
16653.3;0.013
16653.8;0.013
16654.3;0.012
16654.8;0.013
16655.3;0.013
16655.8;0.012
16656.3;0.012
16656.8;0.012
16657.3;0.014
16657.8;0.012
16658.3;0.014
16658.8;0.012
16659.3;0.013
16659.8;0.012
16660.3;0.013
16660.8;0.013
16661.3;0.013
16661.8;0.012
16662.3;0.014
16662.8;0.014
16663.3;0.013
16663.8;0.013
16664.3;0.012
16664.8;0.013
16665.3;0.012
16665.8;0.012
16666.3;0.013
16666.8;0.012
16667.3;0.012
16667.8;0.012
16668.3;0.014
16668.8;0.012
16669.3;0.012
16669.8;0.012
16670.3;0.013
16670.8;0.013
16671.3;0.011
16671.8;0.012
16672.3;0.013
16672.8;0.013
16673.3;0.012
16673.8;0.014
16674.3;0.013
16674.8;0.013
16675.3;0.012
16675.8;0.013
16676.3;0.012
16676.8;0.014
16677.3;0.014
16677.8;0.012
16678.3;0.014
16678.8;0.013
16679.3;0.013
16679.8;0.012
16680.3;0.012
16680.8;0.014
16681.3;0.013
16681.8;0.011
16682.3;0.012
16682.8;0.012
16683.3;0.011
16683.8;0.013
16684.3;0.013
16684.8;0.014
16685.3;0.014
16685.8;0.013
16686.3;0.013
16686.8;0.014
16687.3;0.012
16687.8;0.013
16688.3;0.011
16688.8;0.012
16689.3;0.012
16689.8;0.012
16690.3;0.012
16690.8;0.012
16691.3;0.013
16691.8;0.013
16692.3;0.012
16692.8;0.012
16693.3;0.014
16693.8;0.013
16694.3;0.013
16694.8;0.012
16695.3;0.013
16695.8;0.012
16696.3;0.013
16696.8;0.012
16697.3;0.013
16697.8;0.011
16698.3;0.014
16698.8;0.014
16699.3;0.014
16699.8;0.012
16700.3;0.013
16700.8;0.012
16701.3;0.012
16701.8;0.012
16702.3;0.012
16702.8;0.013
16703.3;0.013
16703.8;0.012
16704.3;0.013
16704.8;0.012
16705.3;0.013
16705.8;0.011
16706.3;0.013
16706.8;0.011
16707.3;0.012
16707.8;0.013
16708.3;0.012
16708.8;0.012
16709.3;0.013
16709.8;0.013
16710.3;0.013
16710.8;0.013
16711.3;0.013
16711.8;0.013
16712.3;0.013
16712.8;0.013
16713.3;0.014
16713.8;0.012
16714.3;0.012
16714.8;0.012
16715.3;0.014
16715.8;0.013
16716.3;0.012
16716.8;0.012
16717.3;0.011
16717.8;0.013
16718.3;0.011
16718.8;0.012
16719.3;0.013
16719.8;0.012
16720.3;0.013
16720.8;0.012
16721.3;0.013
16721.8;0.013
16722.3;0.013
16722.8;0.011
16723.3;0.014
16723.8;0.013
16724.3;0.013
16724.8;0.013
16725.3;0.013
16725.8;0.012
16726.3;0.012
16726.8;0.014
16727.3;0.013
16727.8;0.012
16728.3;0.013
16728.8;0.011
16729.3;0.011
16729.8;0.013
16730.3;0.012
16730.8;0.012
16731.3;0.012
16731.8;0.013
16732.3;0.013
16732.8;0.013
16733.3;0.013
16733.8;0.012
16734.3;0.013
16734.8;0.014
16735.3;0.011
16735.8;0.011
16736.3;0.013
16736.8;0.013
16737.3;0.013
16737.8;0.013
16738.3;0.012
16738.8;0.012
16739.3;0.014
16739.8;0.013
16740.3;0.013
16740.8;0.012
16741.3;0.013
16741.8;0.013
16742.3;0.013
16742.8;0.013
16743.3;0.013
16743.8;0.013
16744.3;0.012
16744.8;0.012
16745.3;0.012
16745.8;0.013
16746.3;0.011
16746.8;0.013
16747.3;0.014
16747.8;0.014
16748.3;0.013
16748.8;0.014
16749.3;0.013
16749.8;0.011
16750.3;0.012
16750.8;0.013
16751.3;0.012
16751.8;0.013
16752.3;0.013
16752.8;0.013
16753.3;0.013
16753.8;0.011
16754.3;0.013
16754.8;0.013
16755.3;0.012
16755.8;0.013
16756.3;0.011
16756.8;0.011
16757.3;0.013
16757.8;0.012
16758.3;0.013
16758.8;0.012
16759.3;0.012
16759.8;0.012
16760.3;0.013
16760.8;0.013
16761.3;0.014
16761.8;0.012
16762.3;0.012
16762.8;0.012
16763.3;0.012
16763.8;0.014
16764.3;0.013
16764.8;0.012
16765.3;0.012
16765.8;0.012
16766.3;0.013
16766.8;0.013
16767.3;0.012
16767.8;0.012
16768.3;0.012
16768.8;0.013
16769.3;0.013
16769.8;0.012
16770.3;0.013
16770.8;0.013
16771.3;0.012
16771.8;0.013
16772.3;0.012
16772.8;0.013
16773.3;0.012
16773.8;0.014
16774.3;0.012
16774.8;0.013
16775.3;0.013
16775.8;0.013
16776.3;0.013
16776.8;0.013
16777.3;0.013
16777.8;0.011
16778.3;0.012
16778.8;0.012
16779.3;0.012
16779.8;0.013
16780.3;0.013
16780.8;0.012
16781.3;0.014
16781.8;0.014
16782.3;0.014
16782.8;0.013
16783.3;0.012
16783.8;0.011
16784.3;0.013
16784.8;0.013
16785.3;0.012
16785.8;0.011
16786.3;0.013
16786.8;0.012
16787.3;0.012
16787.8;0.012
16788.3;0.012
16788.8;0.012
16789.3;0.012
16789.8;0.013
16790.3;0.013
16790.8;0.012
16791.3;0.013
16791.8;0.013
16792.3;0.013
16792.8;0.013
16793.3;0.013
16793.8;0.012
16794.3;0.012
16794.8;0.012
16795.3;0.012
16795.8;0.012
16796.3;0.013
16796.8;0.012
16797.3;0.012
16797.8;0.014
16798.3;0.014
16798.8;0.012
16799.3;0.013
16799.8;0.013
16800.4;0.013
16800.9;0.013
16801.4;0.013
16801.9;0.013
16802.4;0.012
16802.9;0.013
16803.4;0.011
16803.9;0.012
16804.4;0.013
16804.9;0.013
16805.4;0.013
16805.9;0.012
16806.4;0.013
16806.9;0.012
16807.4;0.011
16807.9;0.012
16808.4;0.013
16808.9;0.012
16809.4;0.012
16809.9;0.012
16810.4;0.012
16810.9;0.012
16811.4;0.014
16811.9;0.013
16812.4;0.012
16812.9;0.013
16813.4;0.012
16813.9;0.014
16814.4;0.012
16814.9;0.013
16815.4;0.012
16815.9;0.012
16816.4;0.014
16816.9;0.012
16817.4;0.013
16817.9;0.013
16818.4;0.012
16818.9;0.013
16819.4;0.012
16819.9;0.012
16820.4;0.013
16820.9;0.012
16821.4;0.013
16821.9;0.013
16822.4;0.013
16822.9;0.012
16823.4;0.011
16823.9;0.013
16824.4;0.013
16824.9;0.013
16825.4;0.013
16825.9;0.012
16826.4;0.012
16826.9;0.011
16827.4;0.013
16827.9;0.013
16828.4;0.012
16828.9;0.012
16829.4;0.012
16829.9;0.012
16830.4;0.011
16830.9;0.013
16831.4;0.012
16831.9;0.012
16832.4;0.013
16832.9;0.014
16833.4;0.013
16833.9;0.012
16834.4;0.013
16834.9;0.011
16835.4;0.014
16835.9;0.013
16836.4;0.012
16836.9;0.012
16837.4;0.013
16837.9;0.012
16838.4;0.011
16838.9;0.012
16839.4;0.012
16839.9;0.011
16840.4;0.012
16840.9;0.013
16841.4;0.012
16841.9;0.013
16842.4;0.012
16842.9;0.012
16843.4;0.011
16843.9;0.014
16844.4;0.013
16844.9;0.013
16845.4;0.013
16845.9;0.012
16846.4;0.013
16846.9;0.012
16847.4;0.013
16847.9;0.012
16848.4;0.012
16848.9;0.012
16849.4;0.012
16849.9;0.011
16850.4;0.012
16850.9;0.013
16851.4;0.013
16851.9;0.012
16852.4;0.012
16852.9;0.013
16853.4;0.012
16853.9;0.012
16854.4;0.013
16854.9;0.012
16855.4;0.013
16855.9;0.012
16856.4;0.012
16856.9;0.014
16857.4;0.011
16857.9;0.013
16858.4;0.013
16858.9;0.013
16859.4;0.012
16859.9;0.013
16860.4;0.014
16860.9;0.012
16861.4;0.012
16861.9;0.012
16862.4;0.013
16862.9;0.011
16863.4;0.013
16863.9;0.013
16864.4;0.011
16864.9;0.012
16865.4;0.012
16865.9;0.011
16866.4;0.013
16866.9;0.013
16867.4;0.013
16867.9;0.013
16868.4;0.013
16868.9;0.013
16869.4;0.012
16869.9;0.012
16870.4;0.013
16870.9;0.012
16871.4;0.013
16871.9;0.012
16872.4;0.012
16872.9;0.012
16873.4;0.013
16873.9;0.013
16874.4;0.012
16874.9;0.012
16875.4;0.011
16875.9;0.013
16876.4;0.012
16876.9;0.012
16877.4;0.013
16877.9;0.013
16878.4;0.012
16878.9;0.011
16879.4;0.012
16879.9;0.011
16880.4;0.011
16880.9;0.013
16881.4;0.012
16881.9;0.013
16882.4;0.013
16882.9;0.014
16883.4;0.014
16883.9;0.013
16884.4;0.013
16884.9;0.013
16885.4;0.013
16885.9;0.012
16886.4;0.012
16886.9;0.012
16887.4;0.013
16887.9;0.012
16888.4;0.012
16888.9;0.012
16889.4;0.013
16889.9;0.014
16890.4;0.012
16890.9;0.013
16891.4;0.013
16891.9;0.012
16892.4;0.013
16892.9;0.012
16893.4;0.013
16893.9;0.013
16894.4;0.011
16894.9;0.012
16895.4;0.013
16895.9;0.013
16896.4;0.014
16896.9;0.013
16897.4;0.012
16897.9;0.012
16898.4;0.013
16898.9;0.013
16899.4;0.011
16899.9;0.014
16900.4;0.013
16900.9;0.013
16901.4;0.012
16901.9;0.011
16902.4;0.013
16902.9;0.012
16903.4;0.013
16903.9;0.013
16904.4;0.013
16904.9;0.012
16905.4;0.012
16905.9;0.012
16906.4;0.013
16906.9;0.011
16907.4;0.012
16907.9;0.012
16908.4;0.013
16908.9;0.013
16909.4;0.012
16909.9;0.013
16910.4;0.012
16910.9;0.013
16911.4;0.012
16911.9;0.012
16912.4;0.013
16912.9;0.013
16913.4;0.014
16913.9;0.011
16914.4;0.012
16914.9;0.013
16915.4;0.013
16915.9;0.012
16916.4;0.012
16916.9;0.013
16917.4;0.012
16917.9;0.013
16918.4;0.012
16918.9;0.013
16919.4;0.012
16919.9;0.012
16920.4;0.012
16920.9;0.012
16921.4;0.013
16921.9;0.013
16922.4;0.013
16922.9;0.012
16923.4;0.013
16923.9;0.013
16924.4;0.013
16924.9;0.012
16925.4;0.013
16925.9;0.012
16926.4;0.012
16926.9;0.011
16927.4;0.013
16927.9;0.011
16928.4;0.012
16928.9;0.013
16929.4;0.012
16929.9;0.013
16930.4;0.014
16930.9;0.013
16931.4;0.013
16931.9;0.013
16932.4;0.012
16932.9;0.012
16933.4;0.011
16933.9;0.013
16934.4;0.011
16934.9;0.011
16935.4;0.013
16935.9;0.014
16936.4;0.014
16936.9;0.012
16937.4;0.012
16937.9;0.013
16938.4;0.013
16938.9;0.012
16939.4;0.013
16939.9;0.013
16940.4;0.012
16940.9;0.011
16941.4;0.013
16941.9;0.012
16942.4;0.012
16942.9;0.013
16943.4;0.012
16943.9;0.013
16944.4;0.012
16944.9;0.013
16945.4;0.012
16945.9;0.013
16946.4;0.011
16946.9;0.012
16947.4;0.013
16947.9;0.013
16948.4;0.013
16948.9;0.013
16949.4;0.011
16949.9;0.012
16950.4;0.013
16950.9;0.012
16951.4;0.013
16951.9;0.013
16952.4;0.012
16952.9;0.012
16953.4;0.012
16953.9;0.012
16954.4;0.012
16954.9;0.013
16955.4;0.013
16955.9;0.012
16956.4;0.013
16956.9;0.013
16957.4;0.013
16957.9;0.012
16958.4;0.013
16958.9;0.013
16959.4;0.011
16959.9;0.012
16960.4;0.012
16960.9;0.012
16961.4;0.013
16961.9;0.012
16962.4;0.012
16962.9;0.012
16963.4;0.013
16963.9;0.012
16964.4;0.012
16964.9;0.013
16965.4;0.011
16965.9;0.013
16966.4;0.012
16966.9;0.012
16967.4;0.013
16967.9;0.013
16968.4;0.013
16968.9;0.013
16969.4;0.011
16969.9;0.013
16970.4;0.012
16970.9;0.013
16971.4;0.013
16971.9;0.012
16972.4;0.011
16972.9;0.013
16973.4;0.013
16973.9;0.013
16974.4;0.013
16974.9;0.014
16975.4;0.013
16975.9;0.012
16976.4;0.013
16976.9;0.012
16977.4;0.014
16977.9;0.013
16978.4;0.013
16978.9;0.012
16979.4;0.013
16979.9;0.013
16980.4;0.013
16980.9;0.012
16981.4;0.012
16981.9;0.012
16982.4;0.013
16982.9;0.013
16983.4;0.013
16983.9;0.011
16984.4;0.012
16984.9;0.012
16985.4;0.013
16985.9;0.012
16986.4;0.013
16986.9;0.012
16987.4;0.012
16987.9;0.013
16988.4;0.011
16988.9;0.013
16989.4;0.013
16989.9;0.014
16990.4;0.013
16990.9;0.014
16991.4;0.012
16991.9;0.012
16992.4;0.012
16992.9;0.013
16993.4;0.013
16993.9;0.013
16994.4;0.012
16994.9;0.013
16995.4;0.011
16995.9;0.013
16996.4;0.011
16996.9;0.014
16997.4;0.012
16997.9;0.012
16998.4;0.012
16998.9;0.013
16999.4;0.014
16999.9;0.012
17000.4;0.012
17000.9;0.012
17001.4;0.014
17001.9;0.013
17002.4;0.012
17002.9;0.012
17003.4;0.013
17003.9;0.012
17004.4;0.012
17004.9;0.013
17005.4;0.013
17005.9;0.013
17006.4;0.013
17006.9;0.013
17007.4;0.012
17007.9;0.014
17008.4;0.013
17008.9;0.012
17009.4;0.012
17009.9;0.012
17010.4;0.012
17010.9;0.013
17011.4;0.012
17011.9;0.011
17012.4;0.012
17012.9;0.013
17013.4;0.012
17013.9;0.013
17014.4;0.013
17014.9;0.012
17015.4;0.013
17015.9;0.013
17016.4;0.013
17016.9;0.013
17017.4;0.013
17017.9;0.012
17018.4;0.013
17018.9;0.012
17019.4;0.012
17019.9;0.011
17020.4;0.012
17020.9;0.012
17021.4;0.011
17021.9;0.013
17022.4;0.013
17022.9;0.013
17023.4;0.013
17023.9;0.013
17024.4;0.013
17024.9;0.012
17025.4;0.013
17025.9;0.013
17026.4;0.014
17026.9;0.011
17027.4;0.012
17027.9;0.012
17028.4;0.013
17028.9;0.011
17029.4;0.013
17029.9;0.011
17030.4;0.011
17030.9;0.013
17031.4;0.013
17031.9;0.012
17032.4;0.013
17032.9;0.012
17033.4;0.013
17033.9;0.012
17034.4;0.012
17034.9;0.011
17035.4;0.012
17035.9;0.013
17036.4;0.012
17036.9;0.013
17037.4;0.013
17037.9;0.012
17038.4;0.011
17038.9;0.012
17039.4;0.012
17039.9;0.011
17040.4;0.013
17040.9;0.013
17041.4;0.012
17041.9;0.012
17042.4;0.012
17042.9;0.012
17043.4;0.013
17043.9;0.012
17044.4;0.012
17044.9;0.013
17045.4;0.012
17045.9;0.012
17046.4;0.013
17046.9;0.011
17047.4;0.013
17047.9;0.013
17048.4;0.013
17048.9;0.013
17049.4;0.012
17049.9;0.012
17050.4;0.01
17050.9;0.011
17051.4;0.012
17051.9;0.013
17052.4;0.012
17052.9;0.014
17053.4;0.011
17053.9;0.012
17054.4;0.013
17054.9;0.012
17055.4;0.014
17055.9;0.012
17056.4;0.014
17056.9;0.012
17057.4;0.012
17057.9;0.013
17058.4;0.012
17058.9;0.011
17059.4;0.012
17059.9;0.013
17060.4;0.012
17060.9;0.013
17061.4;0.012
17061.9;0.012
17062.4;0.013
17062.9;0.013
17063.4;0.013
17063.9;0.012
17064.4;0.012
17064.9;0.012
17065.4;0.012
17065.9;0.012
17066.4;0.012
17066.9;0.012
17067.4;0.013
17067.9;0.012
17068.4;0.012
17068.9;0.013
17069.4;0.013
17069.9;0.013
17070.4;0.012
17070.9;0.012
17071.4;0.014
17071.9;0.011
17072.4;0.013
17072.9;0.012
17073.4;0.012
17073.9;0.013
17074.4;0.012
17074.9;0.013
17075.4;0.013
17075.9;0.012
17076.4;0.011
17076.9;0.014
17077.4;0.012
17077.9;0.012
17078.4;0.011
17078.9;0.013
17079.4;0.012
17079.9;0.013
17080.4;0.013
17080.9;0.011
17081.4;0.013
17081.9;0.013
17082.4;0.012
17082.9;0.013
17083.4;0.012
17083.9;0.013
17084.4;0.012
17084.9;0.013
17085.4;0.013
17085.9;0.012
17086.4;0.013
17086.9;0.013
17087.4;0.011
17087.9;0.013
17088.4;0.012
17088.9;0.013
17089.4;0.012
17089.9;0.012
17090.4;0.012
17090.9;0.013
17091.4;0.014
17091.9;0.013
17092.4;0.012
17092.9;0.013
17093.4;0.013
17093.9;0.013
17094.4;0.012
17094.9;0.013
17095.4;0.011
17095.9;0.012
17096.4;0.012
17096.9;0.012
17097.4;0.012
17097.9;0.013
17098.4;0.013
17098.9;0.011
17099.4;0.013
17099.9;0.013
17100.4;0.013
17100.9;0.012
17101.4;0.013
17101.9;0.012
17102.4;0.013
17102.9;0.013
17103.4;0.013
17103.9;0.012
17104.4;0.012
17104.9;0.013
17105.4;0.011
17105.9;0.012
17106.4;0.012
17106.9;0.013
17107.4;0.013
17107.9;0.013
17108.4;0.013
17108.9;0.012
17109.4;0.012
17109.9;0.013
17110.4;0.012
17110.9;0.013
17111.4;0.013
17111.9;0.014
17112.4;0.012
17112.9;0.013
17113.4;0.014
17113.9;0.011
17114.4;0.012
17114.9;0.013
17115.4;0.011
17115.9;0.011
17116.4;0.013
17116.9;0.012
17117.4;0.014
17117.9;0.013
17118.4;0.013
17118.9;0.012
17119.4;0.013
17119.9;0.012
17120.4;0.011
17120.9;0.011
17121.4;0.013
17121.9;0.012
17122.4;0.012
17122.9;0.011
17123.4;0.013
17123.9;0.012
17124.4;0.012
17124.9;0.012
17125.4;0.011
17125.9;0.013
17126.4;0.013
17126.9;0.013
17127.4;0.014
17127.9;0.013
17128.4;0.012
17128.9;0.011
17129.4;0.012
17129.9;0.013
17130.4;0.013
17130.9;0.013
17131.4;0.013
17131.9;0.012
17132.4;0.013
17132.9;0.013
17133.4;0.013
17133.9;0.012
17134.4;0.013
17134.9;0.012
17135.4;0.013
17135.9;0.012
17136.4;0.013
17136.9;0.012
17137.4;0.013
17137.9;0.013
17138.4;0.012
17138.9;0.012
17139.4;0.011
17139.9;0.012
17140.4;0.014
17140.9;0.012
17141.4;0.013
17141.9;0.013
17142.4;0.011
17142.9;0.012
17143.4;0.013
17143.9;0.013
17144.4;0.013
17144.9;0.013
17145.4;0.012
17145.9;0.01
17146.4;0.013
17146.9;0.012
17147.4;0.013
17147.9;0.013
17148.4;0.011
17148.9;0.012
17149.4;0.012
17149.9;0.012
17150.4;0.012
17150.9;0.012
17151.4;0.013
17151.9;0.012
17152.4;0.013
17152.9;0.013
17153.4;0.011
17153.9;0.012
17154.4;0.012
17154.9;0.013
17155.4;0.013
17155.9;0.013
17156.4;0.013
17156.9;0.013
17157.4;0.013
17157.9;0.012
17158.4;0.012
17158.9;0.012
17159.4;0.013
17159.9;0.012
17160.4;0.013
17160.9;0.012
17161.4;0.013
17161.9;0.013
17162.4;0.013
17162.9;0.012
17163.4;0.01
17163.9;0.013
17164.4;0.011
17164.9;0.014
17165.4;0.013
17165.9;0.013
17166.4;0.013
17166.9;0.012
17167.4;0.013
17167.9;0.013
17168.4;0.012
17168.9;0.012
17169.4;0.012
17169.9;0.012
17170.4;0.012
17170.9;0.012
17171.4;0.012
17171.9;0.013
17172.4;0.012
17172.9;0.013
17173.4;0.012
17173.9;0.012
17174.4;0.012
17174.9;0.012
17175.4;0.012
17175.9;0.013
17176.4;0.013
17176.9;0.013
17177.4;0.011
17177.9;0.012
17178.4;0.011
17178.9;0.013
17179.4;0.012
17179.9;0.012
17180.4;0.013
17180.9;0.013
17181.4;0.013
17181.9;0.013
17182.4;0.012
17182.9;0.012
17183.4;0.012
17183.9;0.013
17184.4;0.013
17184.9;0.013
17185.4;0.012
17185.9;0.013
17186.4;0.012
17186.9;0.012
17187.4;0.012
17187.9;0.013
17188.4;0.012
17188.9;0.013
17189.4;0.013
17189.9;0.013
17190.4;0.011
17190.9;0.013
17191.4;0.013
17191.9;0.012
17192.4;0.011
17192.9;0.012
17193.4;0.013
17193.9;0.013
17194.4;0.012
17194.9;0.013
17195.4;0.013
17195.9;0.012
17196.4;0.012
17196.9;0.012
17197.4;0.013
17197.9;0.013
17198.4;0.013
17198.9;0.012
17199.4;0.013
17199.9;0.013
17200.4;0.012
17200.9;0.012
17201.4;0.012
17201.9;0.012
17202.4;0.013
17202.9;0.013
17203.4;0.012
17203.9;0.013
17204.4;0.012
17204.9;0.012
17205.4;0.012
17205.9;0.011
17206.4;0.013
17206.9;0.012
17207.4;0.011
17207.9;0.013
17208.4;0.014
17208.9;0.012
17209.4;0.013
17209.9;0.013
17210.4;0.011
17210.9;0.013
17211.4;0.012
17211.9;0.012
17212.4;0.012
17212.9;0.014
17213.4;0.013
17213.9;0.012
17214.4;0.012
17214.9;0.013
17215.4;0.012
17215.9;0.012
17216.4;0.014
17216.9;0.013
17217.4;0.011
17217.9;0.013
17218.4;0.012
17218.9;0.011
17219.4;0.012
17219.9;0.012
17220.4;0.013
17220.9;0.012
17221.4;0.013
17221.9;0.013
17222.4;0.011
17222.9;0.012
17223.4;0.012
17223.9;0.012
17224.4;0.012
17224.9;0.011
17225.4;0.012
17225.9;0.013
17226.4;0.013
17226.9;0.014
17227.4;0.013
17227.9;0.012
17228.4;0.012
17228.9;0.012
17229.4;0.012
17229.9;0.015
17230.4;0.012
17230.9;0.013
17231.4;0.013
17231.9;0.012
17232.4;0.011
17232.9;0.013
17233.4;0.014
17233.9;0.013
17234.4;0.013
17234.9;0.012
17235.4;0.011
17235.9;0.012
17236.4;0.012
17236.9;0.012
17237.4;0.012
17237.9;0.014
17238.4;0.013
17238.9;0.013
17239.4;0.012
17239.9;0.012
17240.4;0.011
17240.9;0.012
17241.4;0.012
17241.9;0.013
17242.4;0.013
17242.9;0.012
17243.4;0.012
17243.9;0.011
17244.4;0.012
17244.9;0.012
17245.4;0.012
17245.9;0.014
17246.4;0.012
17246.9;0.013
17247.4;0.011
17247.9;0.012
17248.4;0.013
17248.9;0.011
17249.4;0.012
17249.9;0.012
17250.4;0.012
17250.9;0.012
17251.4;0.013
17251.9;0.012
17252.4;0.012
17252.9;0.014
17253.4;0.012
17253.9;0.012
17254.4;0.014
17254.9;0.012
17255.4;0.012
17255.9;0.012
17256.4;0.012
17256.9;0.013
17257.4;0.012
17257.9;0.013
17258.4;0.012
17258.9;0.012
17259.4;0.013
17259.9;0.011
17260.4;0.013
17260.9;0.013
17261.4;0.011
17261.9;0.012
17262.4;0.012
17262.9;0.011
17263.4;0.011
17263.9;0.013
17264.4;0.012
17264.9;0.013
17265.4;0.013
17265.9;0.012
17266.4;0.012
17266.9;0.013
17267.4;0.012
17267.9;0.013
17268.4;0.012
17268.9;0.012
17269.4;0.013
17269.9;0.013
17270.4;0.012
17270.9;0.012
17271.4;0.013
17271.9;0.011
17272.4;0.013
17272.9;0.013
17273.4;0.013
17273.9;0.012
17274.4;0.012
17274.9;0.012
17275.4;0.012
17275.9;0.012
17276.4;0.012
17276.9;0.013
17277.4;0.012
17277.9;0.012
17278.4;0.013
17278.9;0.013
17279.4;0.013
17279.9;0.012
17280.4;0.012
17280.9;0.012
17281.4;0.012
17281.9;0.013
17282.4;0.012
17282.9;0.014
17283.4;0.013
17283.9;0.013
17284.4;0.012
17284.9;0.012
17285.4;0.013
17285.9;0.012
17286.4;0.012
17286.9;0.012
17287.4;0.012
17287.9;0.012
17288.4;0.013
17288.9;0.013
17289.4;0.012
17289.9;0.012
17290.4;0.012
17290.9;0.013
17291.4;0.011
17291.9;0.013
17292.4;0.012
17292.9;0.013
17293.4;0.013
17293.9;0.013
17294.4;0.012
17294.9;0.012
17295.4;0.012
17295.9;0.012
17296.4;0.013
17296.9;0.012
17297.4;0.013
17297.9;0.012
17298.4;0.011
17298.9;0.012
17299.4;0.012
17299.9;0.013
17300.4;0.012
17300.9;0.012
17301.4;0.012
17301.9;0.011
17302.4;0.013
17302.9;0.012
17303.4;0.012
17303.9;0.013
17304.4;0.012
17304.9;0.012
17305.4;0.013
17305.9;0.012
17306.4;0.013
17306.9;0.012
17307.4;0.013
17307.9;0.012
17308.4;0.013
17308.9;0.012
17309.4;0.012
17309.9;0.012
17310.4;0.012
17310.9;0.011
17311.4;0.012
17311.9;0.014
17312.4;0.011
17312.9;0.013
17313.4;0.013
17313.9;0.012
17314.4;0.012
17314.9;0.012
17315.4;0.012
17315.9;0.012
17316.4;0.012
17316.9;0.012
17317.4;0.012
17317.9;0.013
17318.4;0.011
17318.9;0.013
17319.4;0.013
17319.9;0.013
17320.4;0.012
17320.9;0.012
17321.4;0.013
17321.9;0.01
17322.4;0.012
17322.9;0.012
17323.4;0.013
17323.9;0.013
17324.4;0.012
17324.9;0.012
17325.4;0.013
17325.9;0.012
17326.4;0.013
17326.9;0.011
17327.4;0.014
17327.9;0.013
17328.4;0.013
17328.9;0.012
17329.4;0.013
17329.9;0.013
17330.4;0.012
17330.9;0.013
17331.4;0.011
17331.9;0.012
17332.4;0.014
17332.9;0.011
17333.4;0.012
17333.9;0.013
17334.4;0.013
17334.9;0.012
17335.4;0.013
17335.9;0.013
17336.4;0.013
17336.9;0.012
17337.4;0.012
17337.9;0.012
17338.4;0.012
17338.9;0.013
17339.4;0.013
17339.9;0.013
17340.4;0.012
17340.9;0.012
17341.4;0.014
17341.9;0.012
17342.4;0.012
17342.9;0.011
17343.4;0.013
17343.9;0.013
17344.4;0.013
17344.9;0.011
17345.4;0.013
17345.9;0.013
17346.4;0.012
17346.9;0.013
17347.4;0.012
17347.9;0.011
17348.4;0.012
17348.9;0.012
17349.4;0.012
17349.9;0.012
17350.4;0.013
17350.9;0.013
17351.4;0.013
17351.9;0.013
17352.4;0.012
17352.9;0.015
17353.4;0.012
17353.9;0.013
17354.4;0.013
17354.9;0.011
17355.4;0.012
17355.9;0.011
17356.4;0.013
17356.9;0.013
17357.4;0.012
17357.9;0.012
17358.4;0.012
17358.9;0.012
17359.4;0.013
17359.9;0.013
17360.4;0.012
17360.9;0.011
17361.4;0.012
17361.9;0.013
17362.4;0.011
17362.9;0.012
17363.4;0.012
17363.9;0.012
17364.4;0.013
17364.9;0.013
17365.4;0.012
17365.9;0.013
17366.4;0.013
17366.9;0.013
17367.4;0.011
17367.9;0.012
17368.4;0.012
17368.9;0.013
17369.4;0.012
17369.9;0.012
17370.4;0.011
17370.9;0.011
17371.4;0.011
17371.9;0.013
17372.4;0.013
17372.9;0.013
17373.4;0.012
17373.9;0.012
17374.4;0.011
17374.9;0.012
17375.4;0.013
17375.9;0.013
17376.4;0.012
17376.9;0.012
17377.4;0.014
17377.9;0.013
17378.4;0.011
17378.9;0.013
17379.4;0.013
17379.9;0.013
17380.4;0.013
17380.9;0.013
17381.4;0.013
17381.9;0.013
17382.4;0.012
17382.9;0.013
17383.4;0.012
17383.9;0.012
17384.4;0.012
17384.9;0.012
17385.4;0.011
17385.9;0.011
17386.4;0.012
17386.9;0.013
17387.4;0.013
17387.9;0.012
17388.4;0.013
17388.9;0.013
17389.4;0.012
17389.9;0.013
17390.4;0.011
17390.9;0.012
17391.4;0.013
17391.9;0.013
17392.4;0.011
17392.9;0.012
17393.4;0.011
17393.9;0.013
17394.4;0.012
17394.9;0.012
17395.4;0.012
17395.9;0.013
17396.4;0.012
17396.9;0.013
17397.4;0.013
17397.9;0.013
17398.4;0.013
17398.9;0.012
17399.4;0.012
17399.9;0.011
17400.4;0.013
17400.9;0.011
17401.4;0.011
17401.9;0.012
17402.4;0.013
17402.9;0.012
17403.4;0.011
17403.9;0.012
17404.4;0.011
17404.9;0.012
17405.4;0.012
17405.9;0.013
17406.4;0.012
17406.9;0.013
17407.4;0.012
17407.9;0.013
17408.4;0.013
17408.9;0.012
17409.4;0.011
17409.9;0.012
17410.4;0.012
17410.9;0.011
17411.4;0.012
17411.9;0.012
17412.4;0.013
17412.9;0.013
17413.4;0.013
17413.9;0.011
17414.4;0.012
17414.9;0.012
17415.4;0.011
17415.9;0.013
17416.4;0.013
17416.9;0.012
17417.4;0.013
17417.9;0.013
17418.4;0.013
17418.9;0.012
17419.4;0.012
17419.9;0.013
17420.4;0.014
17420.9;0.011
17421.4;0.012
17421.9;0.012
17422.4;0.013
17422.9;0.013
17423.4;0.012
17423.9;0.012
17424.4;0.013
17424.9;0.013
17425.4;0.012
17425.9;0.014
17426.4;0.012
17426.9;0.012
17427.4;0.012
17427.9;0.011
17428.4;0.012
17428.9;0.01
17429.4;0.012
17429.9;0.012
17430.4;0.012
17430.9;0.012
17431.4;0.013
17431.9;0.013
17432.4;0.013
17432.9;0.012
17433.4;0.012
17433.9;0.012
17434.4;0.012
17434.9;0.012
17435.4;0.013
17435.9;0.012
17436.4;0.011
17436.9;0.011
17437.4;0.013
17437.9;0.013
17438.4;0.012
17438.9;0.012
17439.4;0.013
17439.9;0.012
17440.4;0.013
17440.9;0.012
17441.4;0.012
17441.9;0.012
17442.4;0.012
17442.9;0.013
17443.4;0.012
17443.9;0.012
17444.4;0.012
17444.9;0.012
17445.4;0.013
17445.9;0.011
17446.4;0.013
17446.9;0.012
17447.4;0.012
17447.9;0.012
17448.4;0.012
17448.9;0.012
17449.4;0.013
17449.9;0.013
17450.4;0.011
17450.9;0.012
17451.4;0.013
17451.9;0.011
17452.4;0.012
17452.9;0.012
17453.4;0.013
17453.9;0.013
17454.4;0.013
17454.9;0.012
17455.4;0.011
17455.9;0.012
17456.4;0.011
17456.9;0.012
17457.4;0.012
17457.9;0.012
17458.4;0.013
17458.9;0.013
17459.4;0.011
17459.9;0.012
17460.4;0.014
17460.9;0.014
17461.4;0.012
17461.9;0.012
17462.4;0.012
17462.9;0.012
17463.4;0.013
17463.9;0.013
17464.4;0.012
17464.9;0.012
17465.4;0.012
17465.9;0.012
17466.4;0.01
17466.9;0.013
17467.4;0.013
17467.9;0.012
17468.4;0.013
17468.9;0.013
17469.4;0.012
17469.9;0.013
17470.4;0.011
17470.9;0.011
17471.4;0.012
17471.9;0.012
17472.4;0.014
17472.9;0.012
17473.4;0.013
17473.9;0.011
17474.4;0.013
17474.9;0.011
17475.4;0.013
17475.9;0.014
17476.4;0.011
17476.9;0.013
17477.4;0.012
17477.9;0.011
17478.4;0.012
17478.9;0.012
17479.4;0.011
17479.9;0.014
17480.4;0.012
17480.9;0.013
17481.4;0.011
17481.9;0.012
17482.4;0.013
17482.9;0.013
17483.4;0.011
17483.9;0.013
17484.4;0.012
17484.9;0.013
17485.4;0.013
17485.9;0.012
17486.4;0.012
17486.9;0.012
17487.4;0.013
17487.9;0.012
17488.4;0.012
17488.9;0.013
17489.4;0.011
17489.9;0.012
17490.4;0.012
17490.9;0.013
17491.4;0.013
17491.9;0.012
17492.4;0.012
17492.9;0.013
17493.4;0.012
17493.9;0.013
17494.4;0.013
17494.9;0.012
17495.4;0.014
17495.9;0.012
17496.4;0.011
17496.9;0.013
17497.4;0.013
17497.9;0.012
17498.4;0.011
17498.9;0.012
17499.4;0.012
17499.9;0.012
17500.4;0.012
17500.9;0.011
17501.4;0.012
17501.9;0.013
17502.4;0.013
17502.9;0.012
17503.4;0.012
17503.9;0.011
17504.4;0.013
17504.9;0.013
17505.4;0.012
17505.9;0.012
17506.4;0.013
17506.9;0.012
17507.4;0.012
17507.9;0.012
17508.4;0.013
17508.9;0.013
17509.4;0.011
17509.9;0.012
17510.4;0.012
17510.9;0.012
17511.4;0.013
17511.9;0.012
17512.4;0.011
17512.9;0.012
17513.4;0.012
17513.9;0.012
17514.4;0.013
17514.9;0.013
17515.4;0.013
17515.9;0.013
17516.4;0.013
17516.9;0.012
17517.4;0.012
17517.9;0.013
17518.4;0.012
17518.9;0.012
17519.4;0.013
17519.9;0.012
17520.4;0.012
17520.9;0.012
17521.4;0.012
17521.9;0.012
17522.4;0.012
17522.9;0.012
17523.4;0.013
17523.9;0.014
17524.4;0.014
17524.9;0.014
17525.4;0.011
17525.9;0.011
17526.4;0.011
17526.9;0.013
17527.4;0.013
17527.9;0.011
17528.4;0.011
17528.9;0.011
17529.4;0.013
17529.9;0.013
17530.4;0.011
17530.9;0.012
17531.4;0.012
17531.9;0.013
17532.4;0.014
17532.9;0.011
17533.4;0.012
17533.9;0.013
17534.4;0.012
17534.9;0.012
17535.4;0.012
17535.9;0.012
17536.4;0.012
17536.9;0.013
17537.4;0.012
17537.9;0.012
17538.4;0.012
17538.9;0.011
17539.4;0.013
17539.9;0.012
17540.4;0.011
17540.9;0.013
17541.4;0.012
17541.9;0.012
17542.4;0.013
17542.9;0.01
17543.4;0.012
17543.9;0.012
17544.4;0.012
17544.9;0.012
17545.4;0.013
17545.9;0.012
17546.4;0.013
17546.9;0.013
17547.4;0.011
17547.9;0.012
17548.4;0.012
17548.9;0.013
17549.4;0.014
17549.9;0.013
17550.4;0.013
17550.9;0.013
17551.4;0.012
17551.9;0.012
17552.4;0.013
17552.9;0.012
17553.4;0.012
17553.9;0.012
17554.4;0.012
17554.9;0.013
17555.4;0.012
17555.9;0.012
17556.4;0.012
17556.9;0.011
17557.4;0.011
17557.9;0.014
17558.4;0.011
17558.9;0.012
17559.4;0.011
17559.9;0.013
17560.4;0.011
17560.9;0.012
17561.4;0.013
17561.9;0.013
17562.4;0.013
17562.9;0.013
17563.4;0.012
17563.9;0.012
17564.4;0.013
17564.9;0.012
17565.4;0.013
17565.9;0.013
17566.4;0.013
17566.9;0.013
17567.4;0.013
17567.9;0.012
17568.4;0.011
17568.9;0.011
17569.4;0.012
17569.9;0.012
17570.4;0.012
17570.9;0.012
17571.4;0.013
17571.9;0.012
17572.4;0.012
17572.9;0.012
17573.4;0.013
17573.9;0.013
17574.4;0.013
17574.9;0.014
17575.4;0.012
17575.9;0.013
17576.4;0.011
17576.9;0.012
17577.4;0.012
17577.9;0.012
17578.4;0.013
17578.9;0.012
17579.4;0.012
17579.9;0.012
17580.4;0.012
17580.9;0.012
17581.4;0.012
17581.9;0.012
17582.4;0.012
17582.9;0.013
17583.4;0.013
17583.9;0.013
17584.4;0.013
17584.9;0.012
17585.4;0.012
17585.9;0.013
17586.4;0.012
17586.9;0.011
17587.4;0.013
17587.9;0.013
17588.4;0.012
17588.9;0.013
17589.4;0.012
17589.9;0.012
17590.4;0.013
17590.9;0.012
17591.4;0.013
17591.9;0.012
17592.4;0.012
17592.9;0.013
17593.4;0.011
17593.9;0.012
17594.4;0.012
17594.9;0.011
17595.4;0.012
17595.9;0.012
17596.4;0.012
17596.9;0.013
17597.4;0.011
17597.9;0.014
17598.4;0.012
17598.9;0.011
17599.4;0.014
17599.9;0.013
17600.4;0.012
17600.9;0.011
17601.4;0.011
17601.9;0.011
17602.4;0.012
17602.9;0.013
17603.4;0.011
17603.9;0.013
17604.4;0.013
17604.9;0.012
17605.4;0.012
17605.9;0.012
17606.4;0.012
17606.9;0.014
17607.4;0.012
17607.9;0.01
17608.4;0.012
17608.9;0.012
17609.4;0.012
17609.9;0.012
17610.4;0.012
17610.9;0.012
17611.4;0.011
17611.9;0.013
17612.4;0.013
17612.9;0.013
17613.4;0.013
17613.9;0.012
17614.4;0.012
17614.9;0.011
17615.4;0.011
17615.9;0.012
17616.4;0.012
17616.9;0.012
17617.4;0.012
17617.9;0.013
17618.4;0.012
17618.9;0.013
17619.4;0.012
17619.9;0.012
17620.4;0.012
17620.9;0.012
17621.4;0.012
17621.9;0.013
17622.4;0.012
17622.9;0.012
17623.4;0.014
17623.9;0.013
17624.4;0.012
17624.9;0.011
17625.4;0.013
17625.9;0.011
17626.4;0.013
17626.9;0.012
17627.4;0.011
17627.9;0.012
17628.4;0.012
17628.9;0.012
17629.4;0.013
17629.9;0.012
17630.4;0.012
17630.9;0.012
17631.4;0.012
17631.9;0.013
17632.4;0.012
17632.9;0.012
17633.4;0.013
17633.9;0.012
17634.4;0.012
17634.9;0.012
17635.4;0.013
17635.9;0.012
17636.4;0.012
17636.9;0.011
17637.4;0.012
17637.9;0.012
17638.4;0.011
17638.9;0.011
17639.4;0.013
17639.9;0.012
17640.4;0.012
17640.9;0.013
17641.4;0.013
17641.9;0.012
17642.4;0.012
17642.9;0.011
17643.4;0.013
17643.9;0.012
17644.4;0.011
17644.9;0.013
17645.4;0.011
17645.9;0.012
17646.4;0.012
17646.9;0.013
17647.4;0.012
17647.9;0.012
17648.4;0.013
17648.9;0.011
17649.4;0.013
17649.9;0.012
17650.4;0.012
17650.9;0.012
17651.4;0.013
17651.9;0.012
17652.4;0.013
17652.9;0.013
17653.4;0.013
17653.9;0.012
17654.4;0.012
17654.9;0.012
17655.4;0.013
17655.9;0.012
17656.4;0.012
17656.9;0.013
17657.4;0.012
17657.9;0.013
17658.4;0.012
17658.9;0.012
17659.4;0.011
17659.9;0.012
17660.4;0.012
17660.9;0.012
17661.4;0.013
17661.9;0.013
17662.4;0.011
17662.9;0.012
17663.4;0.012
17663.9;0.011
17664.4;0.013
17664.9;0.012
17665.4;0.013
17665.9;0.012
17666.4;0.012
17666.9;0.012
17667.4;0.012
17667.9;0.011
17668.4;0.012
17668.9;0.013
17669.4;0.012
17669.9;0.012
17670.4;0.012
17670.9;0.012
17671.4;0.011
17671.9;0.013
17672.4;0.012
17672.9;0.013
17673.4;0.012
17673.9;0.012
17674.4;0.012
17674.9;0.012
17675.4;0.012
17675.9;0.012
17676.4;0.012
17676.9;0.013
17677.4;0.012
17677.9;0.012
17678.4;0.012
17678.9;0.012
17679.4;0.013
17679.9;0.011
17680.4;0.013
17680.9;0.011
17681.4;0.013
17681.9;0.012
17682.4;0.013
17682.9;0.012
17683.4;0.012
17683.9;0.011
17684.4;0.012
17684.9;0.011
17685.4;0.012
17685.9;0.011
17686.4;0.014
17686.9;0.011
17687.4;0.011
17687.9;0.013
17688.4;0.012
17688.9;0.011
17689.4;0.013
17689.9;0.014
17690.4;0.013
17690.9;0.012
17691.4;0.013
17691.9;0.01
17692.4;0.012
17692.9;0.013
17693.4;0.013
17693.9;0.013
17694.4;0.011
17694.9;0.012
17695.4;0.011
17695.9;0.012
17696.4;0.012
17696.9;0.012
17697.4;0.013
17697.9;0.011
17698.4;0.012
17698.9;0.014
17699.4;0.012
17699.9;0.012
17700.4;0.011
17700.9;0.013
17701.4;0.012
17701.9;0.012
17702.4;0.013
17702.9;0.013
17703.4;0.011
17703.9;0.012
17704.4;0.012
17704.9;0.011
17705.4;0.013
17705.9;0.012
17706.4;0.012
17706.9;0.012
17707.4;0.013
17707.9;0.012
17708.4;0.013
17708.9;0.012
17709.4;0.011
17709.9;0.013
17710.4;0.011
17710.9;0.012
17711.4;0.012
17711.9;0.012
17712.4;0.013
17712.9;0.012
17713.4;0.013
17713.9;0.012
17714.4;0.012
17714.9;0.01
17715.4;0.012
17715.9;0.012
17716.4;0.011
17716.9;0.013
17717.4;0.013
17717.9;0.014
17718.4;0.012
17718.9;0.012
17719.4;0.012
17719.9;0.012
17720.4;0.011
17720.9;0.012
17721.4;0.012
17721.9;0.012
17722.4;0.012
17722.9;0.011
17723.4;0.011
17723.9;0.013
17724.4;0.012
17724.9;0.011
17725.4;0.013
17725.9;0.012
17726.4;0.013
17726.9;0.011
17727.4;0.011
17727.9;0.012
17728.4;0.012
17728.9;0.012
17729.4;0.012
17729.9;0.012
17730.4;0.012
17730.9;0.011
17731.4;0.012
17731.9;0.011
17732.4;0.012
17732.9;0.011
17733.4;0.013
17733.9;0.012
17734.4;0.013
17734.9;0.013
17735.4;0.012
17735.9;0.011
17736.4;0.013
17736.9;0.012
17737.4;0.013
17737.9;0.011
17738.4;0.013
17738.9;0.013
17739.4;0.012
17739.9;0.014
17740.4;0.013
17740.9;0.011
17741.4;0.013
17741.9;0.013
17742.4;0.011
17742.9;0.012
17743.4;0.011
17743.9;0.013
17744.4;0.012
17744.9;0.012
17745.4;0.012
17745.9;0.013
17746.4;0.013
17746.9;0.012
17747.4;0.013
17747.9;0.012
17748.4;0.013
17748.9;0.011
17749.4;0.014
17749.9;0.012
17750.4;0.013
17750.9;0.012
17751.4;0.013
17751.9;0.012
17752.4;0.013
17752.9;0.012
17753.4;0.013
17753.9;0.013
17754.4;0.011
17754.9;0.011
17755.4;0.012
17755.9;0.013
17756.4;0.012
17756.9;0.011
17757.4;0.012
17757.9;0.012
17758.4;0.013
17758.9;0.013
17759.4;0.012
17759.9;0.013
17760.4;0.014
17760.9;0.012
17761.4;0.012
17761.9;0.011
17762.4;0.012
17762.9;0.011
17763.4;0.013
17763.9;0.011
17764.4;0.012
17764.9;0.012
17765.4;0.012
17765.9;0.012
17766.4;0.012
17766.9;0.013
17767.4;0.012
17767.9;0.013
17768.4;0.012
17768.9;0.013
17769.4;0.011
17769.9;0.011
17770.4;0.013
17770.9;0.012
17771.4;0.013
17771.9;0.012
17772.4;0.012
17772.9;0.013
17773.4;0.012
17773.9;0.011
17774.4;0.013
17774.9;0.012
17775.4;0.011
17775.9;0.012
17776.4;0.013
17776.9;0.01
17777.4;0.013
17777.9;0.011
17778.4;0.013
17778.9;0.012
17779.4;0.013
17779.9;0.012
17780.4;0.013
17780.9;0.013
17781.4;0.012
17781.9;0.011
17782.4;0.011
17782.9;0.012
17783.4;0.011
17783.9;0.012
17784.4;0.012
17784.9;0.012
17785.4;0.012
17785.9;0.013
17786.4;0.012
17786.9;0.012
17787.4;0.012
17787.9;0.012
17788.4;0.012
17788.9;0.013
17789.4;0.012
17789.9;0.012
17790.4;0.012
17790.9;0.012
17791.4;0.014
17791.9;0.013
17792.4;0.012
17792.9;0.01
17793.4;0.012
17793.9;0.011
17794.4;0.012
17794.9;0.011
17795.4;0.011
17795.9;0.013
17796.4;0.013
17796.9;0.013
17797.4;0.012
17797.9;0.012
17798.4;0.011
17798.9;0.011
17799.4;0.012
17799.9;0.013
17800.4;0.013
17800.9;0.012
17801.4;0.013
17801.9;0.01
17802.4;0.011
17802.9;0.012
17803.4;0.012
17803.9;0.013
17804.4;0.013
17804.9;0.011
17805.4;0.012
17805.9;0.011
17806.4;0.012
17806.9;0.012
17807.4;0.012
17807.9;0.013
17808.4;0.012
17808.9;0.01
17809.4;0.012
17809.9;0.013
17810.4;0.011
17810.9;0.013
17811.4;0.013
17811.9;0.012
17812.4;0.012
17812.9;0.012
17813.4;0.013
17813.9;0.011
17814.4;0.012
17814.9;0.011
17815.4;0.013
17815.9;0.014
17816.4;0.012
17816.9;0.012
17817.4;0.012
17817.9;0.012
17818.4;0.012
17818.9;0.013
17819.4;0.013
17819.9;0.012
17820.4;0.013
17820.9;0.012
17821.4;0.013
17821.9;0.012
17822.4;0.012
17822.9;0.012
17823.4;0.012
17823.9;0.011
17824.4;0.012
17824.9;0.012
17825.4;0.012
17825.9;0.012
17826.4;0.012
17826.9;0.013
17827.4;0.012
17827.9;0.011
17828.4;0.012
17828.9;0.012
17829.4;0.011
17829.9;0.012
17830.4;0.013
17830.9;0.012
17831.4;0.013
17831.9;0.012
17832.4;0.011
17832.9;0.011
17833.4;0.01
17833.9;0.012
17834.4;0.012
17834.9;0.011
17835.4;0.012
17835.9;0.012
17836.4;0.013
17836.9;0.013
17837.4;0.013
17837.9;0.011
17838.4;0.013
17838.9;0.012
17839.4;0.011
17839.9;0.013
17840.4;0.012
17840.9;0.011
17841.4;0.011
17841.9;0.012
17842.4;0.011
17842.9;0.013
17843.4;0.012
17843.9;0.012
17844.4;0.012
17844.9;0.011
17845.4;0.013
17845.9;0.013
17846.4;0.012
17846.9;0.012
17847.4;0.012
17847.9;0.011
17848.4;0.012
17848.9;0.013
17849.4;0.012
17849.9;0.012
17850.4;0.012
17850.9;0.012
17851.4;0.013
17851.9;0.012
17852.4;0.012
17852.9;0.012
17853.4;0.011
17853.9;0.013
17854.4;0.013
17854.9;0.012
17855.4;0.013
17855.9;0.012
17856.4;0.012
17856.9;0.012
17857.4;0.011
17857.9;0.013
17858.4;0.011
17858.9;0.012
17859.4;0.013
17859.9;0.012
17860.4;0.013
17860.9;0.011
17861.4;0.012
17861.9;0.012
17862.4;0.013
17862.9;0.012
17863.4;0.012
17863.9;0.013
17864.4;0.012
17864.9;0.01
17865.4;0.013
17865.9;0.013
17866.4;0.012
17866.9;0.012
17867.4;0.012
17867.9;0.013
17868.4;0.012
17868.9;0.011
17869.4;0.013
17869.9;0.011
17870.4;0.011
17870.9;0.012
17871.4;0.013
17871.9;0.012
17872.4;0.012
17872.9;0.013
17873.4;0.012
17873.9;0.011
17874.4;0.011
17874.9;0.013
17875.4;0.012
17875.9;0.012
17876.4;0.012
17876.9;0.012
17877.4;0.012
17877.9;0.012
17878.4;0.013
17878.9;0.012
17879.4;0.013
17879.9;0.012
17880.4;0.011
17880.9;0.012
17881.4;0.012
17881.9;0.011
17882.4;0.013
17882.9;0.012
17883.4;0.013
17883.9;0.011
17884.4;0.012
17884.9;0.013
17885.4;0.012
17885.9;0.012
17886.4;0.012
17886.9;0.013
17887.4;0.012
17887.9;0.013
17888.4;0.013
17888.9;0.012
17889.4;0.013
17889.9;0.012
17890.4;0.012
17890.9;0.011
17891.4;0.012
17891.9;0.013
17892.4;0.011
17892.9;0.012
17893.4;0.013
17893.9;0.01
17894.4;0.012
17894.9;0.011
17895.4;0.012
17895.9;0.013
17896.4;0.013
17896.9;0.013
17897.4;0.011
17897.9;0.012
17898.4;0.012
17898.9;0.012
17899.4;0.012
17899.9;0.012
17900.4;0.012
17900.9;0.012
17901.4;0.012
17901.9;0.012
17902.4;0.012
17902.9;0.013
17903.4;0.012
17903.9;0.012
17904.4;0.011
17904.9;0.012
17905.4;0.013
17905.9;0.011
17906.4;0.012
17906.9;0.012
17907.4;0.012
17907.9;0.011
17908.4;0.011
17908.9;0.012
17909.4;0.012
17909.9;0.013
17910.4;0.013
17910.9;0.011
17911.4;0.013
17911.9;0.011
17912.4;0.012
17912.9;0.012
17913.4;0.011
17913.9;0.012
17914.4;0.013
17914.9;0.012
17915.4;0.012
17915.9;0.012
17916.4;0.012
17916.9;0.012
17917.4;0.012
17917.9;0.011
17918.4;0.011
17918.9;0.011
17919.4;0.012
17919.9;0.013
17920.4;0.012
17920.9;0.012
17921.4;0.012
17921.9;0.011
17922.4;0.012
17922.9;0.011
17923.4;0.014
17923.9;0.01
17924.4;0.012
17924.9;0.013
17925.4;0.012
17925.9;0.012
17926.4;0.012
17926.9;0.012
17927.4;0.014
17927.9;0.012
17928.4;0.012
17928.9;0.012
17929.4;0.012
17929.9;0.011
17930.4;0.011
17930.9;0.013
17931.4;0.012
17931.9;0.011
17932.4;0.012
17932.9;0.013
17933.4;0.012
17933.9;0.012
17934.4;0.013
17934.9;0.012
17935.4;0.013
17935.9;0.01
17936.4;0.011
17936.9;0.011
17937.4;0.012
17937.9;0.013
17938.4;0.013
17938.9;0.013
17939.4;0.013
17939.9;0.012
17940.4;0.011
17940.9;0.013
17941.4;0.012
17941.9;0.01
17942.4;0.011
17942.9;0.012
17943.4;0.012
17943.9;0.011
17944.4;0.012
17944.9;0.013
17945.4;0.012
17945.9;0.011
17946.4;0.012
17946.9;0.012
17947.4;0.013
17947.9;0.013
17948.4;0.011
17948.9;0.013
17949.4;0.012
17949.9;0.012
17950.4;0.013
17950.9;0.011
17951.4;0.011
17951.9;0.012
17952.4;0.012
17952.9;0.011
17953.4;0.012
17953.9;0.012
17954.4;0.011
17954.9;0.013
17955.4;0.012
17955.9;0.011
17956.4;0.012
17956.9;0.012
17957.4;0.012
17957.9;0.011
17958.4;0.01
17958.9;0.011
17959.4;0.012
17959.9;0.012
17960.4;0.012
17960.9;0.013
17961.4;0.012
17961.9;0.012
17962.4;0.013
17962.9;0.011
17963.4;0.012
17963.9;0.012
17964.4;0.011
17964.9;0.011
17965.4;0.012
17965.9;0.013
17966.4;0.012
17966.9;0.012
17967.4;0.012
17967.9;0.012
17968.4;0.012
17968.9;0.012
17969.4;0.011
17969.9;0.01
17970.4;0.011
17970.9;0.013
17971.4;0.012
17971.9;0.012
17972.4;0.013
17972.9;0.013
17973.4;0.013
17973.9;0.013
17974.4;0.011
17974.9;0.012
17975.4;0.012
17975.9;0.012
17976.4;0.011
17976.9;0.012
17977.4;0.013
17977.9;0.013
17978.4;0.012
17978.9;0.012
17979.4;0.011
17979.9;0.013
17980.4;0.012
17980.9;0.011
17981.4;0.012
17981.9;0.011
17982.4;0.013
17982.9;0.01
17983.4;0.012
17983.9;0.011
17984.4;0.013
17984.9;0.012
17985.4;0.012
17985.9;0.012
17986.4;0.012
17986.9;0.011
17987.4;0.012
17987.9;0.012
17988.4;0.012
17988.9;0.014
17989.4;0.012
17989.9;0.013
17990.4;0.011
17990.9;0.013
17991.4;0.012
17991.9;0.012
17992.4;0.011
17992.9;0.012
17993.4;0.012
17993.9;0.013
17994.4;0.013
17994.9;0.012
17995.4;0.013
17995.9;0.01
17996.4;0.011
17996.9;0.011
17997.4;0.014
17997.9;0.012
17998.4;0.013
17998.9;0.012
17999.4;0.012
17999.9;0.011
