Frequence;Amplitude
0.0;3.682
0.5;2.9
1.0;2.427
1.5;1.886
2.0;1.232
2.5;3.445
3.0;1.162
3.5;0.974
4.0;2.957
4.5;2.414
5.0;0.997
5.5;1.867
6.0;1.529
6.5;0.127
7.0;1.523
7.5;2.148
8.0;2.791
8.5;0.902
9.0;0.982
9.5;1.971
10.0;1.481
10.5;1.223
11.0;1.987
11.5;2.479
12.0;0.563
12.5;1.767
13.0;3.021
13.5;0.678
14.0;1.453
14.5;2.505
15.0;2.584
15.5;1.47
16.0;0.885
16.5;1.657
17.0;0.928
17.5;1.121
18.0;2.878
18.5;2.051
19.0;1.064
19.5;1.54
20.0;2.031
20.5;0.675
21.0;2.136
21.5;3.064
22.0;1.277
22.5;1.256
23.0;1.494
23.5;3.376
24.0;2.326
24.5;1.657
25.0;3.033
25.5;3.027
26.0;1.646
26.5;4.072
27.0;2.832
27.5;2.569
28.0;2.195
28.5;3.274
29.0;2.29
29.5;5.654
30.0;4.001
30.5;8.442
31.0;2.164
31.5;3.121
32.0;3.199
32.5;2.729
33.0;2.323
33.5;2.232
34.0;3.951
34.5;3.231
35.0;2.758
35.5;2.529
36.0;0.542
36.5;2.581
37.0;3.8
37.5;2.902
38.0;2.981
38.5;2.249
39.0;0.81
39.5;1.347
40.0;2.867
40.5;7.683
41.0;6.381
41.5;2.638
42.0;2.783
42.5;3.764
43.0;5.459
43.5;0.611
44.0;2.831
44.5;4.123
45.0;4.814
45.5;3.169
46.0;5.706
46.5;2.644
47.0;4.2
47.5;2.652
48.0;5.254
48.5;9.41
49.0;1.045
49.5;4.844
50.0;4.772
50.5;9.602
51.0;10.548
51.5;5.676
52.0;4.315
52.5;5.994
53.0;4.46
53.5;1.891
54.0;7.17
54.5;6.519
55.0;3.641
55.5;1.208
56.0;7.305
56.5;12.02
57.0;3.658
57.5;8.775
58.0;4.323
58.5;3.925
59.0;12.089
59.5;3.993
60.0;2.03
60.5;5.261
61.0;4.456
61.5;9.126
62.0;4.244
62.5;4.572
63.0;8.835
63.5;9.558
64.0;12.901
64.5;7.433
65.0;11.974
65.5;8.668
66.0;2.282
66.5;3.626
67.0;11.119
67.5;9.964
68.0;14.144
68.5;8.209
69.0;11.374
69.5;16.114
70.0;5.54
70.5;12.057
71.0;3.401
71.5;10.736
72.0;6.047
72.5;10.398
73.0;1.277
73.5;9.34
74.0;1.391
74.5;8.957
75.0;12.396
75.5;13.444
76.0;14.427
76.5;10.631
77.0;7.433
77.5;3.31
78.0;13.027
78.5;15.233
79.0;14.094
79.5;5.773
80.0;17.077
80.5;13.539
81.0;9.195
81.5;18.37
82.0;3.779
82.5;2.709
83.0;9.997
83.5;8.264
84.0;0.218
84.5;17.185
85.0;2.539
85.5;12.575
86.0;5.564
86.5;17.233
87.0;11.784
87.5;2.024
88.0;1.619
88.5;17.006
89.0;17.355
89.5;9.425
90.0;15.524
90.5;8.898
91.0;5.795
91.5;6.402
92.0;1.613
92.5;20.066
93.0;11.456
93.5;9.702
94.0;13.194
94.5;5.926
95.0;3.94
95.5;5.329
96.0;8.279
96.5;7.321
97.0;12.648
97.5;10.373
98.0;10.292
98.5;5.066
99.0;12.345
99.5;2.534
100.0;16.459
100.5;14.301
101.0;11.776
101.5;6.86
102.0;7.324
102.5;12.739
103.0;3.533
103.5;12.942
104.0;7.383
104.5;10.826
105.0;14.061
105.5;10.614
106.0;2.238
106.5;4.887
107.0;5.403
107.5;6.298
108.0;16.797
108.5;13.722
109.0;14.358
109.5;7.444
110.0;9.089
110.5;9.773
111.0;16.363
111.5;9.132
112.0;4.843
112.5;11.609
113.0;4.103
113.5;7.3
114.0;8.055
114.5;12.081
115.0;11.863
115.5;6.633
116.0;24.138
116.5;21.292
117.0;17.767
117.5;9.166
118.0;5.356
118.5;21.277
119.0;9.316
119.5;14.204
120.0;13.428
120.5;17.461
121.0;9.847
121.5;11.793
122.0;9.461
122.5;24.801
123.0;11.402
123.5;28.939
124.0;49.548
124.5;29.606
125.0;16.219
125.5;42.933
126.0;46.492
126.5;33.826
127.0;98.109
127.5;95.547
128.0;67.464
128.5;71.526
129.0;18.616
129.5;19.141
130.0;38.991
130.5;81.863
131.0;85.46
131.5;78.726
132.0;115.758
132.5;117.11
133.0;111.657
133.5;80.907
134.0;56.647
134.5;46.381
135.0;10.184
135.5;30.734
136.0;56.205
136.5;60.335
137.0;58.936
137.5;68.029
138.0;49.916
138.5;56.194
139.0;33.635
139.5;34.169
140.0;48.993
140.5;65.545
141.0;42.764
141.5;51.618
142.0;44.018
142.5;19.056
143.0;41.445
143.5;29.915
144.0;61.088
144.5;33.346
145.0;39.146
145.5;72.762
146.0;38.957
146.5;28.148
147.0;53.405
147.5;87.822
148.0;33.116
148.5;69.273
149.0;24.113
149.5;72.617
150.0;65.988
150.5;22.757
151.0;150.357
151.5;99.447
152.0;56.434
152.5;113.953
153.0;102.762
153.5;20.032
154.0;132.269
154.5;51.33
155.0;36.416
155.5;123.625
156.0;102.761
156.5;45.196
157.0;266.273
157.5;61.22
158.0;45.751
158.5;117.447
159.0;7.366
159.5;76.049
160.0;122.546
160.5;56.965
161.0;91.051
161.5;44.698
162.0;69.303
162.5;40.86
163.0;57.586
163.5;50.371
164.0;73.628
164.5;98.013
165.0;66.008
165.5;41.74
166.0;21.552
166.5;43.545
167.0;102.691
167.5;59.843
168.0;24.981
168.5;59.743
169.0;39.044
169.5;55.464
170.0;87.089
170.5;63.922
171.0;49.339
171.5;104.129
172.0;74.784
172.5;85.939
173.0;73.383
173.5;11.501
174.0;42.849
174.5;63.723
175.0;27.931
175.5;14.297
176.0;38.107
176.5;32.715
177.0;78.242
177.5;35.847
178.0;30.021
178.5;71.678
179.0;78.192
179.5;87.082
180.0;70.845
180.5;37.256
181.0;58.082
181.5;43.788
182.0;32.699
182.5;38.584
183.0;38.334
183.5;41.835
184.0;8.251
184.5;26.831
185.0;27.0
185.5;35.816
186.0;41.719
186.5;51.007
187.0;38.102
187.5;32.248
188.0;13.092
188.5;67.374
189.0;69.997
189.5;100.695
190.0;114.375
190.5;84.892
191.0;17.081
191.5;56.834
192.0;60.853
192.5;57.506
193.0;83.156
193.5;77.855
194.0;32.147
194.5;83.227
195.0;24.072
195.5;58.207
196.0;75.021
196.5;59.712
197.0;91.589
197.5;74.57
198.0;23.1
198.5;32.1
199.0;38.582
199.5;63.89
200.0;36.451
200.5;14.402
201.0;56.986
201.5;34.201
202.0;62.791
202.5;45.453
203.0;25.636
203.5;3.983
204.0;58.974
204.5;49.18
205.0;71.163
205.5;51.169
206.0;20.192
206.5;61.494
207.0;28.939
207.5;24.819
208.0;10.171
208.5;8.506
209.0;3.597
209.5;7.635
210.0;7.697
210.5;27.606
211.0;15.521
211.5;8.66
212.0;19.705
212.5;9.035
213.0;5.858
213.5;9.067
214.0;17.371
214.5;14.284
215.0;28.634
215.5;23.456
216.0;38.074
216.5;2.877
217.0;29.761
217.5;10.346
218.0;14.79
218.5;18.599
219.0;40.367
219.5;13.636
220.0;24.734
220.5;15.745
221.0;11.275
221.5;29.754
222.0;20.912
222.5;15.477
223.0;35.268
223.5;44.183
224.0;23.858
224.5;15.851
225.0;31.099
225.5;36.722
226.0;23.523
226.5;16.462
227.0;30.865
227.5;31.813
228.0;24.651
228.5;19.78
229.0;21.382
229.5;25.843
230.0;25.353
230.5;24.208
231.0;32.145
231.5;48.074
232.0;37.452
232.5;46.087
233.0;42.187
233.5;25.892
234.0;32.364
234.5;45.155
235.0;25.44
235.5;31.515
236.0;12.45
236.5;40.198
237.0;41.944
237.5;23.545
238.0;10.138
238.5;16.177
239.0;20.305
239.5;22.473
240.0;18.091
240.5;29.608
241.0;12.058
241.5;16.897
242.0;7.187
242.5;25.946
243.0;35.049
243.5;15.226
244.0;9.743
244.5;30.414
245.0;16.408
245.5;30.423
246.0;33.672
246.5;28.336
247.0;25.533
247.5;28.345
248.0;18.752
248.5;28.34
249.0;18.705
249.5;28.876
250.0;28.958
250.5;5.432
251.0;8.751
251.5;56.412
252.0;27.945
252.5;52.711
253.0;80.958
253.5;30.114
254.0;64.104
254.5;36.982
255.0;58.767
255.5;147.639
256.0;193.709
256.5;182.539
257.0;9.397
257.5;57.496
258.0;68.708
258.5;85.263
259.0;268.745
259.5;235.986
260.0;167.933
260.5;101.723
261.0;137.076
261.5;52.399
262.0;66.862
262.5;249.019
263.0;188.843
263.5;223.272
264.0;72.078
264.5;139.889
265.0;28.928
265.5;58.82
266.0;129.718
266.5;45.308
267.0;93.063
267.5;39.672
268.0;25.777
268.5;33.219
269.0;14.48
269.5;61.534
270.0;10.612
270.5;15.52
271.0;24.591
271.5;31.571
272.0;53.008
272.5;11.21
273.0;33.51
273.5;14.461
274.0;17.171
274.5;24.589
275.0;6.974
275.5;28.407
276.0;11.643
276.5;13.386
277.0;13.582
277.5;22.237
278.0;3.359
278.5;2.049
279.0;6.935
279.5;6.639
280.0;19.452
280.5;31.357
281.0;16.84
281.5;6.928
282.0;19.862
282.5;25.798
283.0;8.713
283.5;20.565
284.0;5.935
284.5;17.323
285.0;15.674
285.5;5.196
286.0;5.756
286.5;18.193
287.0;26.251
287.5;18.929
288.0;32.099
288.5;18.45
289.0;11.648
289.5;16.493
290.0;5.717
290.5;8.997
291.0;30.539
291.5;34.223
292.0;13.213
292.5;24.763
293.0;20.596
293.5;4.45
294.0;17.22
294.5;30.336
295.0;29.672
295.5;15.365
296.0;12.667
296.5;21.755
297.0;34.631
297.5;48.541
298.0;27.233
298.5;27.197
299.0;59.306
299.5;47.049
300.0;54.95
300.5;62.982
301.0;26.731
301.5;9.392
302.0;97.2
302.5;114.203
303.0;59.852
303.5;20.432
304.0;35.781
304.5;96.598
305.0;114.078
305.5;94.863
306.0;121.537
306.5;23.457
307.0;90.109
307.5;141.873
308.0;142.877
308.5;70.918
309.0;107.601
309.5;41.476
310.0;100.157
310.5;223.884
311.0;179.862
311.5;103.902
312.0;62.645
312.5;42.597
313.0;27.307
313.5;86.697
314.0;134.807
314.5;136.568
315.0;54.435
315.5;49.575
316.0;30.266
316.5;11.104
317.0;24.782
317.5;93.34
318.0;50.959
318.5;45.454
319.0;29.246
319.5;35.302
320.0;41.693
320.5;18.36
321.0;40.053
321.5;27.579
322.0;23.244
322.5;30.709
323.0;79.099
323.5;12.832
324.0;15.04
324.5;31.849
325.0;29.644
325.5;21.388
326.0;24.265
326.5;45.577
327.0;61.8
327.5;41.66
328.0;65.167
328.5;49.322
329.0;29.94
329.5;27.79
330.0;42.425
330.5;14.441
331.0;9.879
331.5;18.948
332.0;20.723
332.5;17.364
333.0;15.768
333.5;11.713
334.0;8.945
334.5;4.578
335.0;10.179
335.5;23.837
336.0;5.183
336.5;10.212
337.0;17.434
337.5;10.598
338.0;5.202
338.5;15.072
339.0;9.594
339.5;15.34
340.0;24.196
340.5;34.144
341.0;23.981
341.5;42.783
342.0;19.29
342.5;12.628
343.0;32.436
343.5;51.377
344.0;29.45
344.5;45.83
345.0;9.999
345.5;43.81
346.0;54.138
346.5;23.041
347.0;65.199
347.5;26.227
348.0;35.057
348.5;35.816
349.0;65.091
349.5;62.374
350.0;70.48
350.5;43.01
351.0;21.287
351.5;33.555
352.0;25.374
352.5;54.524
353.0;40.338
353.5;32.162
354.0;33.933
354.5;26.687
355.0;42.104
355.5;17.116
356.0;15.541
356.5;12.572
357.0;18.245
357.5;23.323
358.0;51.777
358.5;39.138
359.0;50.077
359.5;33.077
360.0;65.503
360.5;26.427
361.0;10.241
361.5;17.887
362.0;28.31
362.5;24.908
363.0;35.045
363.5;21.216
364.0;10.55
364.5;11.245
365.0;11.826
365.5;20.041
366.0;13.616
366.5;23.461
367.0;12.744
367.5;32.128
368.0;16.376
368.5;23.792
369.0;17.744
369.5;11.681
370.0;52.132
370.5;21.27
371.0;28.584
371.5;12.171
372.0;24.987
372.5;35.052
373.0;8.18
373.5;31.401
374.0;50.765
374.5;17.267
375.0;38.201
375.5;24.419
376.0;45.166
376.5;38.086
377.0;15.687
377.5;49.106
378.0;63.908
378.5;13.392
379.0;28.951
379.5;40.83
380.0;51.658
380.5;20.066
381.0;22.036
381.5;35.614
382.0;35.336
382.5;38.546
383.0;13.34
383.5;10.059
384.0;32.33
384.5;59.178
385.0;50.896
385.5;23.457
386.0;35.347
386.5;61.806
387.0;73.224
387.5;66.348
388.0;45.227
388.5;44.135
389.0;36.639
389.5;26.37
390.0;64.45
390.5;43.544
391.0;67.314
391.5;89.305
392.0;92.749
392.5;54.987
393.0;24.852
393.5;57.828
394.0;11.41
394.5;19.021
395.0;49.002
395.5;38.577
396.0;48.404
396.5;48.756
397.0;19.645
397.5;10.251
398.0;19.892
398.5;30.763
399.0;28.8
399.5;26.178
400.0;5.327
400.5;6.464
401.0;17.458
401.5;8.521
402.0;5.495
402.5;15.271
403.0;30.393
403.5;16.157
404.0;10.382
404.5;22.484
405.0;31.058
405.5;4.886
406.0;18.512
406.5;3.491
407.0;20.054
407.5;49.96
408.0;22.793
408.5;17.977
409.0;48.784
409.5;28.479
410.0;37.722
410.5;51.537
411.0;21.283
411.5;25.222
412.0;28.663
412.5;23.267
413.0;25.04
413.5;10.793
414.0;12.328
414.5;9.005
415.0;17.912
415.5;35.749
416.0;12.895
416.5;36.629
417.0;24.22
417.5;39.834
418.0;32.153
418.5;33.938
419.0;12.567
419.5;30.018
420.0;7.729
420.5;64.625
421.0;40.596
421.5;14.326
422.0;3.727
422.5;13.978
423.0;17.932
423.5;15.772
424.0;19.346
424.5;4.291
425.0;23.536
425.5;14.845
426.0;22.329
426.5;11.979
427.0;50.39
427.5;53.069
428.0;27.339
428.5;44.562
429.0;31.641
429.5;25.685
430.0;15.87
430.5;31.334
431.0;64.303
431.5;53.728
432.0;42.83
432.5;31.091
433.0;12.289
433.5;27.957
434.0;29.87
434.5;42.662
435.0;27.323
435.5;32.67
436.0;16.219
436.5;18.526
437.0;34.909
437.5;28.149
438.0;23.892
438.5;4.871
439.0;39.547
439.5;7.715
440.0;36.445
440.5;26.326
441.0;31.02
441.5;8.788
442.0;20.937
442.5;28.85
443.0;17.771
443.5;20.154
444.0;27.716
444.5;30.562
445.0;10.616
445.5;21.108
446.0;12.244
446.5;11.841
447.0;35.563
447.5;45.225
448.0;56.166
448.5;70.642
449.0;65.095
449.5;64.063
450.0;25.365
450.5;21.532
451.0;41.063
451.5;32.08
452.0;43.485
452.5;25.322
453.0;49.784
453.5;86.669
454.0;72.516
454.5;91.935
455.0;84.15
455.5;60.125
456.0;114.698
456.5;26.002
457.0;9.14
457.5;71.001
458.0;57.833
458.5;72.46
459.0;80.812
459.5;60.353
460.0;50.383
460.5;22.153
461.0;141.177
461.5;84.757
462.0;61.046
462.5;63.901
463.0;20.236
463.5;29.963
464.0;113.861
464.5;105.146
465.0;40.602
465.5;33.219
466.0;47.578
466.5;59.139
467.0;133.922
467.5;91.964
468.0;30.201
468.5;25.111
469.0;72.486
469.5;23.71
470.0;29.367
470.5;106.489
471.0;30.873
471.5;75.791
472.0;51.332
472.5;91.126
473.0;30.948
473.5;15.953
474.0;87.023
474.5;39.664
475.0;92.064
475.5;59.847
476.0;65.548
476.5;24.02
477.0;37.633
477.5;34.824
478.0;48.206
478.5;26.259
479.0;71.712
479.5;59.836
480.0;65.303
480.5;25.028
481.0;77.05
481.5;62.358
482.0;31.84
482.5;53.683
483.0;22.877
483.5;16.643
484.0;13.905
484.5;15.851
485.0;32.72
485.5;35.123
486.0;45.669
486.5;53.983
487.0;77.964
487.5;70.662
488.0;27.761
488.5;84.276
489.0;27.552
489.5;16.538
490.0;11.58
490.5;57.418
491.0;58.736
491.5;15.657
492.0;34.072
492.5;14.01
493.0;30.719
493.5;27.633
494.0;76.018
494.5;66.68
495.0;13.64
495.5;22.367
496.0;59.269
496.5;30.054
497.0;27.703
497.5;9.982
498.0;13.977
498.5;41.99
499.0;16.012
499.5;40.339
500.0;17.087
500.5;48.261
501.0;52.923
501.5;76.821
502.0;35.01
502.5;23.102
503.0;20.162
503.5;23.521
504.0;9.219
504.5;8.642
505.0;73.536
505.5;54.161
506.0;41.534
506.5;31.424
507.0;34.658
507.5;58.564
508.0;70.398
508.5;62.396
509.0;66.165
509.5;16.385
510.0;19.639
510.5;58.019
511.0;75.561
511.5;26.333
512.0;83.316
512.5;73.696
513.0;14.953
513.5;100.05
514.0;121.843
514.5;73.421
515.0;95.675
515.5;142.497
516.0;83.302
516.5;63.662
517.0;118.772
517.5;43.334
518.0;186.18
518.5;146.632
519.0;9.644
519.5;61.504
520.0;30.094
520.5;68.646
521.0;35.882
521.5;26.445
522.0;93.131
522.5;97.673
523.0;22.167
523.5;70.884
524.0;59.488
524.5;21.822
525.0;65.9
525.5;27.574
526.0;110.283
526.5;125.213
527.0;48.65
527.5;61.821
528.0;74.128
528.5;9.847
529.0;56.858
529.5;71.496
530.0;67.287
530.5;27.401
531.0;44.642
531.5;30.491
532.0;80.644
532.5;49.042
533.0;32.811
533.5;55.114
534.0;89.797
534.5;19.816
535.0;47.718
535.5;67.073
536.0;50.783
536.5;37.906
537.0;69.845
537.5;50.493
538.0;48.02
538.5;65.429
539.0;82.163
539.5;58.338
540.0;70.367
540.5;54.887
541.0;34.072
541.5;45.215
542.0;50.258
542.5;23.896
543.0;32.055
543.5;12.131
544.0;30.768
544.5;47.341
545.0;49.734
545.5;38.649
546.0;9.535
546.5;44.549
547.0;7.614
547.5;15.022
548.0;38.677
548.5;28.185
549.0;28.235
549.5;10.942
550.0;59.393
550.5;45.8
551.0;15.613
551.5;50.797
552.0;27.075
552.5;35.84
553.0;53.81
553.5;37.292
554.0;73.407
554.5;39.497
555.0;64.872
555.5;27.835
556.0;48.894
556.5;14.716
557.0;27.523
557.5;47.042
558.0;32.409
558.5;71.471
559.0;33.948
559.5;33.593
560.0;18.217
560.5;41.813
561.0;69.81
561.5;38.112
562.0;60.432
562.5;25.321
563.0;28.062
563.5;52.781
564.0;52.687
564.5;26.006
565.0;29.029
565.5;54.571
566.0;79.01
566.5;38.243
567.0;42.059
567.5;88.935
568.0;26.022
568.5;36.201
569.0;75.429
569.5;59.958
570.0;23.204
570.5;16.35
571.0;29.744
571.5;12.456
572.0;39.199
572.5;32.328
573.0;60.077
573.5;21.832
574.0;25.017
574.5;15.549
575.0;23.691
575.5;57.405
576.0;50.325
576.5;17.806
577.0;37.771
577.5;1.213
578.0;21.875
578.5;26.589
579.0;28.406
579.5;21.729
580.0;31.165
580.5;28.365
581.0;9.36
581.5;26.935
582.0;33.998
582.5;13.701
583.0;20.311
583.5;47.825
584.0;36.523
584.5;33.303
585.0;25.38
585.5;45.079
586.0;73.039
586.5;42.597
587.0;31.084
587.5;45.746
588.0;14.59
588.5;32.441
589.0;24.29
589.5;15.565
590.0;38.36
590.5;53.891
591.0;26.752
591.5;36.295
592.0;82.411
592.5;71.154
593.0;57.698
593.5;50.346
594.0;4.943
594.5;73.262
595.0;61.143
595.5;89.237
596.0;84.363
596.5;43.535
597.0;16.332
597.5;78.585
598.0;87.378
598.5;20.499
599.0;42.194
599.5;11.803
600.0;76.948
600.5;44.461
601.0;28.691
601.5;41.51
602.0;54.501
602.5;21.335
603.0;33.006
603.5;63.476
604.0;66.184
604.5;40.356
605.0;102.307
605.5;86.42
606.0;80.967
606.5;46.218
607.0;100.685
607.5;32.686
608.0;53.04
608.5;83.104
609.0;4.202
609.5;64.085
610.0;93.97
610.5;29.801
611.0;35.044
611.5;56.801
612.0;72.199
612.5;58.355
613.0;75.951
613.5;20.692
614.0;77.916
614.5;21.952
615.0;18.177
615.5;37.308
616.0;24.265
616.5;57.238
617.0;28.993
617.5;16.182
618.0;14.77
618.5;61.06
619.0;37.478
619.5;36.974
620.0;24.136
620.5;20.309
621.0;36.774
621.5;27.299
622.0;74.169
622.5;6.186
623.0;8.689
623.5;24.554
624.0;13.931
624.5;35.189
625.0;28.583
625.5;30.458
626.0;40.967
626.5;22.693
627.0;31.282
627.5;29.118
628.0;33.99
628.5;49.832
629.0;40.065
629.5;37.747
630.0;24.757
630.5;28.418
631.0;11.565
631.5;18.965
632.0;42.534
632.5;46.962
633.0;20.052
633.5;16.649
634.0;30.099
634.5;33.766
635.0;19.2
635.5;15.472
636.0;41.324
636.5;18.51
637.0;29.847
637.5;18.518
638.0;39.582
638.5;31.204
639.0;54.775
639.5;51.72
640.0;35.549
640.5;58.162
641.0;22.409
641.5;43.735
642.0;35.224
642.5;82.987
643.0;8.399
643.5;12.637
644.0;70.237
644.5;29.537
645.0;15.893
645.5;8.281
646.0;51.324
646.5;17.687
647.0;22.85
647.5;45.285
648.0;35.271
648.5;57.689
649.0;41.796
649.5;52.894
650.0;19.206
650.5;54.924
651.0;64.09
651.5;3.717
652.0;56.964
652.5;28.415
653.0;77.475
653.5;13.151
654.0;66.348
654.5;72.595
655.0;64.079
655.5;38.628
656.0;10.406
656.5;1.772
657.0;42.201
657.5;19.672
658.0;76.254
658.5;19.193
659.0;70.528
659.5;33.686
660.0;30.307
660.5;37.509
661.0;37.127
661.5;57.003
662.0;61.597
662.5;12.081
663.0;42.686
663.5;9.742
664.0;14.805
664.5;38.211
665.0;25.335
665.5;25.244
666.0;14.214
666.5;35.039
667.0;11.055
667.5;31.678
668.0;23.107
668.5;30.191
669.0;33.623
669.5;39.127
670.0;20.685
670.5;44.563
671.0;12.07
671.5;18.289
672.0;59.729
672.5;24.542
673.0;23.707
673.5;49.935
674.0;17.752
674.5;42.365
675.0;18.654
675.5;27.255
676.0;18.813
676.5;11.455
677.0;32.191
677.5;19.172
678.0;35.619
678.5;35.292
679.0;12.888
679.5;15.473
680.0;50.547
680.5;12.37
681.0;14.771
681.5;13.327
682.0;42.862
682.5;32.779
683.0;24.654
683.5;3.795
684.0;23.298
684.5;39.296
685.0;51.83
685.5;26.718
686.0;12.431
686.5;47.633
687.0;36.636
687.5;31.207
688.0;48.248
688.5;7.856
689.0;10.532
689.5;27.459
690.0;12.817
690.5;11.854
691.0;6.8
691.5;45.416
692.0;25.807
692.5;24.523
693.0;20.292
693.5;17.08
694.0;33.195
694.5;32.61
695.0;40.755
695.5;8.238
696.0;30.513
696.5;12.637
697.0;10.141
697.5;15.311
698.0;25.018
698.5;32.089
699.0;9.382
699.5;20.445
700.0;21.508
700.5;35.251
701.0;7.166
701.5;15.781
702.0;4.175
702.5;20.019
703.0;21.89
703.5;10.01
704.0;33.625
704.5;10.78
705.0;12.89
705.5;14.304
706.0;8.294
706.5;14.648
707.0;13.404
707.5;8.948
708.0;22.877
708.5;12.556
709.0;33.82
709.5;41.161
710.0;40.864
710.5;11.352
711.0;21.752
711.5;45.593
712.0;30.152
712.5;33.691
713.0;26.818
713.5;15.104
714.0;20.931
714.5;58.856
715.0;89.595
715.5;59.264
716.0;35.527
716.5;25.245
717.0;28.403
717.5;8.261
718.0;56.116
718.5;41.818
719.0;17.977
719.5;53.599
720.0;10.0
720.5;34.301
721.0;13.446
721.5;22.622
722.0;39.751
722.5;30.95
723.0;21.497
723.5;32.06
724.0;15.256
724.5;15.049
725.0;29.687
725.5;17.002
726.0;39.874
726.5;11.366
727.0;18.472
727.5;40.287
728.0;23.577
728.5;12.751
729.0;14.53
729.5;17.869
730.0;12.177
730.5;19.291
731.0;22.591
731.5;5.811
732.0;19.294
732.5;18.225
733.0;29.338
733.5;12.174
734.0;16.212
734.5;19.255
735.0;23.821
735.5;8.217
736.0;9.663
736.5;18.064
737.0;1.357
737.5;29.861
738.0;39.015
738.5;14.749
739.0;48.464
739.5;11.01
740.0;6.791
740.5;9.115
741.0;26.119
741.5;17.25
742.0;32.591
742.5;8.921
743.0;9.816
743.5;7.864
744.0;34.377
744.5;26.043
745.0;15.596
745.5;34.126
746.0;5.356
746.5;21.148
747.0;31.112
747.5;10.102
748.0;3.885
748.5;15.915
749.0;27.089
749.5;20.992
750.0;10.451
750.5;16.354
751.0;21.106
751.5;39.975
752.0;27.297
752.5;30.079
753.0;12.606
753.5;26.065
754.0;3.346
754.5;38.858
755.0;34.629
755.5;17.035
756.0;17.094
756.5;6.373
757.0;15.613
757.5;11.835
758.0;8.676
758.5;25.102
759.0;19.422
759.5;10.987
760.0;16.796
760.5;6.068
761.0;8.05
761.5;12.433
762.0;12.197
762.5;31.63
763.0;27.405
763.5;8.86
764.0;9.202
764.5;11.466
765.0;22.954
765.5;20.507
766.0;37.972
766.5;24.098
767.0;18.353
767.5;18.596
768.0;13.393
768.5;18.944
769.0;12.46
769.5;29.267
770.0;12.005
770.5;20.631
771.0;15.878
771.5;19.178
772.0;19.56
772.5;8.342
773.0;10.203
773.5;13.744
774.0;44.967
774.5;47.487
775.0;11.091
775.5;20.116
776.0;18.043
776.5;17.164
777.0;7.93
777.5;34.112
778.0;55.033
778.5;10.828
779.0;23.164
779.5;12.485
780.0;13.896
780.5;12.713
781.0;6.142
781.5;39.642
782.0;10.162
782.5;14.777
783.0;28.485
783.5;19.51
784.0;26.04
784.5;6.78
785.0;29.381
785.5;12.503
786.0;15.145
786.5;34.903
787.0;27.781
787.5;13.144
788.0;19.843
788.5;34.16
789.0;9.068
789.5;28.882
790.0;15.271
790.5;10.477
791.0;6.238
791.5;13.316
792.0;32.801
792.5;24.471
793.0;33.474
793.5;15.193
794.0;18.874
794.5;11.573
795.0;13.952
795.5;24.809
796.0;7.516
796.5;24.473
797.0;10.032
797.5;4.859
798.0;8.297
798.5;23.587
799.0;18.955
799.5;21.671
800.0;28.152
800.5;41.81
801.0;16.934
801.5;20.291
802.0;7.767
802.5;14.664
803.0;14.223
803.5;27.403
804.0;19.351
804.5;17.238
805.0;12.813
805.5;26.871
806.0;17.245
806.5;8.621
807.0;20.812
807.5;8.317
808.0;9.266
808.5;34.476
809.0;18.773
809.5;12.11
810.0;28.654
810.5;16.23
811.0;13.222
811.5;8.995
812.0;14.342
812.5;15.645
813.0;19.7
813.5;7.058
814.0;7.657
814.5;18.588
815.0;1.967
815.5;17.347
816.0;42.458
816.5;14.597
817.0;23.574
817.5;15.419
818.0;27.604
818.5;25.771
819.0;24.455
819.5;31.977
820.0;12.035
820.5;13.979
821.0;19.722
821.5;18.115
822.0;17.831
822.5;30.715
823.0;14.106
823.5;12.612
824.0;28.893
824.5;23.618
825.0;25.34
825.5;24.304
826.0;10.102
826.5;10.229
827.0;23.195
827.5;14.894
828.0;10.827
828.5;2.13
829.0;6.559
829.5;8.84
830.0;20.13
830.5;21.094
831.0;16.193
831.5;22.205
832.0;26.249
832.5;8.09
833.0;2.87
833.5;4.936
834.0;14.485
834.5;4.106
835.0;6.058
835.5;7.04
836.0;22.323
836.5;17.766
837.0;39.109
837.5;20.876
838.0;12.808
838.5;31.029
839.0;20.934
839.5;14.062
840.0;34.361
840.5;46.996
841.0;22.935
841.5;42.776
842.0;22.455
842.5;25.553
843.0;36.931
843.5;45.161
844.0;28.29
844.5;60.916
845.0;18.338
845.5;17.835
846.0;53.755
846.5;18.502
847.0;23.468
847.5;24.638
848.0;30.649
848.5;12.521
849.0;10.634
849.5;59.185
850.0;23.399
850.5;16.938
851.0;21.664
851.5;26.787
852.0;15.252
852.5;37.82
853.0;12.08
853.5;13.918
854.0;14.825
854.5;15.387
855.0;10.592
855.5;6.219
856.0;34.091
856.5;27.905
857.0;34.343
857.5;12.669
858.0;15.452
858.5;23.524
859.0;13.457
859.5;6.722
860.0;23.502
860.5;27.108
861.0;13.864
861.5;19.157
862.0;16.851
862.5;14.862
863.0;29.706
863.5;36.062
864.0;15.395
864.5;38.064
865.0;23.323
865.5;18.131
866.0;5.384
866.5;8.595
867.0;18.429
867.5;21.167
868.0;24.437
868.5;41.909
869.0;19.648
869.5;26.588
870.0;11.952
870.5;22.594
871.0;9.562
871.5;24.05
872.0;25.79
872.5;25.815
873.0;25.258
873.5;17.042
874.0;18.773
874.5;10.985
875.0;9.24
875.5;6.9
876.0;5.395
876.5;24.967
877.0;5.409
877.5;12.482
878.0;20.764
878.5;2.131
879.0;11.781
879.5;10.415
880.0;10.705
880.5;12.214
881.0;12.767
881.5;25.324
882.0;3.097
882.5;21.71
883.0;18.015
883.5;20.896
884.0;13.846
884.5;21.807
885.0;9.698
885.5;15.477
886.0;8.608
886.5;19.704
887.0;11.627
887.5;2.008
888.0;9.16
888.5;19.559
889.0;27.06
889.5;3.403
890.0;26.898
890.5;5.744
891.0;0.574
891.5;3.629
892.0;16.236
892.5;16.322
893.0;10.727
893.5;11.786
894.0;6.236
894.5;14.952
895.0;22.791
895.5;14.692
896.0;31.34
896.5;20.242
897.0;23.335
897.5;15.705
898.0;13.35
898.5;15.712
899.0;17.107
899.5;31.452
900.0;20.835
900.5;15.508
901.0;6.397
901.5;18.432
902.0;20.058
902.5;12.843
903.0;39.15
903.5;17.118
904.0;12.15
904.5;14.046
905.0;9.075
905.5;31.29
906.0;5.191
906.5;19.469
907.0;18.821
907.5;11.54
908.0;26.988
908.5;16.209
909.0;34.297
909.5;9.395
910.0;12.928
910.5;38.644
911.0;13.052
911.5;24.811
912.0;27.357
912.5;41.215
913.0;27.303
913.5;27.737
914.0;38.256
914.5;33.347
915.0;12.313
915.5;26.08
916.0;17.179
916.5;10.064
917.0;5.357
917.5;18.885
918.0;29.059
918.5;4.436
919.0;16.996
919.5;14.083
920.0;1.128
920.5;27.074
921.0;21.2
921.5;6.177
922.0;20.938
922.5;16.161
923.0;7.52
923.5;34.17
924.0;15.306
924.5;12.543
925.0;25.301
925.5;7.106
926.0;7.311
926.5;11.833
927.0;32.826
927.5;14.044
928.0;22.215
928.5;13.433
929.0;10.905
929.5;11.542
930.0;6.814
930.5;13.559
931.0;10.843
931.5;20.299
932.0;9.598
932.5;7.655
933.0;7.795
933.5;0.942
934.0;9.895
934.5;7.111
935.0;7.276
935.5;12.454
936.0;18.93
936.5;15.096
937.0;5.941
937.5;14.018
938.0;8.594
938.5;5.675
939.0;10.413
939.5;8.395
940.0;5.887
940.5;14.811
941.0;17.606
941.5;19.815
942.0;10.042
942.5;24.937
943.0;5.082
943.5;9.226
944.0;15.84
944.5;4.43
945.0;9.044
945.5;16.36
946.0;28.658
946.5;7.034
947.0;14.67
947.5;12.086
948.0;11.01
948.5;12.599
949.0;12.148
949.5;26.761
950.0;13.439
950.5;18.124
951.0;4.253
951.5;11.304
952.0;8.577
952.5;6.197
953.0;22.31
953.5;15.967
954.0;22.716
954.5;3.432
955.0;10.896
955.5;8.924
956.0;1.781
956.5;11.142
957.0;26.056
957.5;22.194
958.0;4.169
958.5;10.557
959.0;25.082
959.5;5.672
960.0;18.048
960.5;36.429
961.0;10.721
961.5;22.278
962.0;10.927
962.5;11.633
963.0;11.17
963.5;16.24
964.0;10.496
964.5;2.632
965.0;18.275
965.5;10.763
966.0;12.063
966.5;12.535
967.0;10.306
967.5;23.556
968.0;22.888
968.5;8.949
969.0;10.554
969.5;27.849
970.0;18.153
970.5;8.118
971.0;24.342
971.5;8.217
972.0;12.779
972.5;4.367
973.0;17.774
973.5;9.43
974.0;4.271
974.5;5.331
975.0;16.34
975.5;18.044
976.0;10.473
976.5;6.106
977.0;3.439
977.5;12.216
978.0;9.477
978.5;28.65
979.0;19.774
979.5;10.051
980.0;30.467
980.5;19.013
981.0;10.386
981.5;14.583
982.0;6.41
982.5;9.173
983.0;18.368
983.5;7.499
984.0;8.501
984.5;5.358
985.0;4.819
985.5;11.437
986.0;15.268
986.5;6.93
987.0;6.89
987.5;11.839
988.0;6.605
988.5;17.53
989.0;16.739
989.5;14.335
990.0;20.234
990.5;9.137
991.0;11.867
991.5;8.14
992.0;3.312
992.5;17.771
993.0;8.004
993.5;15.003
994.0;12.067
994.5;24.943
995.0;7.61
995.5;19.275
996.0;10.598
996.5;14.36
997.0;19.293
997.5;16.777
998.0;19.69
998.5;25.369
999.0;20.886
999.5;15.076
1000.0;18.316
1000.5;16.634
1001.0;17.3
1001.5;38.946
1002.0;8.96
1002.5;7.367
1003.0;13.637
1003.5;7.033
1004.0;6.696
1004.5;3.257
1005.0;15.0
1005.5;2.808
1006.0;12.519
1006.5;7.221
1007.0;10.164
1007.5;17.674
1008.0;10.528
1008.5;8.233
1009.0;15.324
1009.5;15.158
1010.0;22.537
1010.5;5.447
1011.0;4.493
1011.5;5.442
1012.0;4.986
1012.5;4.016
1013.0;2.481
1013.5;4.787
1014.0;3.147
1014.5;5.947
1015.0;15.425
1015.5;5.347
1016.0;4.811
1016.5;14.037
1017.0;2.365
1017.5;12.211
1018.0;12.575
1018.5;14.025
1019.0;3.883
1019.5;9.721
1020.0;11.119
1020.5;21.174
1021.0;8.363
1021.5;19.245
1022.0;18.367
1022.5;8.551
1023.0;7.522
1023.5;4.988
1024.0;6.737
1024.5;18.569
1025.0;15.418
1025.5;8.135
1026.0;7.104
1026.5;9.591
1027.0;4.945
1027.5;2.026
1028.0;15.786
1028.5;9.078
1029.0;7.193
1029.5;27.474
1030.0;5.383
1030.5;11.547
1031.0;19.237
1031.5;27.096
1032.0;15.348
1032.5;22.217
1033.0;38.421
1033.5;23.649
1034.0;17.482
1034.5;12.716
1035.0;25.631
1035.5;11.534
1036.0;18.668
1036.5;34.496
1037.0;15.509
1037.5;27.646
1038.0;14.818
1038.5;19.783
1039.0;8.85
1039.5;17.501
1040.0;38.442
1040.5;6.18
1041.0;3.089
1041.5;17.902
1042.0;8.854
1042.5;11.837
1043.0;11.175
1043.5;24.827
1044.0;15.555
1044.5;3.94
1045.0;15.54
1045.5;18.871
1046.0;3.989
1046.5;11.541
1047.0;1.936
1047.5;16.522
1048.0;31.215
1048.5;3.309
1049.0;15.206
1049.5;9.164
1050.0;8.614
1050.5;15.107
1051.0;10.714
1051.5;14.447
1052.0;1.114
1052.5;3.78
1053.0;7.818
1053.5;5.952
1054.0;13.339
1054.5;23.55
1055.0;29.135
1055.5;9.731
1056.0;25.908
1056.5;13.362
1057.0;13.485
1057.5;7.719
1058.0;16.83
1058.5;8.257
1059.0;10.784
1059.5;8.488
1060.0;6.033
1060.5;2.721
1061.0;6.856
1061.5;9.53
1062.0;4.192
1062.5;9.899
1063.0;4.933
1063.5;6.648
1064.0;13.079
1064.5;11.506
1065.0;7.682
1065.5;18.29
1066.0;10.581
1066.5;9.536
1067.0;15.026
1067.5;21.162
1068.0;10.721
1068.5;3.715
1069.0;8.282
1069.5;11.821
1070.0;13.168
1070.5;18.682
1071.0;3.12
1071.5;9.901
1072.0;17.726
1072.5;25.682
1073.0;25.719
1073.5;18.31
1074.0;1.782
1074.5;14.841
1075.0;15.692
1075.5;8.84
1076.0;6.816
1076.5;10.595
1077.0;9.931
1077.5;2.682
1078.0;7.131
1078.5;10.937
1079.0;14.214
1079.5;19.558
1080.0;15.063
1080.5;3.54
1081.0;9.832
1081.5;5.314
1082.0;7.026
1082.5;5.956
1083.0;6.709
1083.5;6.601
1084.0;5.007
1084.5;8.104
1085.0;6.489
1085.5;9.808
1086.0;13.427
1086.5;8.532
1087.0;16.375
1087.5;6.218
1088.0;8.097
1088.5;9.481
1089.0;8.137
1089.5;7.064
1090.0;6.614
1090.5;5.415
1091.0;11.033
1091.5;7.584
1092.0;1.491
1092.5;5.411
1093.0;3.539
1093.5;8.554
1094.0;17.01
1094.5;10.593
1095.0;12.544
1095.5;13.462
1096.0;24.979
1096.5;5.699
1097.0;18.922
1097.5;11.638
1098.0;18.808
1098.5;15.873
1099.0;4.245
1099.5;23.948
1100.0;12.414
1100.5;19.206
1101.0;19.8
1101.5;9.85
1102.0;24.196
1102.5;10.454
1103.0;14.148
1103.5;19.632
1104.0;12.866
1104.5;13.966
1105.0;10.534
1105.5;9.61
1106.0;4.157
1106.5;4.425
1107.0;3.784
1107.5;2.137
1108.0;16.878
1108.5;8.024
1109.0;7.146
1109.5;15.994
1110.0;4.801
1110.5;22.768
1111.0;20.537
1111.5;14.918
1112.0;30.448
1112.5;8.378
1113.0;17.73
1113.5;22.968
1114.0;7.241
1114.5;25.754
1115.0;11.298
1115.5;4.571
1116.0;26.325
1116.5;5.239
1117.0;19.333
1117.5;9.794
1118.0;15.574
1118.5;4.585
1119.0;12.508
1119.5;2.358
1120.0;5.981
1120.5;18.556
1121.0;10.2
1121.5;5.18
1122.0;12.086
1122.5;10.499
1123.0;3.973
1123.5;21.546
1124.0;11.816
1124.5;11.047
1125.0;7.008
1125.5;4.132
1126.0;5.075
1126.5;13.033
1127.0;19.142
1127.5;25.576
1128.0;18.26
1128.5;7.604
1129.0;6.223
1129.5;14.507
1130.0;7.441
1130.5;10.753
1131.0;8.983
1131.5;14.741
1132.0;12.666
1132.5;11.172
1133.0;2.506
1133.5;10.932
1134.0;10.343
1134.5;6.396
1135.0;13.896
1135.5;17.159
1136.0;20.045
1136.5;4.222
1137.0;16.157
1137.5;24.24
1138.0;2.512
1138.5;12.562
1139.0;11.729
1139.5;5.498
1140.0;12.453
1140.5;9.415
1141.0;5.327
1141.5;12.253
1142.0;8.422
1142.5;5.142
1143.0;8.016
1143.5;6.088
1144.0;6.576
1144.5;12.901
1145.0;1.117
1145.5;7.015
1146.0;8.353
1146.5;2.996
1147.0;11.469
1147.5;11.837
1148.0;15.409
1148.5;6.644
1149.0;4.652
1149.5;9.864
1150.0;3.73
1150.5;7.154
1151.0;13.06
1151.5;18.15
1152.0;6.409
1152.5;13.798
1153.0;5.655
1153.5;5.234
1154.0;3.808
1154.5;7.829
1155.0;10.028
1155.5;15.509
1156.0;6.201
1156.5;16.552
1157.0;6.231
1157.5;10.869
1158.0;14.144
1158.5;8.562
1159.0;22.242
1159.5;8.959
1160.0;8.189
1160.5;14.809
1161.0;10.229
1161.5;8.716
1162.0;14.975
1162.5;13.786
1163.0;3.593
1163.5;1.788
1164.0;13.617
1164.5;17.162
1165.0;4.142
1165.5;7.092
1166.0;17.082
1166.5;24.098
1167.0;6.535
1167.5;4.152
1168.0;14.94
1168.5;9.385
1169.0;6.409
1169.5;14.787
1170.0;27.686
1170.5;19.264
1171.0;12.433
1171.5;18.556
1172.0;17.754
1172.5;15.333
1173.0;12.0
1173.5;13.954
1174.0;15.416
1174.5;8.236
1175.0;8.472
1175.5;13.471
1176.0;5.563
1176.5;14.829
1177.0;8.913
1177.5;8.218
1178.0;19.524
1178.5;7.3
1179.0;7.752
1179.5;8.248
1180.0;2.404
1180.5;11.283
1181.0;14.409
1181.5;8.293
1182.0;15.5
1182.5;7.586
1183.0;4.2
1183.5;5.695
1184.0;7.066
1184.5;6.769
1185.0;6.008
1185.5;4.143
1186.0;11.656
1186.5;2.418
1187.0;9.166
1187.5;5.163
1188.0;8.664
1188.5;10.036
1189.0;14.385
1189.5;10.126
1190.0;6.77
1190.5;5.941
1191.0;10.696
1191.5;8.504
1192.0;11.284
1192.5;13.014
1193.0;3.725
1193.5;1.777
1194.0;12.247
1194.5;11.539
1195.0;12.014
1195.5;7.026
1196.0;9.4
1196.5;11.783
1197.0;7.21
1197.5;10.034
1198.0;9.881
1198.5;7.51
1199.0;3.332
1199.5;2.438
1200.0;9.58
1200.5;8.184
1201.0;9.259
1201.5;8.276
1202.0;2.225
1202.5;12.715
1203.0;4.46
1203.5;8.391
1204.0;11.15
1204.5;6.28
1205.0;11.386
1205.5;4.923
1206.0;14.992
1206.5;3.056
1207.0;3.622
1207.5;2.671
1208.0;6.427
1208.5;8.37
1209.0;12.128
1209.5;12.895
1210.0;5.17
1210.5;8.515
1211.0;7.559
1211.5;10.024
1212.0;5.021
1212.5;23.082
1213.0;23.163
1213.5;9.61
1214.0;5.084
1214.5;22.593
1215.0;5.642
1215.5;7.385
1216.0;16.832
1216.5;6.85
1217.0;17.325
1217.5;23.563
1218.0;3.665
1218.5;13.095
1219.0;18.133
1219.5;9.849
1220.0;11.772
1220.5;11.039
1221.0;8.451
1221.5;21.985
1222.0;21.635
1222.5;8.013
1223.0;18.245
1223.5;16.05
1224.0;11.934
1224.5;9.483
1225.0;5.942
1225.5;4.888
1226.0;9.724
1226.5;8.534
1227.0;18.681
1227.5;22.531
1228.0;20.891
1228.5;24.597
1229.0;32.943
1229.5;26.165
1230.0;22.14
1230.5;13.977
1231.0;0.277
1231.5;11.745
1232.0;2.661
1232.5;1.549
1233.0;2.031
1233.5;2.109
1234.0;8.417
1234.5;8.582
1235.0;3.636
1235.5;10.002
1236.0;7.778
1236.5;7.408
1237.0;7.887
1237.5;14.911
1238.0;3.987
1238.5;2.806
1239.0;13.083
1239.5;5.971
1240.0;4.329
1240.5;8.147
1241.0;11.422
1241.5;11.446
1242.0;17.54
1242.5;8.893
1243.0;7.736
1243.5;4.33
1244.0;6.355
1244.5;5.802
1245.0;8.417
1245.5;7.42
1246.0;5.614
1246.5;2.571
1247.0;6.86
1247.5;4.254
1248.0;1.858
1248.5;11.004
1249.0;20.055
1249.5;9.723
1250.0;4.29
1250.5;1.149
1251.0;12.338
1251.5;9.02
1252.0;0.785
1252.5;2.498
1253.0;4.698
1253.5;8.162
1254.0;2.428
1254.5;2.871
1255.0;2.149
1255.5;4.694
1256.0;6.749
1256.5;12.981
1257.0;5.127
1257.5;8.8
1258.0;7.461
1258.5;16.635
1259.0;7.925
1259.5;4.295
1260.0;3.791
1260.5;12.137
1261.0;5.204
1261.5;12.928
1262.0;8.389
1262.5;7.686
1263.0;6.142
1263.5;8.104
1264.0;5.868
1264.5;3.567
1265.0;9.965
1265.5;8.519
1266.0;5.33
1266.5;5.853
1267.0;0.652
1267.5;2.085
1268.0;5.988
1268.5;10.093
1269.0;4.021
1269.5;6.383
1270.0;10.017
1270.5;4.905
1271.0;3.724
1271.5;8.154
1272.0;7.208
1272.5;4.804
1273.0;6.206
1273.5;4.681
1274.0;3.327
1274.5;2.124
1275.0;1.867
1275.5;10.223
1276.0;7.792
1276.5;2.708
1277.0;11.42
1277.5;13.102
1278.0;7.108
1278.5;5.966
1279.0;5.851
1279.5;9.381
1280.0;15.35
1280.5;11.116
1281.0;12.194
1281.5;6.127
1282.0;6.304
1282.5;0.347
1283.0;12.998
1283.5;13.96
1284.0;9.175
1284.5;5.852
1285.0;2.256
1285.5;7.691
1286.0;4.266
1286.5;10.391
1287.0;8.788
1287.5;8.19
1288.0;3.461
1288.5;4.865
1289.0;12.422
1289.5;9.204
1290.0;6.137
1290.5;12.211
1291.0;8.785
1291.5;1.964
1292.0;10.18
1292.5;9.805
1293.0;7.22
1293.5;5.08
1294.0;7.43
1294.5;17.059
1295.0;8.297
1295.5;10.821
1296.0;21.188
1296.5;11.777
1297.0;11.78
1297.5;5.854
1298.0;6.889
1298.5;7.6
1299.0;14.332
1299.5;8.042
1300.0;8.659
1300.5;18.838
1301.0;17.833
1301.5;9.049
1302.0;6.757
1302.5;2.788
1303.0;9.82
1303.5;12.289
1304.0;12.991
1304.5;17.643
1305.0;17.851
1305.5;4.147
1306.0;3.896
1306.5;3.55
1307.0;9.2
1307.5;6.55
1308.0;6.582
1308.5;8.099
1309.0;1.05
1309.5;3.722
1310.0;11.691
1310.5;11.72
1311.0;12.491
1311.5;12.128
1312.0;10.742
1312.5;12.456
1313.0;9.44
1313.5;5.66
1314.0;6.707
1314.5;10.849
1315.0;10.442
1315.5;13.151
1316.0;3.011
1316.5;7.596
1317.0;3.659
1317.5;5.003
1318.0;12.131
1318.5;8.322
1319.0;8.7
1319.5;5.47
1320.0;4.92
1320.5;6.649
1321.0;8.066
1321.5;7.394
1322.0;2.431
1322.5;4.784
1323.0;4.712
1323.5;1.788
1324.0;3.37
1324.5;2.502
1325.0;1.401
1325.5;8.407
1326.0;6.001
1326.5;4.504
1327.0;7.817
1327.5;2.058
1328.0;1.18
1328.5;8.067
1329.0;4.178
1329.5;7.076
1330.0;17.971
1330.5;11.221
1331.0;1.271
1331.5;4.819
1332.0;7.492
1332.5;1.858
1333.0;2.965
1333.5;9.856
1334.0;10.019
1334.5;6.831
1335.0;1.277
1335.5;11.112
1336.0;8.582
1336.5;6.876
1337.0;6.055
1337.5;6.404
1338.0;7.941
1338.5;6.161
1339.0;10.825
1339.5;0.205
1340.0;4.49
1340.5;2.602
1341.0;0.999
1341.5;2.818
1342.0;5.001
1342.5;5.052
1343.0;3.746
1343.5;8.94
1344.0;7.862
1344.5;5.198
1345.0;3.573
1345.5;6.889
1346.0;3.621
1346.5;8.918
1347.0;10.629
1347.5;13.288
1348.0;4.061
1348.5;3.406
1349.0;2.749
1349.5;9.353
1350.0;8.075
1350.5;11.382
1351.0;4.711
1351.5;4.923
1352.0;3.023
1352.5;8.792
1353.0;7.376
1353.5;9.624
1354.0;10.292
1354.5;8.692
1355.0;3.006
1355.5;2.389
1356.0;12.186
1356.5;5.264
1357.0;5.396
1357.5;10.255
1358.0;6.499
1358.5;7.601
1359.0;3.837
1359.5;10.336
1360.0;9.832
1360.5;8.31
1361.0;7.673
1361.5;4.46
1362.0;6.525
1362.5;0.672
1363.0;7.872
1363.5;1.276
1364.0;9.169
1364.5;14.464
1365.0;9.048
1365.5;11.816
1366.0;13.211
1366.5;19.782
1367.0;14.163
1367.5;4.17
1368.0;16.743
1368.5;10.408
1369.0;8.303
1369.5;3.945
1370.0;4.636
1370.5;4.781
1371.0;8.622
1371.5;11.54
1372.0;15.885
1372.5;13.651
1373.0;14.42
1373.5;21.244
1374.0;16.222
1374.5;15.503
1375.0;11.763
1375.5;4.897
1376.0;8.473
1376.5;11.481
1377.0;6.507
1377.5;3.752
1378.0;6.9
1378.5;7.935
1379.0;10.515
1379.5;7.77
1380.0;4.682
1380.5;7.043
1381.0;17.825
1381.5;21.283
1382.0;9.477
1382.5;4.007
1383.0;9.875
1383.5;5.329
1384.0;5.584
1384.5;6.423
1385.0;3.785
1385.5;8.241
1386.0;3.874
1386.5;7.293
1387.0;16.011
1387.5;18.946
1388.0;3.462
1388.5;7.447
1389.0;7.033
1389.5;4.128
1390.0;8.075
1390.5;10.282
1391.0;17.891
1391.5;14.109
1392.0;3.845
1392.5;9.722
1393.0;6.765
1393.5;5.131
1394.0;5.305
1394.5;6.464
1395.0;7.384
1395.5;8.77
1396.0;1.571
1396.5;6.794
1397.0;6.175
1397.5;9.801
1398.0;7.466
1398.5;4.885
1399.0;9.063
1399.5;7.751
1400.0;2.616
1400.5;3.87
1401.0;4.716
1401.5;4.235
1402.0;2.606
1402.5;8.316
1403.0;7.277
1403.5;9.011
1404.0;4.961
1404.5;3.363
1405.0;5.517
1405.5;4.232
1406.0;7.543
1406.5;6.891
1407.0;8.35
1407.5;8.224
1408.0;4.862
1408.5;9.224
1409.0;8.41
1409.5;6.21
1410.0;8.642
1410.5;5.752
1411.0;0.712
1411.5;3.625
1412.0;5.756
1412.5;11.649
1413.0;8.653
1413.5;10.58
1414.0;3.556
1414.5;0.943
1415.0;5.467
1415.5;2.037
1416.0;5.121
1416.5;0.609
1417.0;5.969
1417.5;8.036
1418.0;9.786
1418.5;2.266
1419.0;3.48
1419.5;3.529
1420.0;3.949
1420.5;4.06
1421.0;9.55
1421.5;7.505
1422.0;3.442
1422.5;5.122
1423.0;0.564
1423.5;5.171
1424.0;3.097
1424.5;7.224
1425.0;3.409
1425.5;4.755
1426.0;0.781
1426.5;4.276
1427.0;6.319
1427.5;6.662
1428.0;2.754
1428.5;2.381
1429.0;10.149
1429.5;7.761
1430.0;7.05
1430.5;6.958
1431.0;12.488
1431.5;9.227
1432.0;14.715
1432.5;9.14
1433.0;6.129
1433.5;9.857
1434.0;3.562
1434.5;6.445
1435.0;8.881
1435.5;5.676
1436.0;11.651
1436.5;3.506
1437.0;4.209
1437.5;5.718
1438.0;2.806
1438.5;7.48
1439.0;3.905
1439.5;7.611
1440.0;10.173
1440.5;6.272
1441.0;10.83
1441.5;4.928
1442.0;3.201
1442.5;8.063
1443.0;5.118
1443.5;8.252
1444.0;4.981
1444.5;4.706
1445.0;9.87
1445.5;7.15
1446.0;2.661
1446.5;3.812
1447.0;2.49
1447.5;0.986
1448.0;6.639
1448.5;2.459
1449.0;1.761
1449.5;5.226
1450.0;5.408
1450.5;4.968
1451.0;2.755
1451.5;1.411
1452.0;5.033
1452.5;3.485
1453.0;1.444
1453.5;2.857
1454.0;2.513
1454.5;2.347
1455.0;4.046
1455.5;5.037
1456.0;8.835
1456.5;8.676
1457.0;1.658
1457.5;2.89
1458.0;2.778
1458.5;2.877
1459.0;2.798
1459.5;6.103
1460.0;6.875
1460.5;6.608
1461.0;6.071
1461.5;6.112
1462.0;7.558
1462.5;3.615
1463.0;4.019
1463.5;5.971
1464.0;3.681
1464.5;2.701
1465.0;1.584
1465.5;6.724
1466.0;7.537
1466.5;5.486
1467.0;6.684
1467.5;6.634
1468.0;8.145
1468.5;5.717
1469.0;2.779
1469.5;6.167
1470.0;6.714
1470.5;9.397
1471.0;2.873
1471.5;6.711
1472.0;5.513
1472.5;1.939
1473.0;8.745
1473.5;5.984
1474.0;3.197
1474.5;6.183
1475.0;2.668
1475.5;4.059
1476.0;5.642
1476.5;7.04
1477.0;6.095
1477.5;6.151
1478.0;8.493
1478.5;1.484
1479.0;10.575
1479.5;10.821
1480.0;11.235
1480.5;5.687
1481.0;2.662
1481.5;4.804
1482.0;9.829
1482.5;3.273
1483.0;6.207
1483.5;6.076
1484.0;9.568
1484.5;4.415
1485.0;8.925
1485.5;8.994
1486.0;1.641
1486.5;5.082
1487.0;3.458
1487.5;5.673
1488.0;3.574
1488.5;6.92
1489.0;13.283
1489.5;3.753
1490.0;6.344
1490.5;2.929
1491.0;3.82
1491.5;5.708
1492.0;8.153
1492.5;14.673
1493.0;4.835
1493.5;8.87
1494.0;5.768
1494.5;1.848
1495.0;7.496
1495.5;8.757
1496.0;6.877
1496.5;1.855
1497.0;7.663
1497.5;10.683
1498.0;3.653
1498.5;12.026
1499.0;14.33
1499.5;6.807
1500.0;2.99
1500.5;4.054
1501.0;6.197
1501.5;2.15
1502.0;6.665
1502.5;13.436
1503.0;4.803
1503.5;3.833
1504.0;2.533
1504.5;10.967
1505.0;13.105
1505.5;6.063
1506.0;8.996
1506.5;13.397
1507.0;9.964
1507.5;6.824
1508.0;6.217
1508.5;6.791
1509.0;5.074
1509.5;2.88
1510.0;7.379
1510.5;8.622
1511.0;5.041
1511.5;4.193
1512.0;6.244
1512.5;3.56
1513.0;6.608
1513.5;3.302
1514.0;3.189
1514.5;5.869
1515.0;4.592
1515.5;3.297
1516.0;7.41
1516.5;5.561
1517.0;6.341
1517.5;7.515
1518.0;8.638
1518.5;5.306
1519.0;9.327
1519.5;9.901
1520.0;9.68
1520.5;13.741
1521.0;13.789
1521.5;5.418
1522.0;3.841
1522.5;4.951
1523.0;5.927
1523.5;4.931
1524.0;6.842
1524.5;7.806
1525.0;11.353
1525.5;3.181
1526.0;2.266
1526.5;12.067
1527.0;2.883
1527.5;6.136
1528.0;7.005
1528.5;3.954
1529.0;0.884
1529.5;4.166
1530.0;3.958
1530.5;1.479
1531.0;2.383
1531.5;2.166
1532.0;5.772
1532.5;3.724
1533.0;5.836
1533.5;19.054
1534.0;3.505
1534.5;1.627
1535.0;8.832
1535.5;2.212
1536.0;5.012
1536.5;8.448
1537.0;3.381
1537.5;3.198
1538.0;1.815
1538.5;1.034
1539.0;7.235
1539.5;10.146
1540.0;5.102
1540.5;11.021
1541.0;4.62
1541.5;5.938
1542.0;6.487
1542.5;8.24
1543.0;7.672
1543.5;5.507
1544.0;4.77
1544.5;3.249
1545.0;6.321
1545.5;4.231
1546.0;5.73
1546.5;5.562
1547.0;2.136
1547.5;2.877
1548.0;0.904
1548.5;5.229
1549.0;0.342
1549.5;3.779
1550.0;6.556
1550.5;4.094
1551.0;4.588
1551.5;1.553
1552.0;6.2
1552.5;2.899
1553.0;4.894
1553.5;5.738
1554.0;4.513
1554.5;6.783
1555.0;3.146
1555.5;7.867
1556.0;8.527
1556.5;5.299
1557.0;8.727
1557.5;6.557
1558.0;11.989
1558.5;10.27
1559.0;5.023
1559.5;8.112
1560.0;7.141
1560.5;5.445
1561.0;3.22
1561.5;3.948
1562.0;9.941
1562.5;9.023
1563.0;2.936
1563.5;4.493
1564.0;5.916
1564.5;5.968
1565.0;7.528
1565.5;3.54
1566.0;6.257
1566.5;1.91
1567.0;10.356
1567.5;4.758
1568.0;2.489
1568.5;6.206
1569.0;3.315
1569.5;3.834
1570.0;7.319
1570.5;5.072
1571.0;7.425
1571.5;3.968
1572.0;8.807
1572.5;4.864
1573.0;2.264
1573.5;8.208
1574.0;2.296
1574.5;5.733
1575.0;9.277
1575.5;6.819
1576.0;9.865
1576.5;1.233
1577.0;3.898
1577.5;6.581
1578.0;10.731
1578.5;2.094
1579.0;1.928
1579.5;2.589
1580.0;1.749
1580.5;2.653
1581.0;0.458
1581.5;2.757
1582.0;2.666
1582.5;4.236
1583.0;1.505
1583.5;4.368
1584.0;5.405
1584.5;6.787
1585.0;2.133
1585.5;9.991
1586.0;4.245
1586.5;1.744
1587.0;3.154
1587.5;4.851
1588.0;1.533
1588.5;2.718
1589.0;9.294
1589.5;6.996
1590.0;3.464
1590.5;3.403
1591.0;5.397
1591.5;1.204
1592.0;3.368
1592.5;3.348
1593.0;5.892
1593.5;5.558
1594.0;3.704
1594.5;4.775
1595.0;3.296
1595.5;2.29
1596.0;2.069
1596.5;2.341
1597.0;4.571
1597.5;4.885
1598.0;6.235
1598.5;1.895
1599.0;1.635
1599.5;2.665
1600.0;4.416
1600.5;1.839
1601.0;3.566
1601.5;3.655
1602.0;3.843
1602.5;4.339
1603.0;2.072
1603.5;3.316
1604.0;3.017
1604.5;1.448
1605.0;4.428
1605.5;5.944
1606.0;4.368
1606.5;2.478
1607.0;6.196
1607.5;7.122
1608.0;9.334
1608.5;5.153
1609.0;8.434
1609.5;13.449
1610.0;8.018
1610.5;1.508
1611.0;2.718
1611.5;4.108
1612.0;3.079
1612.5;4.868
1613.0;5.114
1613.5;3.599
1614.0;4.699
1614.5;3.068
1615.0;1.561
1615.5;4.789
1616.0;1.769
1616.5;7.608
1617.0;7.368
1617.5;3.846
1618.0;2.439
1618.5;6.977
1619.0;1.347
1619.5;6.93
1620.0;8.5
1620.5;2.183
1621.0;11.555
1621.5;3.211
1622.0;4.916
1622.5;3.07
1623.0;1.816
1623.5;7.4
1624.0;2.779
1624.5;8.548
1625.0;3.658
1625.5;3.647
1626.0;5.384
1626.5;1.637
1627.0;6.171
1627.5;1.147
1628.0;5.023
1628.5;2.755
1629.0;5.035
1629.5;9.487
1630.0;10.464
1630.5;9.451
1631.0;3.122
1631.5;10.317
1632.0;2.261
1632.5;2.253
1633.0;1.748
1633.5;4.562
1634.0;5.722
1634.5;3.219
1635.0;3.094
1635.5;2.696
1636.0;2.656
1636.5;0.542
1637.0;4.435
1637.5;7.721
1638.0;5.778
1638.5;0.717
1639.0;6.777
1639.5;2.043
1640.0;2.521
1640.5;4.536
1641.0;5.466
1641.5;6.569
1642.0;1.178
1642.5;2.855
1643.0;3.623
1643.5;2.404
1644.0;2.399
1644.5;1.067
1645.0;2.589
1645.5;2.552
1646.0;1.804
1646.5;5.419
1647.0;7.846
1647.5;1.836
1648.0;3.315
1648.5;1.877
1649.0;3.057
1649.5;0.315
1650.0;1.336
1650.5;4.474
1651.0;3.466
1651.5;1.505
1652.0;2.924
1652.5;1.411
1653.0;4.039
1653.5;4.413
1654.0;4.909
1654.5;2.867
1655.0;1.842
1655.5;3.953
1656.0;7.048
1656.5;1.5
1657.0;3.473
1657.5;4.831
1658.0;0.887
1658.5;0.631
1659.0;1.101
1659.5;1.285
1660.0;2.014
1660.5;0.989
1661.0;5.861
1661.5;0.672
1662.0;3.226
1662.5;2.476
1663.0;2.161
1663.5;3.218
1664.0;1.995
1664.5;3.905
1665.0;1.89
1665.5;2.475
1666.0;1.895
1666.5;3.405
1667.0;1.67
1667.5;1.11
1668.0;2.005
1668.5;1.87
1669.0;0.654
1669.5;1.928
1670.0;1.89
1670.5;0.816
1671.0;3.57
1671.5;2.221
1672.0;2.676
1672.5;4.304
1673.0;1.778
1673.5;1.541
1674.0;3.493
1674.5;4.465
1675.0;1.317
1675.5;2.101
1676.0;6.624
1676.5;2.389
1677.0;4.122
1677.5;1.854
1678.0;2.904
1678.5;2.706
1679.0;3.941
1679.5;3.6
1680.0;7.23
1680.5;5.003
1681.0;6.344
1681.5;6.097
1682.0;2.384
1682.5;4.591
1683.0;3.884
1683.5;1.559
1684.0;5.712
1684.5;2.033
1685.0;3.639
1685.5;3.516
1686.0;2.335
1686.5;2.504
1687.0;1.628
1687.5;5.728
1688.0;0.928
1688.5;7.991
1689.0;6.889
1689.5;2.952
1690.0;5.55
1690.5;3.374
1691.0;6.785
1691.5;4.832
1692.0;0.869
1692.5;6.391
1693.0;5.613
1693.5;3.32
1694.0;5.056
1694.5;1.842
1695.0;4.099
1695.5;5.096
1696.0;3.889
1696.5;3.773
1697.0;3.335
1697.5;2.608
1698.0;4.292
1698.5;3.598
1699.0;4.48
1699.5;6.355
1700.0;1.479
1700.5;5.793
1701.0;4.096
1701.5;3.478
1702.0;5.209
1702.5;2.927
1703.0;7.046
1703.5;4.063
1704.0;3.386
1704.5;5.994
1705.0;1.663
1705.5;1.587
1706.0;4.14
1706.5;3.617
1707.0;3.295
1707.5;2.958
1708.0;3.28
1708.5;1.643
1709.0;2.656
1709.5;1.057
1710.0;2.809
1710.5;1.201
1711.0;1.609
1711.5;0.587
1712.0;0.253
1712.5;1.716
1713.0;3.732
1713.5;0.5
1714.0;2.376
1714.5;3.587
1715.0;3.313
1715.5;4.189
1716.0;0.848
1716.5;3.501
1717.0;3.094
1717.5;3.574
1718.0;0.659
1718.5;0.869
1719.0;2.758
1719.5;2.092
1720.0;2.035
1720.5;3.383
1721.0;2.144
1721.5;3.129
1722.0;1.752
1722.5;1.661
1723.0;2.159
1723.5;5.019
1724.0;0.688
1724.5;2.927
1725.0;1.185
1725.5;5.329
1726.0;2.314
1726.5;2.638
1727.0;2.471
1727.5;1.478
1728.0;0.864
1728.5;3.723
1729.0;3.372
1729.5;1.812
1730.0;3.461
1730.5;2.005
1731.0;0.4
1731.5;2.189
1732.0;1.963
1732.5;4.503
1733.0;2.68
1733.5;0.584
1734.0;4.133
1734.5;0.51
1735.0;1.759
1735.5;4.728
1736.0;2.805
1736.5;4.803
1737.0;2.204
1737.5;1.804
1738.0;1.56
1738.5;6.141
1739.0;4.215
1739.5;2.628
1740.0;3.383
1740.5;3.605
1741.0;4.59
1741.5;2.154
1742.0;3.678
1742.5;6.784
1743.0;6.174
1743.5;4.587
1744.0;1.661
1744.5;2.886
1745.0;3.492
1745.5;6.361
1746.0;2.676
1746.5;4.561
1747.0;1.117
1747.5;2.576
1748.0;5.215
1748.5;3.481
1749.0;3.242
1749.5;2.992
1750.0;2.831
1750.5;2.698
1751.0;0.908
1751.5;3.554
1752.0;1.242
1752.5;3.876
1753.0;2.38
1753.5;1.597
1754.0;1.025
1754.5;4.411
1755.0;2.599
1755.5;2.561
1756.0;1.929
1756.5;0.249
1757.0;5.375
1757.5;2.937
1758.0;4.113
1758.5;4.447
1759.0;2.504
1759.5;2.423
1760.0;6.437
1760.5;3.816
1761.0;2.073
1761.5;6.366
1762.0;3.625
1762.5;3.466
1763.0;4.95
1763.5;3.017
1764.0;4.188
1764.5;3.108
1765.0;1.694
1765.5;2.467
1766.0;5.251
1766.5;1.691
1767.0;3.084
1767.5;2.628
1768.0;2.243
1768.5;1.46
1769.0;1.928
1769.5;2.837
1770.0;0.223
1770.5;2.52
1771.0;3.958
1771.5;1.737
1772.0;1.315
1772.5;2.623
1773.0;4.103
1773.5;0.638
1774.0;2.268
1774.5;1.787
1775.0;3.175
1775.5;2.598
1776.0;1.529
1776.5;2.044
1777.0;0.592
1777.5;3.43
1778.0;5.443
1778.5;5.05
1779.0;2.658
1779.5;2.374
1780.0;0.754
1780.5;5.331
1781.0;2.378
1781.5;4.457
1782.0;0.72
1782.5;0.503
1783.0;6.589
1783.5;3.807
1784.0;4.358
1784.5;1.999
1785.0;2.537
1785.5;3.043
1786.0;6.851
1786.5;1.983
1787.0;5.124
1787.5;4.156
1788.0;4.546
1788.5;5.689
1789.0;4.285
1789.5;1.871
1790.0;3.104
1790.5;4.464
1791.0;4.173
1791.5;3.108
1792.0;3.943
1792.5;0.82
1793.0;1.628
1793.5;2.575
1794.0;3.249
1794.5;1.491
1795.0;2.8
1795.5;2.152
1796.0;2.169
1796.5;2.832
1797.0;1.312
1797.5;4.051
1798.0;1.107
1798.5;5.871
1799.0;1.11
1799.5;0.739
1800.0;2.88
1800.5;1.534
1801.0;2.783
1801.5;2.306
1802.0;1.189
1802.5;2.37
1803.0;1.6
1803.5;1.615
1804.0;2.628
1804.5;2.696
1805.0;2.462
1805.5;3.692
1806.0;1.706
1806.5;2.588
1807.0;1.611
1807.5;1.91
1808.0;0.38
1808.5;4.226
1809.0;2.802
1809.5;2.941
1810.0;4.635
1810.5;4.151
1811.0;2.526
1811.5;2.636
1812.0;3.169
1812.5;6.825
1813.0;1.036
1813.5;1.457
1814.0;1.422
1814.5;4.158
1815.0;2.575
1815.5;1.573
1816.0;4.941
1816.5;3.487
1817.0;3.667
1817.5;8.76
1818.0;0.989
1818.5;2.55
1819.0;3.243
1819.5;3.983
1820.0;4.023
1820.5;2.377
1821.0;2.62
1821.5;4.509
1822.0;2.26
1822.5;2.491
1823.0;0.459
1823.5;1.315
1824.0;1.718
1824.5;0.879
1825.0;0.464
1825.5;2.724
1826.0;0.696
1826.5;2.06
1827.0;2.429
1827.5;2.808
1828.0;0.646
1828.5;0.527
1829.0;5.819
1829.5;7.432
1830.0;0.79
1830.5;4.847
1831.0;6.766
1831.5;7.176
1832.0;3.646
1832.5;7.65
1833.0;2.365
1833.5;0.488
1834.0;2.075
1834.5;1.414
1835.0;4.435
1835.5;3.476
1836.0;6.88
1836.5;8.016
1837.0;6.017
1837.5;5.207
1838.0;5.975
1838.5;2.16
1839.0;4.517
1839.5;5.948
1840.0;1.349
1840.5;1.424
1841.0;4.884
1841.5;4.354
1842.0;4.057
1842.5;4.606
1843.0;7.266
1843.5;2.032
1844.0;7.632
1844.5;6.76
1845.0;1.887
1845.5;3.045
1846.0;1.814
1846.5;4.957
1847.0;4.379
1847.5;4.538
1848.0;6.343
1848.5;3.123
1849.0;3.143
1849.5;6.959
1850.0;6.183
1850.5;5.074
1851.0;4.073
1851.5;8.219
1852.0;0.691
1852.5;1.424
1853.0;3.598
1853.5;6.652
1854.0;2.604
1854.5;1.683
1855.0;2.282
1855.5;1.601
1856.0;2.497
1856.5;1.23
1857.0;5.236
1857.5;4.344
1858.0;3.154
1858.5;3.904
1859.0;3.973
1859.5;1.785
1860.0;0.649
1860.5;2.609
1861.0;0.889
1861.5;3.83
1862.0;1.404
1862.5;3.747
1863.0;2.304
1863.5;3.565
1864.0;3.135
1864.5;1.148
1865.0;2.792
1865.5;2.957
1866.0;2.675
1866.5;3.414
1867.0;2.087
1867.5;1.363
1868.0;2.265
1868.5;2.464
1869.0;2.956
1869.5;1.901
1870.0;2.887
1870.5;2.559
1871.0;1.781
1871.5;3.632
1872.0;1.743
1872.5;5.91
1873.0;2.862
1873.5;3.89
1874.0;1.789
1874.5;3.49
1875.0;1.345
1875.5;1.084
1876.0;4.338
1876.5;2.692
1877.0;3.27
1877.5;6.841
1878.0;4.437
1878.5;1.956
1879.0;1.957
1879.5;3.745
1880.0;2.618
1880.5;5.98
1881.0;4.094
1881.5;2.0
1882.0;0.423
1882.5;4.724
1883.0;3.18
1883.5;3.778
1884.0;3.632
1884.5;4.065
1885.0;3.297
1885.5;2.905
1886.0;6.733
1886.5;2.045
1887.0;3.721
1887.5;3.159
1888.0;0.534
1888.5;2.24
1889.0;2.31
1889.5;4.775
1890.0;1.022
1890.5;1.885
1891.0;0.751
1891.5;1.097
1892.0;1.645
1892.5;2.523
1893.0;3.541
1893.5;2.633
1894.0;2.944
1894.5;3.705
1895.0;4.102
1895.5;2.294
1896.0;0.406
1896.5;2.822
1897.0;3.382
1897.5;2.915
1898.0;1.144
1898.5;1.005
1899.0;0.667
1899.5;0.443
1900.0;1.283
1900.5;4.786
1901.0;0.475
1901.5;0.516
1902.0;2.177
1902.5;0.348
1903.0;1.774
1903.5;5.434
1904.0;3.095
1904.5;2.454
1905.0;1.273
1905.5;1.54
1906.0;1.314
1906.5;1.173
1907.0;0.527
1907.5;1.989
1908.0;0.335
1908.5;1.631
1909.0;2.4
1909.5;0.98
1910.0;1.362
1910.5;2.359
1911.0;2.055
1911.5;1.326
1912.0;0.95
1912.5;0.54
1913.0;2.157
1913.5;2.258
1914.0;1.827
1914.5;0.533
1915.0;4.278
1915.5;3.161
1916.0;3.33
1916.5;2.834
1917.0;1.79
1917.5;0.955
1918.0;2.945
1918.5;1.641
1919.0;2.125
1919.5;2.596
1920.0;1.056
1920.5;0.915
1921.0;0.263
1921.5;2.027
1922.0;2.62
1922.5;1.403
1923.0;1.505
1923.5;3.347
1924.0;0.748
1924.5;2.862
1925.0;3.408
1925.5;2.381
1926.0;1.579
1926.5;1.846
1927.0;0.233
1927.5;1.707
1928.0;1.183
1928.5;0.462
1929.0;2.347
1929.5;3.474
1930.0;0.876
1930.5;2.111
1931.0;2.702
1931.5;0.873
1932.0;2.274
1932.5;2.65
1933.0;0.677
1933.5;1.426
1934.0;2.499
1934.5;3.591
1935.0;6.166
1935.5;1.203
1936.0;0.816
1936.5;0.966
1937.0;2.272
1937.5;0.958
1938.0;2.594
1938.5;0.451
1939.0;0.4
1939.5;2.786
1940.0;0.481
1940.5;0.953
1941.0;0.959
1941.5;1.347
1942.0;1.626
1942.5;3.383
1943.0;2.827
1943.5;1.759
1944.0;1.964
1944.5;1.192
1945.0;0.91
1945.5;1.804
1946.0;1.383
1946.5;1.237
1947.0;0.452
1947.5;0.388
1948.0;1.096
1948.5;0.816
1949.0;0.893
1949.5;1.292
1950.0;0.662
1950.5;0.354
1951.0;0.424
1951.5;1.311
1952.0;1.235
1952.5;0.689
1953.0;1.608
1953.5;0.674
1954.0;1.499
1954.5;0.481
1955.0;0.494
1955.5;0.57
1956.0;0.578
1956.5;1.069
1957.0;0.867
1957.5;0.558
1958.0;0.595
1958.5;0.926
1959.0;1.371
1959.5;0.189
1960.0;1.57
1960.5;1.624
1961.0;0.552
1961.5;0.893
1962.0;0.187
1962.5;1.054
1963.0;1.042
1963.5;1.444
1964.0;1.169
1964.5;0.979
1965.0;1.303
1965.5;0.379
1966.0;0.207
1966.5;0.733
1967.0;1.449
1967.5;0.338
1968.0;1.425
1968.5;1.703
1969.0;0.855
1969.5;1.293
1970.0;0.915
1970.5;0.995
1971.0;0.873
1971.5;1.233
1972.0;1.18
1972.5;0.496
1973.0;0.77
1973.5;0.725
1974.0;1.416
1974.5;0.937
1975.0;1.221
1975.5;0.815
1976.0;0.613
1976.5;0.241
1977.0;0.347
1977.5;0.701
1978.0;0.539
1978.5;1.291
1979.0;0.962
1979.5;0.623
1980.0;0.604
1980.5;0.458
1981.0;0.331
1981.5;0.176
1982.0;0.248
1982.5;0.707
1983.0;0.161
1983.5;0.513
1984.0;1.268
1984.5;0.775
1985.0;1.094
1985.5;0.605
1986.0;1.814
1986.5;1.973
1987.0;0.782
1987.5;0.448
1988.0;1.167
1988.5;0.665
1989.0;0.117
1989.5;0.753
1990.0;0.324
1990.5;0.414
1991.0;0.844
1991.5;0.887
1992.0;0.492
1992.5;0.815
1993.0;1.17
1993.5;0.723
1994.0;1.067
1994.5;1.343
1995.0;0.978
1995.5;0.946
1996.0;0.808
1996.5;1.538
1997.0;1.438
1997.5;1.578
1998.0;1.023
1998.5;1.343
1999.0;1.194
1999.5;0.885
2000.0;3.071
2000.5;0.953
2001.0;1.772
2001.5;2.537
2002.0;1.142
2002.5;0.429
2003.0;0.888
2003.5;1.305
2004.0;1.249
2004.5;1.368
2005.0;2.571
2005.5;0.993
2006.0;1.142
2006.5;0.563
2007.0;0.515
2007.5;0.556
2008.0;1.35
2008.5;1.133
2009.0;0.959
2009.5;1.001
2010.0;1.23
2010.5;1.727
2011.0;1.872
2011.5;1.502
2012.0;0.797
2012.5;0.605
2013.0;1.619
2013.5;1.265
2014.0;0.412
2014.5;1.757
2015.0;1.225
2015.5;0.449
2016.0;1.909
2016.5;1.399
2017.0;2.429
2017.5;1.462
2018.0;0.747
2018.5;0.963
2019.0;0.755
2019.5;1.54
2020.0;1.899
2020.5;1.839
2021.0;0.947
2021.5;3.445
2022.0;2.132
2022.5;1.673
2023.0;1.914
2023.5;1.074
2024.0;1.179
2024.5;0.801
2025.0;1.627
2025.5;1.003
2026.0;1.231
2026.5;1.749
2027.0;0.774
2027.5;1.685
2028.0;3.458
2028.5;2.279
2029.0;0.685
2029.5;2.48
2030.0;1.947
2030.5;0.335
2031.0;1.737
2031.5;3.063
2032.0;0.555
2032.5;1.39
2033.0;0.626
2033.5;0.516
2034.0;0.754
2034.5;2.532
2035.0;2.872
2035.5;1.744
2036.0;1.883
2036.5;1.537
2037.0;1.075
2037.5;1.34
2038.0;0.918
2038.5;1.592
2039.0;1.75
2039.5;1.586
2040.0;1.635
2040.5;0.98
2041.0;0.584
2041.5;1.512
2042.0;2.418
2042.5;1.641
2043.0;0.864
2043.5;0.762
2044.0;0.868
2044.5;1.035
2045.0;1.48
2045.5;1.517
2046.0;2.797
2046.5;1.017
2047.0;1.714
2047.5;1.786
2048.0;1.605
2048.5;2.473
2049.0;1.598
2049.5;1.417
2050.0;2.67
2050.5;2.89
2051.0;1.24
2051.5;0.395
2052.0;0.337
2052.5;2.113
2053.0;1.211
2053.5;1.212
2054.0;2.732
2054.5;2.046
2055.0;1.439
2055.5;0.73
2056.0;0.481
2056.5;0.614
2057.0;3.197
2057.5;2.215
2058.0;1.8
2058.5;1.266
2059.0;1.802
2059.5;2.362
2060.0;1.214
2060.5;0.836
2061.0;1.337
2061.5;1.198
2062.0;0.601
2062.5;0.59
2063.0;0.105
2063.5;1.473
2064.0;2.895
2064.5;2.15
2065.0;0.938
2065.5;1.474
2066.0;1.293
2066.5;1.57
2067.0;0.723
2067.5;0.647
2068.0;0.671
2068.5;1.32
2069.0;1.539
2069.5;2.038
2070.0;1.1
2070.5;1.082
2071.0;2.79
2071.5;3.362
2072.0;0.936
2072.5;2.246
2073.0;1.309
2073.5;0.019
2074.0;1.619
2074.5;1.366
2075.0;0.722
2075.5;1.452
2076.0;3.467
2076.5;2.335
2077.0;1.11
2077.5;2.253
2078.0;4.009
2078.5;4.384
2079.0;1.401
2079.5;2.443
2080.0;1.155
2080.5;1.669
2081.0;0.914
2081.5;2.758
2082.0;1.625
2082.5;0.925
2083.0;2.961
2083.5;2.084
2084.0;2.095
2084.5;1.573
2085.0;1.046
2085.5;1.511
2086.0;2.007
2086.5;2.119
2087.0;1.411
2087.5;0.567
2088.0;0.99
2088.5;2.831
2089.0;1.311
2089.5;1.484
2090.0;0.6
2090.5;1.367
2091.0;1.179
2091.5;5.44
2092.0;0.366
2092.5;1.351
2093.0;1.868
2093.5;0.675
2094.0;0.798
2094.5;3.159
2095.0;1.192
2095.5;2.383
2096.0;4.159
2096.5;2.518
2097.0;0.485
2097.5;1.237
2098.0;2.23
2098.5;2.307
2099.0;1.246
2099.5;3.461
2100.0;0.59
2100.5;1.678
2101.0;1.872
2101.5;1.502
2102.0;0.558
2102.5;1.028
2103.0;0.961
2103.5;0.744
2104.0;0.332
2104.5;0.572
2105.0;2.849
2105.5;1.347
2106.0;4.341
2106.5;0.437
2107.0;1.136
2107.5;2.904
2108.0;2.695
2108.5;1.208
2109.0;1.882
2109.5;2.162
2110.0;2.144
2110.5;1.001
2111.0;2.019
2111.5;1.99
2112.0;1.403
2112.5;1.605
2113.0;4.061
2113.5;2.207
2114.0;2.581
2114.5;1.732
2115.0;1.244
2115.5;3.125
2116.0;3.06
2116.5;2.87
2117.0;8.401
2117.5;4.098
2118.0;1.412
2118.5;2.662
2119.0;3.095
2119.5;4.799
2120.0;7.053
2120.5;1.994
2121.0;2.142
2121.5;1.17
2122.0;2.66
2122.5;1.43
2123.0;2.105
2123.5;0.496
2124.0;4.396
2124.5;4.829
2125.0;4.34
2125.5;1.993
2126.0;1.847
2126.5;1.748
2127.0;2.67
2127.5;3.393
2128.0;1.588
2128.5;1.931
2129.0;1.954
2129.5;1.919
2130.0;1.282
2130.5;3.282
2131.0;2.776
2131.5;2.427
2132.0;2.609
2132.5;4.514
2133.0;4.294
2133.5;2.82
2134.0;1.484
2134.5;3.007
2135.0;3.252
2135.5;0.861
2136.0;1.778
2136.5;0.637
2137.0;2.192
2137.5;2.071
2138.0;1.29
2138.5;1.902
2139.0;0.599
2139.5;4.45
2140.0;2.262
2140.5;5.776
2141.0;1.78
2141.5;2.782
2142.0;4.122
2142.5;0.778
2143.0;2.16
2143.5;3.72
2144.0;2.174
2144.5;0.777
2145.0;3.601
2145.5;1.382
2146.0;1.402
2146.5;2.686
2147.0;1.57
2147.5;2.814
2148.0;2.376
2148.5;2.832
2149.0;3.386
2149.5;2.063
2150.0;0.985
2150.5;2.409
2151.0;1.483
2151.5;0.883
2152.0;2.376
2152.5;1.951
2153.0;2.441
2153.5;3.206
2154.0;1.971
2154.5;1.588
2155.0;0.513
2155.5;1.224
2156.0;4.583
2156.5;5.151
2157.0;4.101
2157.5;1.327
2158.0;2.536
2158.5;0.648
2159.0;4.606
2159.5;2.817
2160.0;1.98
2160.5;2.206
2161.0;3.131
2161.5;3.605
2162.0;0.531
2162.5;2.057
2163.0;1.325
2163.5;1.419
2164.0;1.03
2164.5;5.1
2165.0;1.777
2165.5;0.249
2166.0;2.711
2166.5;4.337
2167.0;3.734
2167.5;2.035
2168.0;2.614
2168.5;4.872
2169.0;2.111
2169.5;0.694
2170.0;1.681
2170.5;1.706
2171.0;1.919
2171.5;4.726
2172.0;2.419
2172.5;2.228
2173.0;2.32
2173.5;3.521
2174.0;6.497
2174.5;5.162
2175.0;4.226
2175.5;4.219
2176.0;2.941
2176.5;3.891
2177.0;3.345
2177.5;3.403
2178.0;0.985
2178.5;2.008
2179.0;2.629
2179.5;2.682
2180.0;2.843
2180.5;1.671
2181.0;2.012
2181.5;3.578
2182.0;5.289
2182.5;1.483
2183.0;2.075
2183.5;2.623
2184.0;4.781
2184.5;3.361
2185.0;3.737
2185.5;2.375
2186.0;3.837
2186.5;2.747
2187.0;4.94
2187.5;2.985
2188.0;2.88
2188.5;2.569
2189.0;3.09
2189.5;1.177
2190.0;0.657
2190.5;1.755
2191.0;4.415
2191.5;3.739
2192.0;6.096
2192.5;3.733
2193.0;0.878
2193.5;1.657
2194.0;3.798
2194.5;2.057
2195.0;4.174
2195.5;4.157
2196.0;0.839
2196.5;5.835
2197.0;3.352
2197.5;4.878
2198.0;4.334
2198.5;4.288
2199.0;1.454
2199.5;5.043
2200.0;3.042
2200.5;0.88
2201.0;0.585
2201.5;2.291
2202.0;0.746
2202.5;0.249
2203.0;0.814
2203.5;1.136
2204.0;0.531
2204.5;2.644
2205.1;0.897
2205.6;0.313
2206.1;1.148
2206.6;1.694
2207.1;1.213
2207.6;2.891
2208.1;3.224
2208.6;4.019
2209.1;4.141
2209.6;1.693
2210.1;2.317
2210.6;0.378
2211.1;0.691
2211.6;1.389
2212.1;1.66
2212.6;0.647
2213.1;0.563
2213.6;1.505
2214.1;0.752
2214.6;2.777
2215.1;4.382
2215.6;4.079
2216.1;0.897
2216.6;0.86
2217.1;1.694
2217.6;1.424
2218.1;0.495
2218.6;2.002
2219.1;0.847
2219.6;1.64
2220.1;1.237
2220.6;1.236
2221.1;2.488
2221.6;1.672
2222.1;1.883
2222.6;4.707
2223.1;1.964
2223.6;1.889
2224.1;4.688
2224.6;4.85
2225.1;3.13
2225.6;1.622
2226.1;2.583
2226.6;2.431
2227.1;2.431
2227.6;2.892
2228.1;1.533
2228.6;1.845
2229.1;2.951
2229.6;1.584
2230.1;2.123
2230.6;2.026
2231.1;2.465
2231.6;2.638
2232.1;4.059
2232.6;1.827
2233.1;0.488
2233.6;1.632
2234.1;1.632
2234.6;1.179
2235.1;3.249
2235.6;1.377
2236.1;0.829
2236.6;2.205
2237.1;0.691
2237.6;1.941
2238.1;1.435
2238.6;2.177
2239.1;1.721
2239.6;4.14
2240.1;2.072
2240.6;2.28
2241.1;0.417
2241.6;3.118
2242.1;1.145
2242.6;5.196
2243.1;2.445
2243.6;1.302
2244.1;2.158
2244.6;2.271
2245.1;4.112
2245.6;2.056
2246.1;0.203
2246.6;2.153
2247.1;3.071
2247.6;0.588
2248.1;1.315
2248.6;3.087
2249.1;0.878
2249.6;2.878
2250.1;3.864
2250.6;1.118
2251.1;1.82
2251.6;1.946
2252.1;3.448
2252.6;3.442
2253.1;3.176
2253.6;2.212
2254.1;0.524
2254.6;1.963
2255.1;2.208
2255.6;3.715
2256.1;1.649
2256.6;1.057
2257.1;0.549
2257.6;2.128
2258.1;2.578
2258.6;3.28
2259.1;1.817
2259.6;1.567
2260.1;2.988
2260.6;1.192
2261.1;1.391
2261.6;1.796
2262.1;1.06
2262.6;2.597
2263.1;2.751
2263.6;3.436
2264.1;0.984
2264.6;3.238
2265.1;1.921
2265.6;2.577
2266.1;3.524
2266.6;1.072
2267.1;1.517
2267.6;1.254
2268.1;2.101
2268.6;2.325
2269.1;0.388
2269.6;2.542
2270.1;1.493
2270.6;0.984
2271.1;2.82
2271.6;2.16
2272.1;2.646
2272.6;0.646
2273.1;2.864
2273.6;2.727
2274.1;2.68
2274.6;2.236
2275.1;2.178
2275.6;2.857
2276.1;1.823
2276.6;1.788
2277.1;3.623
2277.6;0.722
2278.1;5.402
2278.6;3.82
2279.1;1.513
2279.6;1.335
2280.1;1.73
2280.6;0.988
2281.1;4.475
2281.6;3.218
2282.1;2.19
2282.6;0.844
2283.1;1.95
2283.6;2.667
2284.1;1.629
2284.6;1.697
2285.1;3.039
2285.6;6.608
2286.1;1.587
2286.6;1.542
2287.1;2.405
2287.6;1.71
2288.1;1.69
2288.6;2.602
2289.1;3.146
2289.6;3.241
2290.1;1.019
2290.6;2.995
2291.1;4.01
2291.6;3.186
2292.1;3.591
2292.6;2.687
2293.1;2.529
2293.6;4.717
2294.1;3.324
2294.6;2.263
2295.1;1.007
2295.6;2.278
2296.1;2.956
2296.6;0.907
2297.1;3.406
2297.6;1.561
2298.1;2.622
2298.6;0.971
2299.1;4.009
2299.6;2.573
2300.1;2.407
2300.6;2.118
2301.1;3.64
2301.6;3.389
2302.1;1.486
2302.6;3.215
2303.1;1.25
2303.6;1.079
2304.1;0.691
2304.6;0.726
2305.1;0.651
2305.6;1.487
2306.1;1.195
2306.6;0.527
2307.1;1.392
2307.6;1.726
2308.1;1.242
2308.6;1.583
2309.1;3.857
2309.6;1.902
2310.1;1.93
2310.6;2.685
2311.1;0.728
2311.6;0.748
2312.1;0.492
2312.6;1.176
2313.1;2.118
2313.6;2.372
2314.1;2.061
2314.6;1.013
2315.1;0.761
2315.6;0.849
2316.1;1.059
2316.6;2.472
2317.1;1.739
2317.6;1.581
2318.1;0.461
2318.6;2.05
2319.1;1.188
2319.6;2.178
2320.1;1.752
2320.6;2.058
2321.1;2.065
2321.6;2.615
2322.1;1.124
2322.6;1.142
2323.1;1.009
2323.6;1.019
2324.1;1.572
2324.6;0.75
2325.1;0.768
2325.6;1.682
2326.1;3.018
2326.6;1.096
2327.1;0.248
2327.6;2.927
2328.1;0.427
2328.6;3.124
2329.1;1.59
2329.6;0.834
2330.1;3.0
2330.6;1.701
2331.1;3.707
2331.6;0.545
2332.1;0.919
2332.6;1.334
2333.1;1.769
2333.6;3.711
2334.1;1.472
2334.6;0.153
2335.1;0.762
2335.6;2.516
2336.1;1.487
2336.6;0.893
2337.1;2.33
2337.6;3.003
2338.1;2.386
2338.6;0.867
2339.1;1.875
2339.6;2.619
2340.1;1.342
2340.6;3.143
2341.1;4.463
2341.6;2.275
2342.1;1.405
2342.6;1.464
2343.1;4.45
2343.6;2.548
2344.1;4.851
2344.6;2.913
2345.1;2.075
2345.6;4.387
2346.1;3.188
2346.6;5.593
2347.1;1.0
2347.6;2.585
2348.1;0.355
2348.6;1.503
2349.1;2.419
2349.6;1.145
2350.1;1.652
2350.6;3.217
2351.1;2.923
2351.6;3.343
2352.1;1.287
2352.6;4.345
2353.1;0.479
2353.6;2.976
2354.1;0.744
2354.6;3.892
2355.1;2.135
2355.6;0.954
2356.1;2.713
2356.6;1.182
2357.1;1.189
2357.6;1.241
2358.1;1.651
2358.6;1.804
2359.1;1.131
2359.6;1.891
2360.1;2.191
2360.6;2.326
2361.1;2.045
2361.6;1.336
2362.1;3.154
2362.6;1.876
2363.1;0.568
2363.6;0.683
2364.1;3.298
2364.6;0.715
2365.1;2.949
2365.6;1.818
2366.1;0.506
2366.6;1.448
2367.1;1.787
2367.6;1.632
2368.1;3.589
2368.6;0.934
2369.1;0.773
2369.6;1.594
2370.1;1.114
2370.6;0.892
2371.1;1.497
2371.6;1.216
2372.1;0.602
2372.6;0.889
2373.1;0.393
2373.6;0.236
2374.1;0.545
2374.6;1.301
2375.1;0.242
2375.6;2.316
2376.1;1.688
2376.6;1.29
2377.1;2.534
2377.6;1.104
2378.1;1.311
2378.6;1.728
2379.1;0.931
2379.6;1.05
2380.1;1.679
2380.6;1.167
2381.1;1.341
2381.6;0.549
2382.1;0.691
2382.6;0.638
2383.1;2.13
2383.6;1.616
2384.1;1.108
2384.6;0.476
2385.1;0.659
2385.6;1.57
2386.1;1.174
2386.6;0.884
2387.1;0.992
2387.6;0.641
2388.1;0.46
2388.6;1.162
2389.1;0.26
2389.6;0.197
2390.1;1.725
2390.6;1.775
2391.1;0.584
2391.6;1.274
2392.1;2.228
2392.6;1.402
2393.1;0.9
2393.6;3.021
2394.1;2.138
2394.6;2.186
2395.1;1.2
2395.6;1.683
2396.1;1.008
2396.6;2.043
2397.1;2.588
2397.6;2.556
2398.1;1.712
2398.6;1.39
2399.1;3.752
2399.6;0.679
2400.1;2.045
2400.6;0.713
2401.1;0.565
2401.6;1.344
2402.1;0.858
2402.6;1.144
2403.1;0.806
2403.6;1.016
2404.1;0.952
2404.6;0.655
2405.1;1.259
2405.6;1.044
2406.1;2.224
2406.6;0.771
2407.1;1.641
2407.6;2.862
2408.1;0.464
2408.6;0.915
2409.1;0.786
2409.6;1.273
2410.1;0.791
2410.6;0.885
2411.1;2.519
2411.6;0.677
2412.1;0.637
2412.6;0.989
2413.1;0.785
2413.6;0.442
2414.1;0.55
2414.6;0.418
2415.1;0.627
2415.6;0.772
2416.1;0.475
2416.6;0.579
2417.1;0.688
2417.6;1.003
2418.1;0.786
2418.6;0.867
2419.1;0.765
2419.6;0.077
2420.1;0.624
2420.6;0.726
2421.1;0.486
2421.6;0.644
2422.1;0.748
2422.6;0.711
2423.1;1.573
2423.6;1.794
2424.1;1.302
2424.6;1.116
2425.1;0.118
2425.6;1.277
2426.1;0.715
2426.6;1.056
2427.1;1.3
2427.6;0.406
2428.1;0.386
2428.6;2.122
2429.1;0.5
2429.6;0.582
2430.1;1.057
2430.6;0.792
2431.1;0.982
2431.6;1.081
2432.1;1.008
2432.6;1.571
2433.1;0.968
2433.6;0.486
2434.1;0.723
2434.6;0.677
2435.1;0.763
2435.6;2.8
2436.1;1.772
2436.6;1.386
2437.1;0.532
2437.6;1.241
2438.1;0.991
2438.6;0.925
2439.1;0.79
2439.6;0.48
2440.1;1.417
2440.6;0.384
2441.1;0.641
2441.6;0.629
2442.1;0.689
2442.6;1.059
2443.1;1.151
2443.6;0.728
2444.1;1.274
2444.6;0.802
2445.1;1.626
2445.6;0.24
2446.1;1.885
2446.6;0.085
2447.1;1.73
2447.6;0.933
2448.1;1.425
2448.6;1.59
2449.1;1.686
2449.6;0.639
2450.1;0.657
2450.6;1.257
2451.1;0.905
2451.6;1.626
2452.1;1.184
2452.6;0.79
2453.1;0.712
2453.6;1.169
2454.1;0.324
2454.6;1.215
2455.1;0.548
2455.6;1.715
2456.1;1.439
2456.6;0.391
2457.1;0.629
2457.6;0.824
2458.1;0.493
2458.6;0.548
2459.1;0.564
2459.6;0.225
2460.1;0.675
2460.6;0.602
2461.1;0.666
2461.6;1.105
2462.1;0.397
2462.6;0.269
2463.1;0.649
2463.6;0.735
2464.1;1.052
2464.6;0.455
2465.1;0.567
2465.6;0.665
2466.1;0.261
2466.6;0.815
2467.1;1.436
2467.6;1.271
2468.1;0.532
2468.6;1.422
2469.1;0.474
2469.6;1.995
2470.1;1.114
2470.6;0.847
2471.1;0.974
2471.6;1.065
2472.1;1.702
2472.6;0.256
2473.1;0.818
2473.6;0.623
2474.1;1.984
2474.6;1.167
2475.1;0.782
2475.6;1.049
2476.1;0.234
2476.6;1.106
2477.1;1.506
2477.6;1.38
2478.1;0.875
2478.6;0.417
2479.1;1.651
2479.6;0.279
2480.1;0.381
2480.6;0.583
2481.1;0.461
2481.6;0.695
2482.1;2.365
2482.6;0.898
2483.1;0.603
2483.6;0.93
2484.1;0.28
2484.6;1.154
2485.1;0.611
2485.6;1.196
2486.1;0.12
2486.6;0.658
2487.1;2.709
2487.6;1.41
2488.1;0.746
2488.6;0.613
2489.1;1.859
2489.6;1.0
2490.1;1.001
2490.6;0.737
2491.1;0.944
2491.6;1.002
2492.1;0.947
2492.6;1.227
2493.1;1.128
2493.6;0.632
2494.1;0.509
2494.6;2.3
2495.1;1.162
2495.6;1.394
2496.1;0.724
2496.6;0.753
2497.1;0.457
2497.6;1.477
2498.1;1.025
2498.6;1.59
2499.1;1.212
2499.6;1.053
2500.1;1.86
2500.6;1.105
2501.1;0.95
2501.6;2.14
2502.1;1.478
2502.6;2.413
2503.1;1.307
2503.6;2.263
2504.1;0.601
2504.6;1.636
2505.1;0.755
2505.6;1.644
2506.1;1.732
2506.6;0.835
2507.1;0.87
2507.6;0.603
2508.1;1.329
2508.6;0.224
2509.1;0.879
2509.6;1.225
2510.1;0.981
2510.6;0.625
2511.1;1.964
2511.6;1.321
2512.1;1.06
2512.6;1.039
2513.1;0.352
2513.6;0.723
2514.1;1.59
2514.6;0.627
2515.1;0.614
2515.6;0.693
2516.1;0.392
2516.6;0.353
2517.1;1.345
2517.6;0.909
2518.1;0.947
2518.6;1.045
2519.1;1.158
2519.6;0.504
2520.1;0.598
2520.6;0.749
2521.1;0.265
2521.6;0.795
2522.1;1.063
2522.6;1.316
2523.1;1.256
2523.6;0.315
2524.1;0.603
2524.6;1.003
2525.1;0.788
2525.6;0.851
2526.1;1.087
2526.6;0.727
2527.1;0.371
2527.6;0.142
2528.1;0.035
2528.6;0.368
2529.1;1.14
2529.6;0.755
2530.1;1.668
2530.6;1.081
2531.1;0.589
2531.6;0.312
2532.1;1.38
2532.6;0.945
2533.1;0.507
2533.6;1.433
2534.1;0.844
2534.6;0.264
2535.1;0.699
2535.6;0.737
2536.1;1.002
2536.6;0.461
2537.1;0.618
2537.6;0.819
2538.1;0.642
2538.6;0.527
2539.1;0.871
2539.6;0.477
2540.1;1.228
2540.6;1.113
2541.1;0.802
2541.6;0.338
2542.1;0.72
2542.6;0.482
2543.1;0.322
2543.6;0.956
2544.1;0.692
2544.6;0.307
2545.1;0.313
2545.6;0.971
2546.1;0.727
2546.6;0.311
2547.1;0.61
2547.6;1.151
2548.1;0.941
2548.6;0.619
2549.1;0.625
2549.6;0.192
2550.1;0.421
2550.6;0.65
2551.1;1.265
2551.6;0.964
2552.1;0.851
2552.6;0.586
2553.1;0.872
2553.6;1.582
2554.1;0.633
2554.6;0.088
2555.1;0.604
2555.6;1.729
2556.1;0.682
2556.6;1.198
2557.1;0.647
2557.6;0.372
2558.1;0.567
2558.6;0.558
2559.1;0.575
2559.6;1.041
2560.1;1.654
2560.6;1.034
2561.1;1.07
2561.6;1.294
2562.1;0.43
2562.6;0.538
2563.1;1.214
2563.6;0.321
2564.1;0.739
2564.6;0.627
2565.1;0.657
2565.6;0.791
2566.1;0.381
2566.6;1.007
2567.1;0.641
2567.6;0.756
2568.1;0.548
2568.6;0.547
2569.1;1.491
2569.6;0.823
2570.1;0.411
2570.6;0.417
2571.1;0.481
2571.6;0.445
2572.1;0.861
2572.6;0.25
2573.1;1.3
2573.6;0.541
2574.1;1.233
2574.6;1.097
2575.1;0.212
2575.6;1.207
2576.1;0.53
2576.6;0.773
2577.1;1.17
2577.6;1.912
2578.1;1.358
2578.6;0.588
2579.1;0.894
2579.6;0.566
2580.1;1.506
2580.6;2.355
2581.1;2.419
2581.6;1.141
2582.1;1.061
2582.6;0.666
2583.1;0.813
2583.6;1.073
2584.1;1.147
2584.6;0.848
2585.1;0.774
2585.6;0.975
2586.1;1.828
2586.6;0.847
2587.1;1.215
2587.6;1.23
2588.1;2.027
2588.6;1.308
2589.1;2.088
2589.6;1.373
2590.1;1.121
2590.6;1.171
2591.1;1.493
2591.6;1.212
2592.1;1.441
2592.6;0.743
2593.1;0.838
2593.6;0.365
2594.1;0.732
2594.6;0.778
2595.1;0.512
2595.6;0.523
2596.1;1.376
2596.6;1.558
2597.1;1.191
2597.6;0.397
2598.1;0.739
2598.6;0.958
2599.1;0.493
2599.6;1.033
2600.1;0.142
2600.6;0.918
2601.1;0.39
2601.6;1.342
2602.1;1.011
2602.6;0.261
2603.1;1.001
2603.6;0.831
2604.1;0.401
2604.6;0.3
2605.1;0.34
2605.6;0.593
2606.1;0.618
2606.6;0.786
2607.1;1.445
2607.6;1.631
2608.1;1.198
2608.6;1.083
2609.1;0.599
2609.6;0.376
2610.1;0.926
2610.6;0.541
2611.1;0.995
2611.6;0.824
2612.1;1.12
2612.6;0.867
2613.1;0.356
2613.6;1.198
2614.1;0.324
2614.6;1.718
2615.1;1.116
2615.6;0.473
2616.1;1.398
2616.6;0.527
2617.1;1.149
2617.6;1.595
2618.1;0.415
2618.6;0.155
2619.1;0.63
2619.6;0.731
2620.1;0.417
2620.6;1.051
2621.1;0.397
2621.6;1.306
2622.1;1.286
2622.6;1.823
2623.1;0.842
2623.6;1.464
2624.1;0.622
2624.6;0.193
2625.1;0.439
2625.6;1.194
2626.1;1.294
2626.6;1.131
2627.1;1.45
2627.6;0.97
2628.1;0.581
2628.6;1.04
2629.1;2.045
2629.6;0.487
2630.1;0.363
2630.6;1.712
2631.1;1.403
2631.6;0.632
2632.1;1.422
2632.6;0.425
2633.1;0.804
2633.6;1.373
2634.1;0.743
2634.6;1.08
2635.1;1.265
2635.6;1.418
2636.1;1.089
2636.6;1.398
2637.1;0.701
2637.6;0.458
2638.1;2.338
2638.6;3.4
2639.1;0.313
2639.6;1.143
2640.1;0.809
2640.6;1.075
2641.1;0.448
2641.6;0.172
2642.1;1.42
2642.6;2.296
2643.1;1.375
2643.6;1.101
2644.1;0.594
2644.6;0.481
2645.1;1.446
2645.6;1.309
2646.1;0.699
2646.6;1.03
2647.1;0.258
2647.6;0.634
2648.1;0.085
2648.6;0.393
2649.1;0.228
2649.6;0.635
2650.1;0.578
2650.6;1.314
2651.1;2.231
2651.6;0.377
2652.1;2.286
2652.6;0.786
2653.1;1.316
2653.6;1.854
2654.1;1.011
2654.6;0.787
2655.1;0.873
2655.6;2.013
2656.1;0.677
2656.6;0.812
2657.1;0.312
2657.6;0.596
2658.1;0.516
2658.6;0.22
2659.1;2.212
2659.6;1.578
2660.1;0.683
2660.6;0.886
2661.1;1.895
2661.6;1.929
2662.1;1.274
2662.6;1.882
2663.1;3.371
2663.6;1.026
2664.1;0.488
2664.6;1.789
2665.1;1.26
2665.6;1.637
2666.1;0.418
2666.6;0.362
2667.1;1.008
2667.6;0.811
2668.1;1.906
2668.6;1.062
2669.1;0.405
2669.6;1.117
2670.1;1.592
2670.6;2.374
2671.1;0.507
2671.6;0.379
2672.1;1.777
2672.6;2.192
2673.1;0.552
2673.6;1.02
2674.1;0.876
2674.6;0.974
2675.1;1.706
2675.6;1.709
2676.1;1.814
2676.6;0.882
2677.1;1.404
2677.6;1.181
2678.1;1.877
2678.6;0.72
2679.1;0.799
2679.6;2.694
2680.1;1.326
2680.6;0.864
2681.1;0.401
2681.6;1.209
2682.1;1.502
2682.6;1.042
2683.1;1.772
2683.6;1.026
2684.1;0.348
2684.6;1.139
2685.1;1.455
2685.6;0.952
2686.1;0.6
2686.6;2.185
2687.1;1.55
2687.6;0.507
2688.1;0.42
2688.6;0.776
2689.1;0.56
2689.6;1.009
2690.1;0.934
2690.6;1.431
2691.1;0.52
2691.6;1.869
2692.1;0.828
2692.6;0.434
2693.1;2.365
2693.6;0.651
2694.1;0.944
2694.6;1.183
2695.1;0.221
2695.6;0.796
2696.1;1.286
2696.6;1.515
2697.1;1.888
2697.6;0.562
2698.1;0.937
2698.6;1.153
2699.1;0.185
2699.6;0.441
2700.1;1.791
2700.6;0.293
2701.1;1.022
2701.6;1.199
2702.1;1.79
2702.6;0.882
2703.1;0.968
2703.6;2.133
2704.1;0.457
2704.6;1.14
2705.1;0.61
2705.6;1.239
2706.1;2.089
2706.6;1.089
2707.1;0.817
2707.6;0.541
2708.1;1.012
2708.6;0.207
2709.1;2.015
2709.6;1.82
2710.1;1.116
2710.6;0.485
2711.1;0.589
2711.6;0.693
2712.1;0.879
2712.6;1.037
2713.1;0.699
2713.6;1.11
2714.1;1.621
2714.6;0.911
2715.1;1.139
2715.6;0.404
2716.1;1.627
2716.6;1.792
2717.1;0.335
2717.6;1.186
2718.1;0.627
2718.6;0.516
2719.1;0.725
2719.6;1.181
2720.1;0.703
2720.6;0.861
2721.1;1.142
2721.6;0.764
2722.1;0.016
2722.6;0.429
2723.1;0.741
2723.6;1.323
2724.1;0.768
2724.6;2.2
2725.1;0.717
2725.6;1.08
2726.1;0.809
2726.6;0.493
2727.1;0.805
2727.6;0.577
2728.1;0.533
2728.6;0.644
2729.1;1.599
2729.6;0.981
2730.1;1.262
2730.6;1.152
2731.1;0.482
2731.6;0.418
2732.1;1.306
2732.6;0.289
2733.1;1.218
2733.6;1.62
2734.1;0.542
2734.6;1.251
2735.1;1.142
2735.6;0.909
2736.1;0.66
2736.6;0.763
2737.1;0.389
2737.6;0.621
2738.1;1.339
2738.6;0.568
2739.1;1.249
2739.6;0.187
2740.1;1.974
2740.6;1.242
2741.1;1.392
2741.6;0.575
2742.1;1.813
2742.6;1.255
2743.1;0.277
2743.6;1.053
2744.1;1.346
2744.6;0.87
2745.1;1.475
2745.6;0.895
2746.1;1.761
2746.6;0.794
2747.1;1.658
2747.6;1.063
2748.1;0.634
2748.6;0.867
2749.1;1.288
2749.6;1.796
2750.1;1.014
2750.6;1.254
2751.1;0.569
2751.6;1.522
2752.1;1.482
2752.6;0.978
2753.1;0.645
2753.6;1.129
2754.1;0.644
2754.6;0.685
2755.1;0.609
2755.6;0.369
2756.1;1.831
2756.6;0.736
2757.1;0.756
2757.6;0.865
2758.1;0.783
2758.6;0.853
2759.1;0.95
2759.6;0.599
2760.1;1.353
2760.6;1.009
2761.1;0.733
2761.6;1.213
2762.1;0.675
2762.6;0.359
2763.1;0.999
2763.6;0.514
2764.1;2.12
2764.6;0.398
2765.1;0.414
2765.6;0.078
2766.1;0.434
2766.6;0.865
2767.1;1.327
2767.6;0.506
2768.1;0.861
2768.6;0.337
2769.1;1.542
2769.6;1.254
2770.1;1.042
2770.6;1.555
2771.1;1.134
2771.6;1.032
2772.1;1.227
2772.6;0.444
2773.1;0.805
2773.6;0.495
2774.1;0.458
2774.6;1.546
2775.1;1.741
2775.6;1.142
2776.1;1.051
2776.6;1.761
2777.1;0.814
2777.6;0.442
2778.1;1.11
2778.6;0.479
2779.1;0.441
2779.6;1.443
2780.1;0.661
2780.6;0.33
2781.1;0.895
2781.6;1.355
2782.1;0.886
2782.6;0.618
2783.1;0.743
2783.6;0.47
2784.1;0.353
2784.6;1.47
2785.1;0.749
2785.6;1.104
2786.1;0.552
2786.6;1.038
2787.1;1.239
2787.6;1.036
2788.1;0.999
2788.6;0.633
2789.1;2.437
2789.6;0.876
2790.1;1.203
2790.6;0.527
2791.1;1.032
2791.6;1.722
2792.1;0.654
2792.6;1.739
2793.1;1.59
2793.6;1.032
2794.1;0.57
2794.6;0.905
2795.1;0.456
2795.6;0.333
2796.1;0.224
2796.6;0.691
2797.1;0.454
2797.6;0.501
2798.1;0.865
2798.6;0.675
2799.1;0.823
2799.6;0.864
2800.1;0.663
2800.6;1.43
2801.1;0.656
2801.6;1.198
2802.1;0.22
2802.6;0.657
2803.1;0.918
2803.6;0.373
2804.1;1.18
2804.6;1.559
2805.1;1.111
2805.6;0.949
2806.1;2.115
2806.6;1.116
2807.1;0.246
2807.6;0.38
2808.1;1.374
2808.6;0.521
2809.1;1.094
2809.6;0.561
2810.1;1.201
2810.6;0.928
2811.1;0.07
2811.6;1.713
2812.1;1.321
2812.6;0.669
2813.1;0.521
2813.6;0.304
2814.1;1.735
2814.6;0.18
2815.1;1.493
2815.6;0.574
2816.1;0.833
2816.6;1.629
2817.1;0.726
2817.6;0.178
2818.1;0.291
2818.6;0.728
2819.1;1.271
2819.6;1.702
2820.1;0.594
2820.6;0.827
2821.1;1.495
2821.6;0.658
2822.1;0.416
2822.6;0.757
2823.1;1.138
2823.6;1.464
2824.1;0.661
2824.6;0.632
2825.1;0.783
2825.6;0.108
2826.1;0.453
2826.6;0.952
2827.1;0.607
2827.6;0.124
2828.1;0.591
2828.6;0.238
2829.1;0.157
2829.6;0.834
2830.1;0.667
2830.6;0.629
2831.1;0.661
2831.6;0.408
2832.1;0.248
2832.6;0.331
2833.1;0.92
2833.6;0.169
2834.1;0.964
2834.6;0.53
2835.1;0.963
2835.6;1.01
2836.1;0.438
2836.6;0.485
2837.1;0.691
2837.6;0.277
2838.1;0.606
2838.6;0.106
2839.1;0.129
2839.6;0.282
2840.1;0.26
2840.6;0.12
2841.1;0.895
2841.6;0.88
2842.1;1.06
2842.6;0.594
2843.1;0.408
2843.6;0.519
2844.1;0.803
2844.6;0.329
2845.1;0.394
2845.6;0.709
2846.1;0.552
2846.6;0.64
2847.1;1.032
2847.6;0.314
2848.1;0.64
2848.6;0.441
2849.1;1.083
2849.6;0.307
2850.1;0.812
2850.6;0.604
2851.1;0.432
2851.6;0.892
2852.1;0.606
2852.6;0.314
2853.1;0.323
2853.6;0.273
2854.1;0.366
2854.6;0.083
2855.1;0.511
2855.6;0.616
2856.1;0.458
2856.6;0.438
2857.1;0.309
2857.6;0.821
2858.1;0.502
2858.6;0.359
2859.1;0.35
2859.6;0.236
2860.1;0.645
2860.6;0.73
2861.1;0.73
2861.6;0.475
2862.1;0.236
2862.6;0.554
2863.1;0.869
2863.6;0.539
2864.1;0.571
2864.6;0.186
2865.1;0.278
2865.6;0.602
2866.1;0.099
2866.6;0.388
2867.1;0.408
2867.6;0.5
2868.1;0.332
2868.6;0.623
2869.1;0.716
2869.6;0.775
2870.1;1.262
2870.6;1.181
2871.1;0.461
2871.6;0.747
2872.1;0.68
2872.6;0.507
2873.1;0.258
2873.6;1.108
2874.1;0.129
2874.6;0.747
2875.1;0.507
2875.6;0.15
2876.1;0.825
2876.6;0.906
2877.1;0.162
2877.6;0.55
2878.1;0.362
2878.6;0.261
2879.1;1.347
2879.6;0.797
2880.1;1.097
2880.6;0.536
2881.1;0.312
2881.6;0.97
2882.1;0.771
2882.6;0.802
2883.1;0.33
2883.6;0.453
2884.1;0.43
2884.6;1.552
2885.1;1.243
2885.6;0.238
2886.1;0.385
2886.6;0.991
2887.1;0.531
2887.6;0.371
2888.1;0.469
2888.6;0.578
2889.1;0.126
2889.6;0.481
2890.1;0.702
2890.6;0.212
2891.1;0.465
2891.6;0.235
2892.1;0.56
2892.6;1.421
2893.1;0.806
2893.6;0.045
2894.1;0.367
2894.6;0.203
2895.1;0.342
2895.6;0.691
2896.1;0.897
2896.6;0.423
2897.1;0.294
2897.6;0.529
2898.1;0.119
2898.6;1.058
2899.1;0.886
2899.6;0.673
2900.1;0.506
2900.6;0.857
2901.1;0.342
2901.6;0.662
2902.1;0.692
2902.6;0.845
2903.1;0.388
2903.6;0.276
2904.1;0.253
2904.6;0.522
2905.1;0.513
2905.6;0.678
2906.1;0.949
2906.6;0.513
2907.1;0.422
2907.6;0.517
2908.1;0.349
2908.6;0.733
2909.1;0.641
2909.6;1.056
2910.1;0.738
2910.6;0.933
2911.1;1.374
2911.6;1.224
2912.1;0.158
2912.6;0.585
2913.1;0.604
2913.6;1.118
2914.1;0.349
2914.6;0.259
2915.1;0.366
2915.6;1.144
2916.1;0.923
2916.6;0.656
2917.1;0.752
2917.6;0.632
2918.1;1.098
2918.6;0.66
2919.1;0.684
2919.6;0.451
2920.1;0.627
2920.6;1.05
2921.1;1.186
2921.6;1.617
2922.1;1.39
2922.6;1.258
2923.1;1.359
2923.6;0.936
2924.1;0.341
2924.6;0.454
2925.1;0.547
2925.6;0.641
2926.1;0.515
2926.6;0.489
2927.1;0.215
2927.6;0.724
2928.1;1.076
2928.6;0.744
2929.1;0.471
2929.6;0.319
2930.1;0.627
2930.6;0.545
2931.1;0.711
2931.6;0.255
2932.1;0.163
2932.6;0.676
2933.1;0.491
2933.6;0.841
2934.1;1.081
2934.6;0.572
2935.1;0.598
2935.6;1.263
2936.1;0.599
2936.6;0.601
2937.1;0.815
2937.6;1.725
2938.1;0.967
2938.6;0.61
2939.1;0.955
2939.6;0.75
2940.1;0.359
2940.6;0.559
2941.1;0.553
2941.6;0.393
2942.1;0.554
2942.6;0.276
2943.1;0.421
2943.6;0.715
2944.1;0.348
2944.6;0.828
2945.1;1.406
2945.6;0.642
2946.1;0.613
2946.6;0.189
2947.1;0.269
2947.6;0.638
2948.1;0.838
2948.6;0.302
2949.1;0.035
2949.6;0.948
2950.1;0.57
2950.6;0.147
2951.1;0.13
2951.6;0.862
2952.1;0.277
2952.6;0.974
2953.1;0.142
2953.6;0.664
2954.1;0.12
2954.6;0.722
2955.1;0.444
2955.6;0.553
2956.1;0.46
2956.6;0.81
2957.1;0.531
2957.6;0.429
2958.1;0.623
2958.6;0.157
2959.1;0.387
2959.6;0.838
2960.1;0.472
2960.6;0.303
2961.1;0.431
2961.6;0.594
2962.1;0.436
2962.6;0.81
2963.1;0.375
2963.6;0.344
2964.1;0.517
2964.6;0.162
2965.1;0.541
2965.6;0.886
2966.1;0.281
2966.6;0.28
2967.1;0.883
2967.6;0.149
2968.1;0.046
2968.6;0.793
2969.1;0.43
2969.6;0.975
2970.1;0.43
2970.6;0.519
2971.1;0.385
2971.6;0.345
2972.1;1.37
2972.6;0.114
2973.1;0.268
2973.6;0.526
2974.1;0.726
2974.6;1.024
2975.1;0.955
2975.6;0.235
2976.1;0.86
2976.6;0.805
2977.1;0.158
2977.6;0.836
2978.1;0.786
2978.6;0.597
2979.1;0.487
2979.6;0.905
2980.1;0.385
2980.6;0.738
2981.1;0.246
2981.6;0.23
2982.1;0.833
2982.6;0.596
2983.1;0.529
2983.6;1.507
2984.1;1.669
2984.6;1.309
2985.1;1.802
2985.6;0.865
2986.1;1.32
2986.6;0.468
2987.1;0.65
2987.6;1.52
2988.1;2.061
2988.6;1.652
2989.1;0.992
2989.6;0.682
2990.1;0.667
2990.6;0.99
2991.1;0.368
2991.6;1.174
2992.1;1.852
2992.6;1.456
2993.1;0.821
2993.6;0.682
2994.1;1.093
2994.6;1.055
2995.1;0.513
2995.6;0.681
2996.1;1.41
2996.6;1.354
2997.1;1.928
2997.6;0.582
2998.1;1.276
2998.6;0.469
2999.1;0.494
2999.6;0.929
3000.1;1.358
3000.6;1.134
3001.1;1.416
3001.6;1.395
3002.1;0.559
3002.6;0.757
3003.1;0.38
3003.6;1.336
3004.1;0.645
3004.6;0.503
3005.1;1.204
3005.6;0.339
3006.1;0.329
3006.6;1.276
3007.1;0.853
3007.6;0.614
3008.1;0.467
3008.6;1.316
3009.1;0.491
3009.6;1.313
3010.1;0.891
3010.6;1.407
3011.1;0.371
3011.6;0.272
3012.1;1.286
3012.6;1.385
3013.1;0.901
3013.6;0.751
3014.1;1.624
3014.6;0.765
3015.1;1.787
3015.6;1.457
3016.1;0.908
3016.6;0.332
3017.1;0.58
3017.6;0.526
3018.1;0.325
3018.6;2.028
3019.1;1.16
3019.6;1.105
3020.1;0.207
3020.6;0.836
3021.1;0.447
3021.6;1.335
3022.1;1.413
3022.6;0.234
3023.1;1.164
3023.6;1.329
3024.1;1.094
3024.6;1.052
3025.1;0.87
3025.6;1.65
3026.1;0.394
3026.6;1.204
3027.1;0.6
3027.6;0.26
3028.1;0.399
3028.6;0.981
3029.1;1.309
3029.6;0.459
3030.1;1.029
3030.6;0.843
3031.1;0.802
3031.6;0.753
3032.1;1.007
3032.6;1.012
3033.1;1.513
3033.6;0.54
3034.1;0.663
3034.6;0.837
3035.1;0.958
3035.6;1.165
3036.1;0.267
3036.6;0.318
3037.1;0.833
3037.6;0.508
3038.1;0.614
3038.6;0.367
3039.1;1.066
3039.6;0.691
3040.1;1.113
3040.6;0.963
3041.1;0.726
3041.6;1.377
3042.1;0.74
3042.6;0.851
3043.1;0.088
3043.6;0.863
3044.1;0.194
3044.6;1.763
3045.1;1.374
3045.6;0.647
3046.1;0.945
3046.6;1.36
3047.1;0.355
3047.6;1.591
3048.1;0.512
3048.6;0.96
3049.1;1.15
3049.6;0.61
3050.1;2.264
3050.6;0.479
3051.1;1.217
3051.6;1.068
3052.1;0.953
3052.6;1.284
3053.1;0.943
3053.6;1.098
3054.1;0.904
3054.6;0.99
3055.1;1.019
3055.6;0.646
3056.1;0.273
3056.6;0.4
3057.1;1.443
3057.6;1.124
3058.1;0.31
3058.6;1.032
3059.1;1.114
3059.6;0.89
3060.1;1.505
3060.6;0.965
3061.1;0.193
3061.6;0.927
3062.1;1.061
3062.6;1.104
3063.1;1.265
3063.6;0.166
3064.1;0.717
3064.6;0.445
3065.1;0.669
3065.6;0.042
3066.1;1.07
3066.6;1.303
3067.1;0.902
3067.6;0.425
3068.1;1.652
3068.6;1.996
3069.1;1.099
3069.6;0.575
3070.1;0.725
3070.6;0.988
3071.1;1.792
3071.6;0.293
3072.1;0.388
3072.6;0.932
3073.1;0.318
3073.6;0.284
3074.1;1.115
3074.6;0.497
3075.1;0.915
3075.6;0.666
3076.1;0.251
3076.6;0.796
3077.1;0.711
3077.6;0.26
3078.1;1.015
3078.6;2.303
3079.1;1.45
3079.6;0.205
3080.1;1.633
3080.6;0.66
3081.1;0.69
3081.6;0.759
3082.1;1.005
3082.6;2.161
3083.1;1.811
3083.6;0.373
3084.1;1.032
3084.6;0.835
3085.1;0.191
3085.6;1.399
3086.1;0.686
3086.6;0.277
3087.1;1.253
3087.6;0.17
3088.1;1.046
3088.6;0.578
3089.1;0.213
3089.6;0.831
3090.1;0.98
3090.6;0.056
3091.1;0.79
3091.6;0.617
3092.1;0.686
3092.6;0.82
3093.1;0.655
3093.6;0.732
3094.1;1.209
3094.6;0.666
3095.1;0.365
3095.6;0.614
3096.1;1.615
3096.6;0.62
3097.1;1.011
3097.6;1.73
3098.1;0.785
3098.6;1.25
3099.1;0.63
3099.6;0.688
3100.1;0.401
3100.6;0.79
3101.1;1.425
3101.6;0.301
3102.1;0.353
3102.6;0.624
3103.1;0.112
3103.6;1.862
3104.1;0.819
3104.6;0.794
3105.1;0.78
3105.6;0.83
3106.1;0.418
3106.6;1.24
3107.1;0.23
3107.6;1.905
3108.1;0.359
3108.6;1.617
3109.1;0.554
3109.6;0.866
3110.1;0.288
3110.6;1.282
3111.1;1.414
3111.6;0.388
3112.1;1.97
3112.6;1.785
3113.1;0.739
3113.6;0.5
3114.1;0.496
3114.6;1.53
3115.1;1.074
3115.6;0.856
3116.1;1.119
3116.6;1.409
3117.1;0.477
3117.6;0.53
3118.1;0.682
3118.6;0.545
3119.1;0.936
3119.6;1.019
3120.1;0.555
3120.6;0.646
3121.1;0.449
3121.6;1.615
3122.1;0.713
3122.6;1.108
3123.1;2.267
3123.6;0.998
3124.1;0.972
3124.6;1.046
3125.1;0.889
3125.6;1.314
3126.1;0.522
3126.6;0.428
3127.1;0.379
3127.6;0.757
3128.1;1.83
3128.6;1.589
3129.1;2.35
3129.6;1.151
3130.1;1.897
3130.6;0.483
3131.1;2.099
3131.6;2.349
3132.1;1.887
3132.6;1.623
3133.1;0.991
3133.6;0.354
3134.1;0.693
3134.6;0.547
3135.1;0.159
3135.6;0.992
3136.1;0.556
3136.6;0.765
3137.1;0.911
3137.6;1.496
3138.1;0.709
3138.6;1.193
3139.1;0.455
3139.6;0.667
3140.1;0.14
3140.6;0.823
3141.1;1.119
3141.6;0.682
3142.1;1.25
3142.6;0.737
3143.1;0.903
3143.6;0.968
3144.1;0.502
3144.6;0.77
3145.1;0.232
3145.6;0.782
3146.1;1.015
3146.6;0.502
3147.1;1.231
3147.6;0.439
3148.1;0.59
3148.6;0.44
3149.1;1.256
3149.6;0.503
3150.1;0.846
3150.6;0.396
3151.1;0.35
3151.6;0.156
3152.1;0.55
3152.6;0.157
3153.1;0.6
3153.6;0.877
3154.1;0.77
3154.6;0.263
3155.1;0.903
3155.6;0.846
3156.1;1.221
3156.6;0.57
3157.1;0.493
3157.6;0.417
3158.1;0.876
3158.6;0.582
3159.1;0.399
3159.6;0.524
3160.1;0.28
3160.6;0.411
3161.1;0.298
3161.6;0.218
3162.1;0.795
3162.6;0.186
3163.1;0.943
3163.6;0.934
3164.1;0.785
3164.6;1.359
3165.1;1.09
3165.6;0.062
3166.1;0.258
3166.6;0.179
3167.1;0.31
3167.6;0.211
3168.1;0.578
3168.6;0.292
3169.1;0.273
3169.6;0.543
3170.1;0.71
3170.6;0.633
3171.1;0.784
3171.6;0.786
3172.1;0.6
3172.6;0.62
3173.1;0.406
3173.6;0.365
3174.1;0.494
3174.6;0.554
3175.1;1.399
3175.6;0.71
3176.1;0.457
3176.6;0.657
3177.1;0.525
3177.6;0.59
3178.1;0.157
3178.6;0.216
3179.1;0.315
3179.6;0.244
3180.1;0.68
3180.6;0.658
3181.1;0.3
3181.6;0.23
3182.1;0.809
3182.6;0.217
3183.1;0.239
3183.6;0.833
3184.1;0.733
3184.6;1.503
3185.1;0.96
3185.6;1.088
3186.1;1.038
3186.6;0.809
3187.1;0.618
3187.6;0.252
3188.1;0.371
3188.6;0.24
3189.1;0.325
3189.6;0.402
3190.1;0.266
3190.6;0.531
3191.1;0.439
3191.6;0.796
3192.1;0.776
3192.6;0.39
3193.1;0.355
3193.6;0.201
3194.1;0.892
3194.6;1.04
3195.1;0.288
3195.6;0.254
3196.1;0.52
3196.6;0.676
3197.1;0.549
3197.6;0.49
3198.1;0.53
3198.6;0.41
3199.1;0.18
3199.6;0.537
3200.1;1.123
3200.6;0.558
3201.1;1.061
3201.6;0.314
3202.1;0.538
3202.6;0.261
3203.1;1.083
3203.6;0.244
3204.1;0.727
3204.6;0.382
3205.1;0.574
3205.6;0.641
3206.1;0.109
3206.6;0.649
3207.1;0.303
3207.6;0.742
3208.1;0.582
3208.6;0.6
3209.1;0.519
3209.6;0.248
3210.1;0.321
3210.6;0.572
3211.1;0.588
3211.6;1.03
3212.1;1.479
3212.6;0.892
3213.1;0.222
3213.6;0.398
3214.1;0.795
3214.6;0.696
3215.1;0.864
3215.6;1.399
3216.1;0.791
3216.6;0.083
3217.1;0.515
3217.6;1.031
3218.1;0.08
3218.6;0.981
3219.1;0.81
3219.6;0.793
3220.1;0.709
3220.6;0.944
3221.1;0.708
3221.6;1.012
3222.1;0.9
3222.6;0.744
3223.1;0.199
3223.6;0.281
3224.1;0.278
3224.6;0.297
3225.1;0.485
3225.6;0.983
3226.1;0.899
3226.6;0.091
3227.1;0.104
3227.6;0.164
3228.1;0.32
3228.6;1.423
3229.1;0.652
3229.6;0.909
3230.1;0.607
3230.6;0.156
3231.1;1.261
3231.6;0.992
3232.1;1.082
3232.6;0.611
3233.1;0.582
3233.6;1.559
3234.1;0.678
3234.6;0.998
3235.1;0.769
3235.6;0.609
3236.1;0.397
3236.6;0.773
3237.1;0.737
3237.6;0.709
3238.1;0.713
3238.6;0.371
3239.1;1.294
3239.6;0.62
3240.1;0.174
3240.6;0.53
3241.1;0.632
3241.6;0.642
3242.1;0.622
3242.6;0.481
3243.1;0.192
3243.6;0.861
3244.1;0.196
3244.6;0.024
3245.1;0.115
3245.6;0.26
3246.1;0.504
3246.6;0.22
3247.1;0.175
3247.6;0.261
3248.1;0.501
3248.6;0.256
3249.1;0.371
3249.6;0.503
3250.1;0.218
3250.6;0.099
3251.1;0.256
3251.6;0.09
3252.1;0.207
3252.6;0.25
3253.1;0.338
3253.6;0.158
3254.1;0.402
3254.6;0.18
3255.1;0.071
3255.6;0.419
3256.1;0.155
3256.6;0.282
3257.1;0.258
3257.6;0.217
3258.1;0.132
3258.6;0.101
3259.1;0.265
3259.6;0.254
3260.1;0.415
3260.6;0.523
3261.1;0.17
3261.6;0.207
3262.1;0.509
3262.6;0.35
3263.1;0.144
3263.6;0.092
3264.1;0.471
3264.6;0.52
3265.1;0.407
3265.6;0.162
3266.1;0.225
3266.6;0.356
3267.1;0.414
3267.6;0.483
3268.1;0.399
3268.6;0.52
3269.1;0.208
3269.6;0.393
3270.1;0.557
3270.6;0.123
3271.1;0.395
3271.6;0.489
3272.1;0.607
3272.6;0.453
3273.1;0.683
3273.6;0.026
3274.1;0.186
3274.6;0.683
3275.1;0.187
3275.6;0.597
3276.1;0.324
3276.6;0.555
3277.1;0.097
3277.6;0.472
3278.1;0.676
3278.6;0.154
3279.1;0.79
3279.6;0.473
3280.1;0.119
3280.6;0.297
3281.1;0.648
3281.6;0.255
3282.1;0.588
3282.6;0.887
3283.1;0.799
3283.6;1.033
3284.1;0.246
3284.6;0.442
3285.1;1.336
3285.6;0.531
3286.1;0.212
3286.6;0.982
3287.1;0.316
3287.6;1.029
3288.1;0.777
3288.6;1.069
3289.1;0.539
3289.6;0.967
3290.1;0.858
3290.6;0.923
3291.1;1.085
3291.6;0.245
3292.1;1.237
3292.6;0.201
3293.1;0.552
3293.6;0.598
3294.1;0.379
3294.6;0.442
3295.1;0.752
3295.6;0.993
3296.1;0.329
3296.6;0.653
3297.1;1.374
3297.6;0.333
3298.1;0.26
3298.6;0.482
3299.1;0.641
3299.6;0.389
3300.1;0.321
3300.6;1.305
3301.1;0.207
3301.6;0.337
3302.1;0.304
3302.6;0.911
3303.1;0.246
3303.6;0.39
3304.1;0.73
3304.6;0.955
3305.1;0.797
3305.6;1.053
3306.1;0.914
3306.6;0.813
3307.1;0.77
3307.6;0.885
3308.1;0.944
3308.6;1.451
3309.1;0.747
3309.6;1.252
3310.1;0.471
3310.6;0.239
3311.1;1.409
3311.6;0.988
3312.1;1.437
3312.6;1.727
3313.1;1.408
3313.6;1.801
3314.1;1.292
3314.6;0.387
3315.1;1.07
3315.6;1.638
3316.1;0.745
3316.6;0.171
3317.1;1.781
3317.6;0.714
3318.1;0.498
3318.6;1.329
3319.1;0.769
3319.6;1.269
3320.1;0.4
3320.6;1.082
3321.1;0.451
3321.6;0.558
3322.1;0.843
3322.6;0.747
3323.1;1.444
3323.6;0.931
3324.1;0.824
3324.6;0.776
3325.1;0.725
3325.6;0.757
3326.1;0.618
3326.6;0.376
3327.1;0.359
3327.6;0.409
3328.1;0.43
3328.6;0.735
3329.1;0.935
3329.6;0.927
3330.1;1.504
3330.6;0.4
3331.1;0.405
3331.6;1.458
3332.1;0.562
3332.6;0.691
3333.1;0.306
3333.6;1.206
3334.1;0.67
3334.6;0.711
3335.1;0.658
3335.6;1.338
3336.1;0.422
3336.6;0.469
3337.1;0.921
3337.6;1.119
3338.1;0.525
3338.6;1.621
3339.1;0.109
3339.6;0.272
3340.1;0.786
3340.6;1.049
3341.1;0.22
3341.6;0.937
3342.1;1.057
3342.6;0.84
3343.1;0.569
3343.6;1.157
3344.1;0.421
3344.6;0.058
3345.1;0.67
3345.6;1.272
3346.1;0.58
3346.6;1.326
3347.1;0.927
3347.6;0.712
3348.1;0.785
3348.6;0.564
3349.1;0.419
3349.6;1.118
3350.1;0.939
3350.6;0.828
3351.1;0.761
3351.6;0.88
3352.1;1.187
3352.6;0.945
3353.1;0.518
3353.6;0.987
3354.1;0.698
3354.6;0.822
3355.1;0.853
3355.6;0.946
3356.1;0.299
3356.6;0.601
3357.1;0.674
3357.6;0.737
3358.1;0.813
3358.6;0.796
3359.1;0.458
3359.6;0.679
3360.1;0.272
3360.6;0.278
3361.1;0.767
3361.6;0.436
3362.1;0.619
3362.6;0.555
3363.1;0.722
3363.6;1.346
3364.1;0.326
3364.6;0.495
3365.1;0.352
3365.6;0.468
3366.1;0.993
3366.6;1.582
3367.1;0.99
3367.6;1.116
3368.1;0.615
3368.6;0.757
3369.1;0.998
3369.6;0.45
3370.1;1.445
3370.6;2.139
3371.1;1.039
3371.6;1.006
3372.1;1.234
3372.6;0.604
3373.1;0.431
3373.6;0.276
3374.1;0.596
3374.6;0.799
3375.1;0.312
3375.6;1.459
3376.1;0.473
3376.6;0.766
3377.1;0.634
3377.6;0.932
3378.1;0.675
3378.6;0.475
3379.1;1.45
3379.6;0.615
3380.1;0.841
3380.6;0.977
3381.1;0.898
3381.6;0.907
3382.1;0.691
3382.6;1.411
3383.1;0.523
3383.6;0.685
3384.1;0.87
3384.6;1.867
3385.1;1.758
3385.6;1.886
3386.1;2.458
3386.6;0.931
3387.1;3.227
3387.6;1.737
3388.1;1.101
3388.6;1.788
3389.1;0.461
3389.6;0.456
3390.1;1.143
3390.6;1.384
3391.1;1.084
3391.6;1.304
3392.1;0.543
3392.6;0.614
3393.1;1.665
3393.6;0.788
3394.1;2.124
3394.6;1.671
3395.1;0.609
3395.6;2.159
3396.1;0.177
3396.6;0.626
3397.1;0.442
3397.6;0.959
3398.1;0.767
3398.6;1.228
3399.1;0.838
3399.6;0.329
3400.1;0.296
3400.6;0.359
3401.1;0.695
3401.6;1.087
3402.1;0.219
3402.6;0.324
3403.1;0.97
3403.6;0.941
3404.1;0.787
3404.6;0.783
3405.1;2.031
3405.6;0.855
3406.1;0.229
3406.6;0.785
3407.1;0.358
3407.6;1.176
3408.1;0.791
3408.6;1.469
3409.1;0.374
3409.6;1.231
3410.1;0.536
3410.6;0.17
3411.1;0.179
3411.6;0.935
3412.1;0.774
3412.6;0.637
3413.1;0.233
3413.6;0.808
3414.1;0.743
3414.6;0.538
3415.1;0.403
3415.6;0.825
3416.1;0.637
3416.6;0.317
3417.1;0.965
3417.6;0.94
3418.1;0.619
3418.6;1.096
3419.1;0.591
3419.6;0.8
3420.1;0.961
3420.6;0.372
3421.1;1.072
3421.6;0.927
3422.1;1.333
3422.6;0.962
3423.1;0.93
3423.6;0.185
3424.1;0.733
3424.6;1.008
3425.1;0.431
3425.6;0.218
3426.1;1.002
3426.6;0.935
3427.1;0.432
3427.6;0.797
3428.1;0.844
3428.6;0.251
3429.1;0.584
3429.6;0.909
3430.1;0.804
3430.6;1.005
3431.1;0.617
3431.6;0.577
3432.1;0.63
3432.6;0.363
3433.1;1.36
3433.6;0.888
3434.1;1.648
3434.6;1.263
3435.1;0.976
3435.6;0.929
3436.1;0.77
3436.6;0.598
3437.1;0.771
3437.6;0.549
3438.1;0.416
3438.6;0.997
3439.1;0.296
3439.6;0.849
3440.1;0.736
3440.6;1.041
3441.1;1.332
3441.6;0.455
3442.1;0.879
3442.6;0.984
3443.1;0.588
3443.6;1.081
3444.1;1.102
3444.6;1.039
3445.1;0.684
3445.6;0.417
3446.1;1.08
3446.6;0.226
3447.1;0.696
3447.6;0.917
3448.1;0.731
3448.6;0.417
3449.1;0.565
3449.6;0.493
3450.1;0.317
3450.6;0.078
3451.1;0.525
3451.6;0.703
3452.1;0.492
3452.6;0.862
3453.1;0.676
3453.6;0.554
3454.1;0.155
3454.6;0.843
3455.1;0.462
3455.6;1.677
3456.1;0.799
3456.6;0.164
3457.1;0.324
3457.6;0.645
3458.1;0.29
3458.6;1.266
3459.1;0.875
3459.6;0.507
3460.1;0.335
3460.6;0.472
3461.1;0.797
3461.6;0.821
3462.1;0.998
3462.6;1.533
3463.1;0.71
3463.6;0.042
3464.1;0.726
3464.6;1.385
3465.1;0.275
3465.6;0.207
3466.1;1.028
3466.6;0.283
3467.1;0.602
3467.6;1.791
3468.1;0.393
3468.6;0.827
3469.1;1.621
3469.6;0.145
3470.1;0.248
3470.6;1.948
3471.1;1.705
3471.6;0.686
3472.1;1.157
3472.6;0.24
3473.1;0.365
3473.6;0.448
3474.1;0.889
3474.6;0.825
3475.1;0.861
3475.6;0.522
3476.1;0.15
3476.6;0.678
3477.1;0.412
3477.6;0.953
3478.1;0.531
3478.6;0.837
3479.1;0.646
3479.6;0.748
3480.1;1.2
3480.6;1.328
3481.1;0.293
3481.6;0.353
3482.1;0.505
3482.6;1.396
3483.1;0.992
3483.6;1.388
3484.1;0.371
3484.6;0.205
3485.1;0.342
3485.6;0.237
3486.1;0.09
3486.6;1.42
3487.1;1.056
3487.6;1.413
3488.1;0.356
3488.6;0.37
3489.1;1.921
3489.6;0.394
3490.1;0.65
3490.6;0.635
3491.1;0.275
3491.6;0.607
3492.1;0.858
3492.6;1.13
3493.1;0.277
3493.6;1.115
3494.1;1.528
3494.6;0.333
3495.1;0.088
3495.6;1.275
3496.1;1.174
3496.6;1.111
3497.1;1.205
3497.6;0.248
3498.1;1.887
3498.6;1.423
3499.1;1.07
3499.6;1.065
3500.1;1.974
3500.6;1.439
3501.1;2.247
3501.6;1.084
3502.1;1.34
3502.6;1.416
3503.1;0.4
3503.6;1.082
3504.1;0.532
3504.6;1.083
3505.1;0.668
3505.6;2.057
3506.1;1.936
3506.6;2.195
3507.1;2.421
3507.6;1.78
3508.1;0.91
3508.6;2.833
3509.1;0.997
3509.6;0.498
3510.1;1.4
3510.6;1.177
3511.1;0.97
3511.6;0.878
3512.1;0.534
3512.6;1.217
3513.1;0.538
3513.6;1.421
3514.1;1.462
3514.6;0.318
3515.1;1.302
3515.6;0.583
3516.1;1.513
3516.6;0.496
3517.1;1.79
3517.6;0.48
3518.1;0.754
3518.6;1.074
3519.1;0.601
3519.6;1.253
3520.1;1.692
3520.6;0.909
3521.1;1.8
3521.6;0.908
3522.1;0.635
3522.6;0.897
3523.1;0.192
3523.6;1.343
3524.1;1.66
3524.6;0.106
3525.1;0.275
3525.6;0.842
3526.1;0.988
3526.6;0.417
3527.1;0.079
3527.6;0.501
3528.1;1.378
3528.6;0.854
3529.1;0.323
3529.6;0.879
3530.1;0.809
3530.6;1.3
3531.1;0.873
3531.6;1.138
3532.1;0.233
3532.6;0.77
3533.1;0.846
3533.6;1.215
3534.1;0.946
3534.6;1.247
3535.1;0.879
3535.6;0.023
3536.1;1.688
3536.6;0.238
3537.1;1.269
3537.6;0.89
3538.1;0.621
3538.6;0.98
3539.1;1.473
3539.6;1.128
3540.1;0.708
3540.6;1.927
3541.1;0.725
3541.6;1.012
3542.1;1.221
3542.6;1.718
3543.1;1.141
3543.6;0.679
3544.1;1.333
3544.6;1.182
3545.1;0.538
3545.6;0.575
3546.1;0.466
3546.6;1.485
3547.1;0.343
3547.6;0.911
3548.1;1.303
3548.6;0.55
3549.1;0.689
3549.6;0.891
3550.1;0.526
3550.6;0.589
3551.1;0.326
3551.6;0.662
3552.1;0.592
3552.6;0.334
3553.1;0.539
3553.6;1.248
3554.1;0.569
3554.6;1.034
3555.1;1.689
3555.6;1.28
3556.1;1.152
3556.6;0.565
3557.1;1.839
3557.6;0.754
3558.1;0.433
3558.6;0.702
3559.1;0.249
3559.6;0.474
3560.1;0.337
3560.6;0.315
3561.1;0.716
3561.6;1.286
3562.1;1.341
3562.6;2.205
3563.1;0.994
3563.6;0.475
3564.1;1.624
3564.6;0.591
3565.1;1.388
3565.6;1.598
3566.1;0.848
3566.6;0.745
3567.1;0.891
3567.6;1.1
3568.1;1.524
3568.6;0.434
3569.1;1.495
3569.6;0.778
3570.1;0.45
3570.6;2.162
3571.1;1.555
3571.6;1.242
3572.1;1.5
3572.6;3.075
3573.1;1.847
3573.6;0.768
3574.1;2.972
3574.6;0.696
3575.1;1.096
3575.6;0.628
3576.1;0.363
3576.6;0.86
3577.1;0.77
3577.6;1.299
3578.1;0.26
3578.6;0.209
3579.1;1.855
3579.6;2.518
3580.1;0.765
3580.6;1.555
3581.1;1.095
3581.6;1.571
3582.1;0.957
3582.6;1.354
3583.1;1.575
3583.6;1.907
3584.1;1.401
3584.6;1.326
3585.1;1.447
3585.6;1.518
3586.1;1.201
3586.6;0.831
3587.1;0.753
3587.6;1.138
3588.1;0.537
3588.6;1.498
3589.1;1.602
3589.6;2.129
3590.1;1.579
3590.6;1.069
3591.1;1.621
3591.6;0.181
3592.1;0.999
3592.6;1.294
3593.1;1.345
3593.6;1.419
3594.1;0.396
3594.6;2.347
3595.1;2.323
3595.6;0.963
3596.1;1.984
3596.6;1.587
3597.1;1.144
3597.6;1.116
3598.1;0.575
3598.6;1.445
3599.1;1.303
3599.6;1.393
3600.1;2.01
3600.6;1.323
3601.1;1.017
3601.6;1.351
3602.1;0.311
3602.6;0.369
3603.1;0.874
3603.6;0.911
3604.1;0.242
3604.6;0.776
3605.1;1.051
3605.6;1.067
3606.1;0.794
3606.6;1.707
3607.1;0.612
3607.6;0.876
3608.1;0.745
3608.6;0.623
3609.1;1.395
3609.6;0.831
3610.1;0.791
3610.6;0.744
3611.1;0.467
3611.6;0.929
3612.1;0.501
3612.6;0.89
3613.1;0.902
3613.6;1.424
3614.1;1.014
3614.6;1.235
3615.1;1.314
3615.6;1.264
3616.1;2.216
3616.6;1.009
3617.1;0.671
3617.6;0.942
3618.1;1.613
3618.6;1.508
3619.1;0.434
3619.6;1.052
3620.1;0.418
3620.6;1.465
3621.1;1.074
3621.6;0.559
3622.1;2.245
3622.6;0.963
3623.1;1.4
3623.6;1.417
3624.1;1.363
3624.6;1.466
3625.1;0.986
3625.6;0.896
3626.1;1.225
3626.6;0.673
3627.1;0.92
3627.6;0.728
3628.1;1.664
3628.6;0.902
3629.1;1.362
3629.6;0.272
3630.1;0.435
3630.6;1.179
3631.1;1.758
3631.6;1.2
3632.1;0.506
3632.6;0.589
3633.1;1.125
3633.6;0.755
3634.1;0.192
3634.6;1.318
3635.1;2.141
3635.6;1.261
3636.1;0.305
3636.6;0.591
3637.1;1.683
3637.6;1.457
3638.1;1.451
3638.6;1.371
3639.1;1.523
3639.6;1.536
3640.1;1.024
3640.6;0.43
3641.1;1.353
3641.6;0.42
3642.1;0.795
3642.6;0.54
3643.1;0.952
3643.6;0.496
3644.1;1.322
3644.6;1.968
3645.1;0.321
3645.6;1.251
3646.1;2.584
3646.6;0.188
3647.1;1.063
3647.6;0.781
3648.1;1.149
3648.6;0.561
3649.1;1.807
3649.6;0.706
3650.1;1.256
3650.6;1.949
3651.1;0.626
3651.6;1.279
3652.1;1.723
3652.6;0.329
3653.1;1.403
3653.6;1.22
3654.1;0.703
3654.6;0.98
3655.1;1.314
3655.6;0.553
3656.1;1.263
3656.6;1.038
3657.1;0.881
3657.6;1.759
3658.1;0.689
3658.6;0.553
3659.1;1.633
3659.6;0.651
3660.1;0.699
3660.6;0.167
3661.1;0.685
3661.6;0.235
3662.1;0.536
3662.6;0.376
3663.1;0.298
3663.6;0.243
3664.1;0.952
3664.6;0.685
3665.1;0.198
3665.6;1.197
3666.1;1.69
3666.6;0.508
3667.1;0.879
3667.6;1.009
3668.1;0.709
3668.6;0.665
3669.1;0.655
3669.6;0.337
3670.1;0.701
3670.6;0.716
3671.1;0.409
3671.6;0.938
3672.1;1.168
3672.6;1.094
3673.1;1.217
3673.6;1.044
3674.1;0.625
3674.6;0.511
3675.1;0.385
3675.6;0.854
3676.1;1.11
3676.6;0.449
3677.1;0.311
3677.6;0.725
3678.1;0.734
3678.6;0.702
3679.1;0.992
3679.6;0.74
3680.1;0.617
3680.6;0.358
3681.1;0.561
3681.6;0.209
3682.1;0.412
3682.6;0.561
3683.1;0.71
3683.6;0.883
3684.1;0.918
3684.6;1.305
3685.1;0.981
3685.6;1.191
3686.1;0.845
3686.6;0.456
3687.1;0.394
3687.6;0.395
3688.1;1.01
3688.6;1.086
3689.1;0.537
3689.6;1.178
3690.1;0.709
3690.6;1.336
3691.1;0.861
3691.6;0.959
3692.1;0.316
3692.6;1.366
3693.1;1.1
3693.6;0.978
3694.1;0.868
3694.6;0.904
3695.1;1.097
3695.6;1.093
3696.1;1.278
3696.6;1.432
3697.1;0.893
3697.6;2.907
3698.1;0.564
3698.6;1.616
3699.1;1.638
3699.6;0.613
3700.1;2.214
3700.6;1.089
3701.1;0.469
3701.6;1.636
3702.1;0.828
3702.6;0.775
3703.1;0.87
3703.6;0.543
3704.1;0.373
3704.6;0.87
3705.1;1.079
3705.6;0.235
3706.1;0.119
3706.6;0.253
3707.1;0.189
3707.6;0.684
3708.1;0.197
3708.6;0.787
3709.1;0.499
3709.6;0.902
3710.1;0.529
3710.6;0.092
3711.1;0.457
3711.6;2.018
3712.1;1.63
3712.6;0.668
3713.1;0.474
3713.6;1.81
3714.1;1.753
3714.6;1.717
3715.1;1.359
3715.6;1.133
3716.1;2.208
3716.6;0.875
3717.1;0.496
3717.6;0.393
3718.1;0.981
3718.6;1.053
3719.1;1.095
3719.6;0.929
3720.1;0.829
3720.6;0.891
3721.1;1.023
3721.6;1.429
3722.1;0.691
3722.6;1.17
3723.1;1.218
3723.6;0.635
3724.1;1.296
3724.6;1.617
3725.1;0.651
3725.6;1.054
3726.1;0.858
3726.6;0.995
3727.1;1.955
3727.6;1.112
3728.1;1.793
3728.6;1.1
3729.1;1.084
3729.6;1.422
3730.1;0.592
3730.6;1.206
3731.1;0.349
3731.6;1.615
3732.1;0.604
3732.6;0.387
3733.1;1.725
3733.6;0.099
3734.1;0.88
3734.6;1.409
3735.1;0.486
3735.6;0.087
3736.1;1.079
3736.6;1.092
3737.1;0.978
3737.6;0.892
3738.1;0.778
3738.6;0.844
3739.1;0.859
3739.6;1.083
3740.1;0.419
3740.6;1.077
3741.1;2.677
3741.6;0.967
3742.1;0.944
3742.6;1.103
3743.1;0.721
3743.6;1.636
3744.1;0.654
3744.6;0.367
3745.1;0.72
3745.6;1.283
3746.1;0.705
3746.6;1.764
3747.1;2.252
3747.6;1.293
3748.1;1.738
3748.6;1.34
3749.1;0.959
3749.6;1.403
3750.1;1.099
3750.6;1.978
3751.1;1.003
3751.6;0.573
3752.1;1.057
3752.6;0.318
3753.1;0.165
3753.6;0.918
3754.1;0.906
3754.6;1.838
3755.1;0.952
3755.6;0.763
3756.1;1.276
3756.6;1.426
3757.1;0.276
3757.6;1.513
3758.1;1.481
3758.6;0.623
3759.1;1.923
3759.6;0.972
3760.1;1.195
3760.6;1.6
3761.1;0.043
3761.6;1.034
3762.1;0.477
3762.6;1.314
3763.1;1.058
3763.6;0.459
3764.1;1.978
3764.6;1.22
3765.1;0.255
3765.6;0.553
3766.1;0.807
3766.6;1.025
3767.1;0.594
3767.6;1.195
3768.1;0.691
3768.6;0.576
3769.1;0.694
3769.6;0.901
3770.1;1.147
3770.6;0.378
3771.1;1.127
3771.6;0.208
3772.1;0.402
3772.6;0.425
3773.1;0.439
3773.6;0.474
3774.1;0.246
3774.6;0.626
3775.1;0.557
3775.6;1.059
3776.1;0.834
3776.6;0.696
3777.1;0.63
3777.6;0.276
3778.1;1.092
3778.6;0.26
3779.1;0.322
3779.6;1.164
3780.1;1.324
3780.6;0.329
3781.1;0.234
3781.6;0.687
3782.1;0.203
3782.6;0.43
3783.1;0.787
3783.6;1.082
3784.1;0.636
3784.6;0.286
3785.1;0.294
3785.6;0.137
3786.1;0.397
3786.6;0.558
3787.1;0.097
3787.6;0.522
3788.1;0.35
3788.6;0.108
3789.1;0.436
3789.6;0.419
3790.1;0.703
3790.6;0.618
3791.1;0.264
3791.6;0.285
3792.1;1.143
3792.6;0.737
3793.1;0.038
3793.6;0.301
3794.1;0.55
3794.6;1.315
3795.1;0.885
3795.6;0.628
3796.1;0.228
3796.6;1.014
3797.1;0.74
3797.6;0.74
3798.1;1.29
3798.6;0.533
3799.1;0.382
3799.6;0.998
3800.1;0.579
3800.6;0.552
3801.1;1.225
3801.6;1.368
3802.1;0.238
3802.6;1.074
3803.1;0.287
3803.6;0.442
3804.1;0.7
3804.6;0.42
3805.1;1.04
3805.6;1.259
3806.1;0.607
3806.6;0.54
3807.1;0.49
3807.6;0.876
3808.1;0.291
3808.6;0.943
3809.1;0.911
3809.6;0.513
3810.1;0.559
3810.6;1.009
3811.1;0.533
3811.6;0.738
3812.1;0.544
3812.6;0.139
3813.1;0.436
3813.6;0.073
3814.1;0.233
3814.6;0.816
3815.1;0.502
3815.6;0.541
3816.1;0.711
3816.6;0.891
3817.1;0.758
3817.6;0.162
3818.1;0.082
3818.6;0.15
3819.1;0.814
3819.6;0.357
3820.1;0.094
3820.6;0.601
3821.1;0.621
3821.6;0.36
3822.1;0.362
3822.6;0.212
3823.1;0.76
3823.6;0.8
3824.1;0.122
3824.6;1.117
3825.1;0.628
3825.6;0.29
3826.1;0.256
3826.6;0.801
3827.1;1.321
3827.6;0.364
3828.1;0.532
3828.6;0.666
3829.1;0.688
3829.6;0.309
3830.1;0.679
3830.6;1.005
3831.1;0.507
3831.6;0.033
3832.1;0.323
3832.6;0.357
3833.1;0.337
3833.6;0.358
3834.1;0.598
3834.6;0.302
3835.1;0.295
3835.6;0.422
3836.1;0.45
3836.6;0.505
3837.1;0.523
3837.6;0.11
3838.1;0.068
3838.6;0.263
3839.1;0.484
3839.6;0.421
3840.1;0.446
3840.6;0.405
3841.1;0.656
3841.6;0.46
3842.1;0.151
3842.6;0.462
3843.1;0.472
3843.6;0.588
3844.1;0.677
3844.6;0.769
3845.1;0.475
3845.6;0.304
3846.1;0.344
3846.6;0.354
3847.1;0.544
3847.6;0.649
3848.1;0.756
3848.6;0.497
3849.1;0.286
3849.6;0.198
3850.1;0.03
3850.6;0.233
3851.1;0.215
3851.6;0.531
3852.1;0.413
3852.6;0.174
3853.1;0.508
3853.6;0.433
3854.1;0.155
3854.6;0.165
3855.1;0.37
3855.6;0.39
3856.1;0.226
3856.6;0.218
3857.1;0.799
3857.6;0.332
3858.1;0.187
3858.6;0.225
3859.1;0.466
3859.6;0.538
3860.1;0.201
3860.6;0.744
3861.1;0.341
3861.6;0.386
3862.1;0.283
3862.6;0.322
3863.1;0.107
3863.6;0.349
3864.1;0.613
3864.6;0.172
3865.1;0.766
3865.6;0.426
3866.1;0.714
3866.6;0.888
3867.1;0.426
3867.6;0.275
3868.1;0.506
3868.6;0.585
3869.1;0.567
3869.6;0.252
3870.1;0.464
3870.6;0.248
3871.1;0.338
3871.6;0.366
3872.1;1.043
3872.6;0.069
3873.1;1.187
3873.6;0.683
3874.1;0.582
3874.6;0.807
3875.1;0.152
3875.6;0.56
3876.1;0.577
3876.6;0.954
3877.1;0.342
3877.6;0.782
3878.1;0.697
3878.6;1.135
3879.1;1.281
3879.6;1.182
3880.1;1.906
3880.6;1.22
3881.1;0.613
3881.6;0.624
3882.1;0.809
3882.6;0.733
3883.1;0.261
3883.6;0.957
3884.1;0.76
3884.6;0.784
3885.1;0.58
3885.6;1.83
3886.1;1.413
3886.6;0.782
3887.1;1.324
3887.6;1.378
3888.1;1.069
3888.6;0.703
3889.1;0.812
3889.6;0.605
3890.1;1.292
3890.6;0.555
3891.1;0.728
3891.6;0.202
3892.1;1.087
3892.6;1.104
3893.1;1.48
3893.6;0.5
3894.1;1.47
3894.6;2.685
3895.1;1.296
3895.6;1.167
3896.1;1.252
3896.6;1.599
3897.1;1.589
3897.6;1.818
3898.1;1.461
3898.6;1.443
3899.1;1.062
3899.6;0.497
3900.1;0.759
3900.6;0.097
3901.1;0.553
3901.6;0.649
3902.1;0.723
3902.6;1.106
3903.1;0.232
3903.6;1.504
3904.1;0.97
3904.6;0.674
3905.1;1.468
3905.6;0.765
3906.1;1.064
3906.6;1.114
3907.1;0.436
3907.6;0.712
3908.1;1.123
3908.6;0.514
3909.1;0.518
3909.6;0.853
3910.1;0.284
3910.6;0.352
3911.1;0.578
3911.6;1.085
3912.1;0.594
3912.6;1.359
3913.1;0.577
3913.6;0.34
3914.1;0.95
3914.6;0.723
3915.1;0.192
3915.6;2.116
3916.1;1.006
3916.6;0.908
3917.1;0.966
3917.6;0.821
3918.1;0.519
3918.6;1.335
3919.1;0.32
3919.6;0.689
3920.1;0.914
3920.6;0.734
3921.1;1.46
3921.6;0.329
3922.1;0.329
3922.6;1.464
3923.1;1.823
3923.6;0.805
3924.1;0.265
3924.6;0.986
3925.1;0.41
3925.6;0.523
3926.1;1.038
3926.6;1.298
3927.1;1.43
3927.6;1.152
3928.1;0.33
3928.6;0.363
3929.1;0.251
3929.6;0.935
3930.1;0.78
3930.6;0.541
3931.1;0.586
3931.6;0.699
3932.1;0.413
3932.6;0.335
3933.1;0.621
3933.6;0.669
3934.1;0.921
3934.6;0.524
3935.1;0.388
3935.6;0.352
3936.1;0.498
3936.6;0.362
3937.1;0.793
3937.6;0.21
3938.1;0.553
3938.6;0.492
3939.1;0.642
3939.6;1.008
3940.1;1.441
3940.6;1.124
3941.1;1.127
3941.6;0.739
3942.1;0.314
3942.6;0.589
3943.1;0.852
3943.6;0.506
3944.1;0.31
3944.6;0.372
3945.1;0.284
3945.6;1.004
3946.1;1.018
3946.6;0.427
3947.1;1.538
3947.6;1.719
3948.1;0.262
3948.6;1.485
3949.1;1.182
3949.6;0.633
3950.1;1.457
3950.6;1.458
3951.1;0.518
3951.6;2.556
3952.1;1.321
3952.6;1.149
3953.1;1.86
3953.6;0.453
3954.1;1.628
3954.6;1.912
3955.1;0.701
3955.6;1.711
3956.1;0.674
3956.6;1.018
3957.1;0.797
3957.6;0.392
3958.1;0.886
3958.6;0.003
3959.1;0.72
3959.6;1.503
3960.1;0.344
3960.6;1.304
3961.1;1.371
3961.6;1.498
3962.1;2.126
3962.6;1.499
3963.1;2.266
3963.6;1.996
3964.1;1.049
3964.6;1.765
3965.1;0.606
3965.6;0.253
3966.1;0.34
3966.6;0.228
3967.1;0.317
3967.6;1.019
3968.1;0.529
3968.6;0.629
3969.1;0.388
3969.6;0.895
3970.1;0.761
3970.6;0.407
3971.1;1.151
3971.6;0.515
3972.1;1.077
3972.6;0.95
3973.1;0.672
3973.6;0.874
3974.1;0.751
3974.6;0.724
3975.1;0.429
3975.6;0.548
3976.1;0.11
3976.6;0.343
3977.1;0.698
3977.6;0.224
3978.1;1.818
3978.6;0.632
3979.1;1.04
3979.6;0.71
3980.1;1.563
3980.6;0.976
3981.1;0.914
3981.6;1.693
3982.1;0.706
3982.6;0.59
3983.1;0.697
3983.6;0.763
3984.1;0.435
3984.6;0.33
3985.1;0.652
3985.6;0.213
3986.1;0.36
3986.6;0.228
3987.1;0.637
3987.6;1.074
3988.1;1.014
3988.6;1.086
3989.1;0.461
3989.6;0.645
3990.1;1.461
3990.6;0.561
3991.1;1.952
3991.6;0.935
3992.1;1.433
3992.6;1.293
3993.1;0.691
3993.6;1.105
3994.1;0.202
3994.6;0.763
3995.1;0.523
3995.6;0.396
3996.1;0.594
3996.6;1.112
3997.1;0.355
3997.6;0.332
3998.1;0.591
3998.6;0.074
3999.1;0.913
3999.6;0.521
4000.1;0.68
4000.6;1.345
4001.1;0.797
4001.6;1.246
4002.1;1.625
4002.6;0.506
4003.1;0.833
4003.6;1.057
4004.1;0.602
4004.6;1.269
4005.1;1.534
4005.6;1.561
4006.1;1.464
4006.6;2.276
4007.1;0.82
4007.6;1.167
4008.1;0.998
4008.6;0.97
4009.1;0.664
4009.6;0.592
4010.1;0.742
4010.6;0.986
4011.1;1.144
4011.6;1.045
4012.1;1.291
4012.6;1.509
4013.1;0.605
4013.6;1.104
4014.1;0.384
4014.6;1.029
4015.1;0.643
4015.6;0.747
4016.1;0.717
4016.6;0.258
4017.1;0.607
4017.6;0.371
4018.1;1.938
4018.6;1.491
4019.1;0.404
4019.6;1.644
4020.1;1.274
4020.6;0.533
4021.1;0.467
4021.6;0.96
4022.1;1.42
4022.6;0.488
4023.1;0.959
4023.6;0.645
4024.1;0.937
4024.6;1.265
4025.1;1.095
4025.6;1.949
4026.1;0.433
4026.6;1.921
4027.1;1.168
4027.6;1.029
4028.1;0.634
4028.6;1.466
4029.1;1.277
4029.6;0.656
4030.1;1.281
4030.6;0.829
4031.1;0.311
4031.6;0.572
4032.1;0.455
4032.6;0.965
4033.1;0.899
4033.6;0.688
4034.1;0.917
4034.6;1.675
4035.1;0.631
4035.6;0.119
4036.1;0.684
4036.6;1.029
4037.1;0.707
4037.6;0.513
4038.1;0.235
4038.6;0.333
4039.1;0.877
4039.6;0.674
4040.1;0.915
4040.6;0.402
4041.1;0.291
4041.6;0.652
4042.1;0.911
4042.6;0.53
4043.1;1.024
4043.6;1.375
4044.1;0.751
4044.6;0.911
4045.1;0.929
4045.6;0.883
4046.1;0.877
4046.6;1.035
4047.1;0.071
4047.6;0.859
4048.1;0.604
4048.6;1.042
4049.1;0.79
4049.6;1.261
4050.1;0.783
4050.6;0.522
4051.1;0.811
4051.6;0.022
4052.1;1.056
4052.6;1.168
4053.1;0.395
4053.6;0.662
4054.1;0.528
4054.6;0.334
4055.1;0.36
4055.6;0.47
4056.1;0.681
4056.6;0.211
4057.1;0.727
4057.6;0.401
4058.1;1.113
4058.6;0.805
4059.1;0.247
4059.6;0.467
4060.1;0.973
4060.6;0.184
4061.1;0.62
4061.6;0.846
4062.1;0.529
4062.6;0.407
4063.1;0.496
4063.6;0.327
4064.1;0.403
4064.6;1.164
4065.1;0.961
4065.6;0.445
4066.1;1.069
4066.6;0.571
4067.1;0.213
4067.6;0.851
4068.1;0.449
4068.6;0.36
4069.1;0.85
4069.6;0.944
4070.1;0.408
4070.6;0.83
4071.1;0.286
4071.6;0.218
4072.1;0.282
4072.6;0.133
4073.1;1.597
4073.6;0.264
4074.1;0.834
4074.6;1.636
4075.1;0.651
4075.6;0.222
4076.1;0.612
4076.6;0.887
4077.1;0.408
4077.6;1.777
4078.1;0.725
4078.6;0.358
4079.1;0.636
4079.6;0.413
4080.1;0.334
4080.6;0.476
4081.1;1.038
4081.6;0.27
4082.1;0.581
4082.6;0.871
4083.1;0.259
4083.6;1.141
4084.1;0.309
4084.6;1.345
4085.1;0.771
4085.6;0.562
4086.1;1.996
4086.6;1.07
4087.1;1.397
4087.6;1.23
4088.1;0.972
4088.6;0.765
4089.1;0.875
4089.6;1.464
4090.1;1.402
4090.6;1.019
4091.1;1.465
4091.6;1.401
4092.1;1.869
4092.6;1.213
4093.1;0.579
4093.6;0.297
4094.1;0.508
4094.6;0.383
4095.1;0.378
4095.6;0.76
4096.1;0.383
4096.6;0.834
4097.1;0.547
4097.6;0.939
4098.1;0.495
4098.6;0.889
4099.1;0.985
4099.6;1.814
4100.1;0.659
4100.6;0.42
4101.1;0.797
4101.6;0.438
4102.1;0.722
4102.6;1.538
4103.1;0.949
4103.6;1.136
4104.1;0.819
4104.6;0.877
4105.1;1.199
4105.6;1.812
4106.1;0.341
4106.6;2.246
4107.1;1.043
4107.6;0.156
4108.1;0.436
4108.6;0.539
4109.1;1.24
4109.6;0.686
4110.1;0.885
4110.6;0.561
4111.1;0.961
4111.6;0.539
4112.1;0.231
4112.6;0.658
4113.1;0.767
4113.6;0.372
4114.1;0.405
4114.6;1.127
4115.1;0.368
4115.6;0.714
4116.1;0.195
4116.6;1.153
4117.1;0.498
4117.6;0.061
4118.1;0.173
4118.6;1.081
4119.1;1.292
4119.6;0.618
4120.1;1.053
4120.6;0.741
4121.1;1.046
4121.6;0.93
4122.1;0.312
4122.6;1.03
4123.1;1.009
4123.6;0.106
4124.1;0.119
4124.6;0.719
4125.1;1.186
4125.6;0.288
4126.1;0.247
4126.6;0.743
4127.1;0.358
4127.6;0.459
4128.1;0.306
4128.6;0.281
4129.1;0.546
4129.6;0.99
4130.1;0.917
4130.6;0.232
4131.1;0.554
4131.6;0.679
4132.1;0.918
4132.6;1.365
4133.1;0.411
4133.6;0.689
4134.1;0.792
4134.6;0.426
4135.1;0.329
4135.6;0.625
4136.1;0.544
4136.6;0.505
4137.1;0.264
4137.6;0.527
4138.1;0.286
4138.6;0.246
4139.1;1.313
4139.6;1.168
4140.1;0.336
4140.6;0.157
4141.1;0.482
4141.6;0.724
4142.1;0.713
4142.6;0.189
4143.1;0.635
4143.6;0.512
4144.1;0.703
4144.6;0.344
4145.1;0.431
4145.6;0.66
4146.1;0.369
4146.6;0.28
4147.1;0.608
4147.6;0.449
4148.1;0.502
4148.6;1.011
4149.1;0.35
4149.6;0.512
4150.1;0.555
4150.6;0.39
4151.1;0.95
4151.6;0.37
4152.1;0.148
4152.6;0.935
4153.1;0.401
4153.6;0.852
4154.1;0.427
4154.6;0.148
4155.1;0.29
4155.6;0.598
4156.1;0.23
4156.6;0.144
4157.1;0.58
4157.6;0.779
4158.1;0.293
4158.6;0.592
4159.1;0.614
4159.6;0.319
4160.1;0.181
4160.6;0.129
4161.1;0.526
4161.6;1.134
4162.1;0.127
4162.6;0.249
4163.1;0.389
4163.6;0.296
4164.1;0.642
4164.6;0.286
4165.1;0.414
4165.6;0.308
4166.1;0.222
4166.6;0.084
4167.1;0.055
4167.6;0.415
4168.1;0.273
4168.6;0.026
4169.1;0.139
4169.6;0.202
4170.1;0.128
4170.6;0.209
4171.1;0.428
4171.6;0.245
4172.1;0.167
4172.6;0.155
4173.1;0.09
4173.6;0.216
4174.1;0.094
4174.6;0.235
4175.1;0.391
4175.6;0.435
4176.1;0.244
4176.6;0.124
4177.1;0.156
4177.6;0.221
4178.1;0.154
4178.6;0.196
4179.1;0.038
4179.6;0.533
4180.1;0.257
4180.6;0.333
4181.1;0.316
4181.6;0.267
4182.1;0.152
4182.6;0.339
4183.1;0.356
4183.6;0.095
4184.1;0.123
4184.6;0.121
4185.1;0.138
4185.6;0.122
4186.1;0.494
4186.6;0.345
4187.1;0.405
4187.6;0.397
4188.1;0.245
4188.6;0.433
4189.1;0.343
4189.6;0.457
4190.1;0.325
4190.6;0.179
4191.1;0.134
4191.6;0.112
4192.1;0.08
4192.6;0.051
4193.1;0.137
4193.6;0.094
4194.1;0.153
4194.6;0.054
4195.1;0.132
4195.6;0.17
4196.1;0.21
4196.6;0.275
4197.1;0.291
4197.6;0.336
4198.1;0.266
4198.6;0.038
4199.1;0.146
4199.6;0.118
4200.1;0.177
4200.6;0.183
4201.1;0.171
4201.6;0.086
4202.1;0.079
4202.6;0.21
4203.1;0.068
4203.6;0.146
4204.1;0.155
4204.6;0.187
4205.1;0.176
4205.6;0.308
4206.1;0.284
4206.6;0.265
4207.1;0.368
4207.6;0.492
4208.1;0.087
4208.6;0.064
4209.1;0.238
4209.6;0.175
4210.1;0.144
4210.6;0.093
4211.1;0.13
4211.6;0.082
4212.1;0.075
4212.6;0.046
4213.1;0.317
4213.6;0.076
4214.1;0.268
4214.6;0.322
4215.1;0.039
4215.6;0.346
4216.1;0.149
4216.6;0.041
4217.1;0.179
4217.6;0.347
4218.1;0.352
4218.6;0.166
4219.1;0.322
4219.6;0.251
4220.1;0.238
4220.6;0.208
4221.1;0.232
4221.6;0.1
4222.1;0.185
4222.6;0.121
4223.1;0.287
4223.6;0.173
4224.1;0.127
4224.6;0.164
4225.1;0.172
4225.6;0.089
4226.1;0.244
4226.6;0.338
4227.1;0.273
4227.6;0.283
4228.1;0.247
4228.6;0.098
4229.1;0.289
4229.6;0.486
4230.1;0.19
4230.6;0.553
4231.1;0.529
4231.6;0.555
4232.1;0.466
4232.6;0.5
4233.1;0.25
4233.6;0.529
4234.1;0.569
4234.6;0.368
4235.1;0.128
4235.6;0.422
4236.1;0.354
4236.6;0.222
4237.1;0.417
4237.6;0.267
4238.1;0.143
4238.6;0.319
4239.1;0.249
4239.6;0.265
4240.1;0.378
4240.6;0.245
4241.1;0.209
4241.6;0.344
4242.1;0.318
4242.6;0.168
4243.1;0.238
4243.6;0.55
4244.1;0.22
4244.6;0.364
4245.1;0.263
4245.6;0.32
4246.1;0.391
4246.6;0.562
4247.1;0.706
4247.6;0.761
4248.1;0.269
4248.6;0.6
4249.1;0.692
4249.6;0.768
4250.1;0.472
4250.6;0.545
4251.1;0.87
4251.6;0.855
4252.1;0.699
4252.6;0.283
4253.1;0.599
4253.6;0.517
4254.1;0.481
4254.6;0.211
4255.1;0.194
4255.6;0.132
4256.1;0.319
4256.6;0.512
4257.1;0.268
4257.6;0.421
4258.1;0.26
4258.6;0.394
4259.1;0.51
4259.6;0.3
4260.1;0.124
4260.6;0.386
4261.1;0.367
4261.6;0.61
4262.1;0.759
4262.6;0.67
4263.1;0.458
4263.6;0.468
4264.1;0.757
4264.6;0.546
4265.1;0.491
4265.6;0.552
4266.1;0.183
4266.6;0.02
4267.1;0.077
4267.6;0.154
4268.1;0.388
4268.6;0.553
4269.1;0.067
4269.6;0.401
4270.1;0.62
4270.6;0.055
4271.1;0.476
4271.6;0.526
4272.1;0.181
4272.6;0.093
4273.1;0.082
4273.6;0.64
4274.1;0.58
4274.6;0.257
4275.1;0.3
4275.6;0.44
4276.1;0.505
4276.6;0.307
4277.1;0.229
4277.6;0.291
4278.1;0.037
4278.6;0.847
4279.1;0.569
4279.6;0.517
4280.1;0.33
4280.6;0.638
4281.1;0.89
4281.6;0.701
4282.1;0.341
4282.6;0.202
4283.1;0.699
4283.6;0.628
4284.1;0.319
4284.6;0.363
4285.1;0.315
4285.6;0.247
4286.1;0.569
4286.6;0.261
4287.1;0.497
4287.6;0.742
4288.1;0.503
4288.6;0.442
4289.1;0.628
4289.6;0.441
4290.1;0.148
4290.6;0.271
4291.1;0.482
4291.6;0.424
4292.1;0.546
4292.6;0.248
4293.1;0.269
4293.6;0.389
4294.1;0.444
4294.6;0.329
4295.1;0.2
4295.6;0.394
4296.1;0.162
4296.6;0.623
4297.1;0.451
4297.6;0.408
4298.1;0.504
4298.6;0.913
4299.1;0.109
4299.6;0.206
4300.1;0.505
4300.6;0.262
4301.1;0.251
4301.6;0.09
4302.1;0.246
4302.6;0.104
4303.1;0.502
4303.6;0.186
4304.1;0.158
4304.6;0.311
4305.1;0.159
4305.6;0.286
4306.1;0.241
4306.6;0.081
4307.1;0.635
4307.6;0.034
4308.1;0.506
4308.6;0.88
4309.1;0.201
4309.6;0.265
4310.1;0.326
4310.6;0.126
4311.1;0.156
4311.6;0.214
4312.1;0.246
4312.6;0.273
4313.1;0.305
4313.6;0.345
4314.1;0.215
4314.6;0.175
4315.1;0.421
4315.6;0.455
4316.1;0.095
4316.6;0.294
4317.1;0.219
4317.6;0.566
4318.1;0.589
4318.6;0.252
4319.1;0.327
4319.6;0.496
4320.1;0.318
4320.6;0.195
4321.1;0.243
4321.6;0.294
4322.1;0.303
4322.6;0.376
4323.1;0.24
4323.6;0.1
4324.1;0.191
4324.6;0.583
4325.1;0.078
4325.6;0.068
4326.1;0.355
4326.6;0.262
4327.1;0.426
4327.6;0.311
4328.1;0.399
4328.6;0.246
4329.1;0.18
4329.6;0.258
4330.1;0.38
4330.6;0.405
4331.1;0.123
4331.6;0.082
4332.1;0.429
4332.6;0.082
4333.1;0.524
4333.6;0.209
4334.1;0.307
4334.6;0.31
4335.1;0.171
4335.6;0.3
4336.1;0.052
4336.6;0.139
4337.1;0.052
4337.6;0.31
4338.1;0.333
4338.6;0.255
4339.1;0.143
4339.6;0.183
4340.1;0.433
4340.6;0.285
4341.1;0.2
4341.6;0.163
4342.1;0.117
4342.6;0.19
4343.1;0.041
4343.6;0.515
4344.1;0.174
4344.6;0.235
4345.1;0.034
4345.6;0.099
4346.1;0.278
4346.6;0.256
4347.1;0.026
4347.6;0.32
4348.1;0.298
4348.6;0.284
4349.1;0.376
4349.6;0.382
4350.1;0.498
4350.6;0.111
4351.1;0.733
4351.6;0.571
4352.1;0.257
4352.6;0.231
4353.1;0.098
4353.6;0.035
4354.1;0.358
4354.6;0.108
4355.1;0.133
4355.6;0.174
4356.1;0.22
4356.6;0.495
4357.1;0.3
4357.6;0.369
4358.1;0.219
4358.6;0.867
4359.1;0.566
4359.6;0.181
4360.1;0.11
4360.6;0.391
4361.1;0.243
4361.6;0.215
4362.1;0.177
4362.6;0.31
4363.1;0.17
4363.6;0.508
4364.1;0.041
4364.6;0.089
4365.1;0.428
4365.6;0.271
4366.1;0.476
4366.6;0.238
4367.1;0.318
4367.6;0.382
4368.1;0.514
4368.6;0.257
4369.1;0.323
4369.6;0.259
4370.1;0.474
4370.6;0.34
4371.1;0.283
4371.6;0.164
4372.1;0.59
4372.6;0.349
4373.1;0.537
4373.6;0.102
4374.1;0.42
4374.6;0.216
4375.1;0.227
4375.6;0.196
4376.1;0.073
4376.6;0.082
4377.1;0.586
4377.6;0.153
4378.1;0.237
4378.6;0.613
4379.1;0.18
4379.6;0.561
4380.1;0.013
4380.6;0.645
4381.1;0.518
4381.6;0.542
4382.1;0.432
4382.6;0.323
4383.1;0.101
4383.6;0.355
4384.1;0.62
4384.6;0.294
4385.1;0.336
4385.6;0.508
4386.1;0.382
4386.6;0.237
4387.1;0.219
4387.6;0.164
4388.1;0.363
4388.6;0.294
4389.1;0.596
4389.6;0.178
4390.1;0.067
4390.6;0.196
4391.1;0.183
4391.6;0.524
4392.1;0.366
4392.6;0.234
4393.1;0.541
4393.6;0.383
4394.1;0.35
4394.6;0.127
4395.1;0.437
4395.6;0.267
4396.1;0.347
4396.6;0.133
4397.1;0.171
4397.6;0.182
4398.1;0.22
4398.6;0.136
4399.1;0.354
4399.6;0.299
4400.1;0.585
4400.6;0.281
4401.1;0.587
4401.6;0.225
4402.1;0.642
4402.6;0.293
4403.1;0.231
4403.6;0.144
4404.1;0.348
4404.6;0.367
4405.1;0.157
4405.6;0.197
4406.1;0.301
4406.6;0.406
4407.1;0.19
4407.6;0.142
4408.1;0.412
4408.6;0.137
4409.1;0.283
4409.6;0.399
4410.1;0.354
4410.6;0.214
4411.1;0.572
4411.6;0.123
4412.1;0.538
4412.6;0.281
4413.1;0.282
4413.6;0.375
4414.1;0.634
4414.6;0.343
4415.1;0.577
4415.6;0.394
4416.1;0.526
4416.6;0.67
4417.1;0.169
4417.6;0.175
4418.1;0.215
4418.6;0.521
4419.1;0.239
4419.6;0.45
4420.1;0.24
4420.6;0.176
4421.1;0.497
4421.6;0.391
4422.1;0.778
4422.6;0.466
4423.1;0.379
4423.6;0.283
4424.1;0.222
4424.6;0.384
4425.1;0.514
4425.6;0.212
4426.1;0.173
4426.6;0.321
4427.1;0.425
4427.6;0.117
4428.1;0.148
4428.6;0.453
4429.1;0.236
4429.6;0.121
4430.1;0.2
4430.6;0.304
4431.1;0.596
4431.6;0.098
4432.1;0.545
4432.6;0.245
4433.1;0.749
4433.6;0.031
4434.1;0.425
4434.6;0.618
4435.1;0.307
4435.6;0.289
4436.1;0.487
4436.6;0.566
4437.1;0.415
4437.6;0.059
4438.1;0.116
4438.6;0.064
4439.1;0.318
4439.6;0.319
4440.1;0.203
4440.6;0.385
4441.1;0.406
4441.6;0.784
4442.1;0.553
4442.6;0.452
4443.1;0.471
4443.6;0.52
4444.1;0.709
4444.6;0.185
4445.1;0.75
4445.6;0.198
4446.1;0.121
4446.6;0.549
4447.1;0.392
4447.6;0.103
4448.1;0.08
4448.6;0.337
4449.1;0.108
4449.6;0.618
4450.1;0.381
4450.6;0.757
4451.1;0.15
4451.6;0.114
4452.1;0.592
4452.6;0.295
4453.1;0.652
4453.6;0.493
4454.1;0.462
4454.6;0.345
4455.1;0.157
4455.6;0.218
4456.1;0.805
4456.6;0.45
4457.1;0.33
4457.6;0.925
4458.1;0.505
4458.6;0.421
4459.1;0.063
4459.6;0.267
4460.1;0.128
4460.6;0.319
4461.1;0.483
4461.6;0.823
4462.1;0.1
4462.6;0.375
4463.1;0.231
4463.6;0.62
4464.1;0.321
4464.6;0.782
4465.1;0.463
4465.6;0.408
4466.1;0.684
4466.6;0.356
4467.1;0.469
4467.6;1.36
4468.1;0.561
4468.6;0.291
4469.1;0.724
4469.6;0.796
4470.1;0.417
4470.6;0.369
4471.1;0.496
4471.6;0.234
4472.1;0.596
4472.6;0.391
4473.1;0.516
4473.6;0.202
4474.1;0.293
4474.6;0.797
4475.1;0.268
4475.6;0.005
4476.1;0.548
4476.6;0.41
4477.1;0.186
4477.6;0.104
4478.1;0.274
4478.6;0.133
4479.1;0.133
4479.6;0.812
4480.1;0.596
4480.6;0.207
4481.1;0.597
4481.6;0.706
4482.1;0.888
4482.6;0.343
4483.1;0.42
4483.6;0.558
4484.1;0.601
4484.6;0.85
4485.1;0.315
4485.6;0.544
4486.1;0.554
4486.6;0.604
4487.1;0.415
4487.6;0.512
4488.1;0.568
4488.6;0.405
4489.1;0.464
4489.6;0.755
4490.1;0.374
4490.6;0.217
4491.1;0.441
4491.6;0.333
4492.1;0.209
4492.6;0.119
4493.1;0.912
4493.6;0.596
4494.1;0.048
4494.6;0.5
4495.1;0.318
4495.6;0.954
4496.1;0.436
4496.6;0.748
4497.1;0.542
4497.6;0.594
4498.1;0.461
4498.6;0.396
4499.1;0.508
4499.6;0.274
4500.1;0.364
4500.6;0.015
4501.1;0.169
4501.6;0.632
4502.1;0.213
4502.6;0.361
4503.1;0.433
4503.6;0.3
4504.1;0.59
4504.6;0.32
4505.1;0.143
4505.6;0.437
4506.1;0.596
4506.6;0.73
4507.1;0.524
4507.6;0.425
4508.1;0.289
4508.6;0.901
4509.1;0.224
4509.6;0.493
4510.1;0.318
4510.6;0.569
4511.1;0.325
4511.6;0.19
4512.1;0.712
4512.6;0.792
4513.1;0.676
4513.6;0.283
4514.1;0.308
4514.6;0.259
4515.1;0.324
4515.6;0.012
4516.1;0.482
4516.6;0.296
4517.1;0.339
4517.6;0.186
4518.1;0.529
4518.6;0.447
4519.1;0.822
4519.6;0.471
4520.1;0.13
4520.6;0.357
4521.1;0.465
4521.6;0.08
4522.1;0.741
4522.6;0.438
4523.1;0.104
4523.6;0.14
4524.1;0.771
4524.6;0.427
4525.1;0.565
4525.6;0.809
4526.1;0.337
4526.6;0.095
4527.1;0.148
4527.6;0.219
4528.1;0.163
4528.6;0.583
4529.1;0.576
4529.6;0.204
4530.1;0.471
4530.6;0.432
4531.1;0.168
4531.6;0.395
4532.1;0.153
4532.6;0.641
4533.1;0.195
4533.6;0.351
4534.1;0.414
4534.6;0.579
4535.1;0.252
4535.6;0.172
4536.1;0.391
4536.6;0.149
4537.1;0.444
4537.6;0.09
4538.1;0.414
4538.6;0.628
4539.1;0.66
4539.6;0.31
4540.1;0.201
4540.6;0.351
4541.1;0.42
4541.6;0.469
4542.1;0.249
4542.6;0.522
4543.1;0.365
4543.6;0.316
4544.1;0.351
4544.6;0.151
4545.1;0.162
4545.6;0.399
4546.1;0.161
4546.6;0.416
4547.1;0.332
4547.6;0.191
4548.1;0.29
4548.6;0.373
4549.1;0.243
4549.6;0.12
4550.1;0.083
4550.6;0.072
4551.1;0.284
4551.6;0.182
4552.1;0.252
4552.6;0.354
4553.1;0.224
4553.6;0.163
4554.1;0.186
4554.6;0.375
4555.1;0.232
4555.6;0.438
4556.1;0.354
4556.6;0.037
4557.1;0.164
4557.6;0.176
4558.1;0.06
4558.6;0.288
4559.1;0.179
4559.6;0.115
4560.1;0.279
4560.6;0.116
4561.1;0.215
4561.6;0.23
4562.1;0.195
4562.6;0.058
4563.1;0.2
4563.6;0.13
4564.1;0.208
4564.6;0.408
4565.1;0.356
4565.6;0.743
4566.1;0.491
4566.6;0.341
4567.1;0.962
4567.6;0.326
4568.1;0.131
4568.6;0.57
4569.1;0.159
4569.6;0.31
4570.1;0.278
4570.6;0.114
4571.1;0.375
4571.6;0.442
4572.1;0.184
4572.6;0.397
4573.1;0.282
4573.6;0.166
4574.1;0.365
4574.6;0.171
4575.1;0.165
4575.6;0.23
4576.1;0.194
4576.6;0.146
4577.1;0.233
4577.6;0.276
4578.1;0.281
4578.6;0.163
4579.1;0.102
4579.6;0.378
4580.1;0.204
4580.6;0.328
4581.1;0.114
4581.6;0.021
4582.1;0.24
4582.6;0.256
4583.1;0.288
4583.6;0.282
4584.1;0.183
4584.6;0.224
4585.1;0.39
4585.6;0.298
4586.1;0.226
4586.6;0.489
4587.1;0.308
4587.6;0.296
4588.1;0.046
4588.6;0.278
4589.1;0.274
4589.6;0.116
4590.1;0.487
4590.6;0.354
4591.1;0.168
4591.6;0.467
4592.1;0.268
4592.6;0.274
4593.1;0.575
4593.6;0.576
4594.1;0.346
4594.6;0.298
4595.1;0.512
4595.6;0.202
4596.1;0.064
4596.6;0.562
4597.1;0.222
4597.6;0.192
4598.1;0.566
4598.6;0.759
4599.1;0.106
4599.6;0.301
4600.1;0.317
4600.6;0.198
4601.1;0.193
4601.6;0.132
4602.1;0.424
4602.6;0.06
4603.1;0.107
4603.6;0.188
4604.1;0.057
4604.6;0.365
4605.1;0.18
4605.6;0.062
4606.1;0.315
4606.6;0.169
4607.1;0.441
4607.6;0.245
4608.1;0.239
4608.6;0.321
4609.1;0.092
4609.6;0.176
4610.1;0.083
4610.6;0.303
4611.1;0.038
4611.6;0.229
4612.1;0.064
4612.6;0.301
4613.1;0.163
4613.6;0.299
4614.1;0.331
4614.6;0.486
4615.1;0.447
4615.6;0.176
4616.1;0.588
4616.6;0.188
4617.1;0.247
4617.6;0.215
4618.1;0.048
4618.6;0.278
4619.1;0.217
4619.6;0.131
4620.1;0.173
4620.6;0.205
4621.1;0.106
4621.6;0.258
4622.1;0.263
4622.6;0.198
4623.1;0.441
4623.6;0.281
4624.1;0.07
4624.6;0.222
4625.1;0.144
4625.6;0.237
4626.1;0.254
4626.6;0.244
4627.1;0.431
4627.6;0.414
4628.1;0.144
4628.6;0.212
4629.1;0.291
4629.6;0.154
4630.1;0.11
4630.6;0.129
4631.1;0.107
4631.6;0.194
4632.1;0.102
4632.6;0.114
4633.1;0.154
4633.6;0.264
4634.1;0.049
4634.6;0.26
4635.1;0.123
4635.6;0.129
4636.1;0.158
4636.6;0.241
4637.1;0.1
4637.6;0.337
4638.1;0.328
4638.6;0.256
4639.1;0.034
4639.6;0.203
4640.1;0.117
4640.6;0.151
4641.1;0.092
4641.6;0.186
4642.1;0.278
4642.6;0.163
4643.1;0.104
4643.6;0.235
4644.1;0.259
4644.6;0.113
4645.1;0.369
4645.6;0.146
4646.1;0.058
4646.6;0.402
4647.1;0.021
4647.6;0.264
4648.1;0.25
4648.6;0.193
4649.1;0.158
4649.6;0.155
4650.1;0.343
4650.6;0.078
4651.1;0.146
4651.6;0.166
4652.1;0.143
4652.6;0.224
4653.1;0.234
4653.6;0.327
4654.1;0.265
4654.6;0.222
4655.1;0.087
4655.6;0.412
4656.1;0.285
4656.6;0.094
4657.1;0.34
4657.6;0.575
4658.1;0.475
4658.6;0.201
4659.1;0.17
4659.6;0.242
4660.1;0.147
4660.6;0.184
4661.1;0.297
4661.6;0.286
4662.1;0.061
4662.6;0.215
4663.1;0.164
4663.6;0.134
4664.1;0.401
4664.6;0.142
4665.1;0.344
4665.6;0.115
4666.1;0.346
4666.6;0.279
4667.1;0.204
4667.6;0.314
4668.1;0.464
4668.6;0.58
4669.1;0.03
4669.6;0.114
4670.1;0.264
4670.6;0.27
4671.1;0.371
4671.6;0.45
4672.1;0.294
4672.6;0.04
4673.1;0.549
4673.6;0.224
4674.1;0.104
4674.6;0.16
4675.1;0.427
4675.6;0.274
4676.1;0.185
4676.6;0.46
4677.1;0.365
4677.6;0.301
4678.1;0.239
4678.6;0.201
4679.1;0.245
4679.6;0.246
4680.1;0.11
4680.6;0.098
4681.1;0.28
4681.6;0.354
4682.1;0.148
4682.6;0.279
4683.1;0.171
4683.6;0.309
4684.1;0.185
4684.6;0.085
4685.1;0.484
4685.6;0.423
4686.1;0.136
4686.6;0.209
4687.1;0.143
4687.6;0.327
4688.1;0.124
4688.6;0.71
4689.1;0.343
4689.6;0.289
4690.1;0.344
4690.6;0.383
4691.1;0.24
4691.6;0.262
4692.1;0.17
4692.6;0.182
4693.1;0.458
4693.6;0.15
4694.1;0.018
4694.6;0.207
4695.1;0.673
4695.6;0.283
4696.1;0.015
4696.6;0.297
4697.1;0.264
4697.6;0.061
4698.1;0.337
4698.6;0.111
4699.1;0.205
4699.6;0.035
4700.1;0.053
4700.6;0.039
4701.1;0.144
4701.6;0.233
4702.1;0.126
4702.6;0.271
4703.1;0.151
4703.6;0.1
4704.1;0.221
4704.6;0.158
4705.1;0.389
4705.6;0.345
4706.1;0.206
4706.6;0.264
4707.1;0.161
4707.6;0.187
4708.1;0.209
4708.6;0.488
4709.1;0.044
4709.6;0.006
4710.1;0.278
4710.6;0.218
4711.1;0.05
4711.6;0.168
4712.1;0.168
4712.6;0.194
4713.1;0.17
4713.6;0.046
4714.1;0.143
4714.6;0.047
4715.1;0.156
4715.6;0.025
4716.1;0.081
4716.6;0.059
4717.1;0.044
4717.6;0.119
4718.1;0.087
4718.6;0.108
4719.1;0.203
4719.6;0.05
4720.1;0.293
4720.6;0.073
4721.1;0.358
4721.6;0.181
4722.1;0.164
4722.6;0.186
4723.1;0.248
4723.6;0.14
4724.1;0.063
4724.6;0.073
4725.1;0.144
4725.6;0.245
4726.1;0.19
4726.6;0.18
4727.1;0.045
4727.6;0.266
4728.1;0.177
4728.6;0.076
4729.1;0.086
4729.6;0.154
4730.1;0.129
4730.6;0.088
4731.1;0.255
4731.6;0.027
4732.1;0.122
4732.6;0.322
4733.1;0.199
4733.6;0.096
4734.1;0.116
4734.6;0.19
4735.1;0.133
4735.6;0.286
4736.1;0.099
4736.6;0.145
4737.1;0.518
4737.6;0.086
4738.1;0.094
4738.6;0.198
4739.1;0.274
4739.6;0.19
4740.1;0.183
4740.6;0.162
4741.1;0.331
4741.6;0.188
4742.1;0.295
4742.6;0.321
4743.1;0.189
4743.6;0.172
4744.1;0.099
4744.6;0.205
4745.1;0.168
4745.6;0.147
4746.1;0.348
4746.6;0.107
4747.1;0.062
4747.6;0.136
4748.1;0.141
4748.6;0.366
4749.1;0.127
4749.6;0.125
4750.1;0.336
4750.6;0.151
4751.1;0.154
4751.6;0.264
4752.1;0.203
4752.6;0.082
4753.1;0.235
4753.6;0.135
4754.1;0.06
4754.6;0.31
4755.1;0.093
4755.6;0.1
4756.1;0.138
4756.6;0.037
4757.1;0.048
4757.6;0.138
4758.1;0.016
4758.6;0.151
4759.1;0.134
4759.6;0.128
4760.1;0.16
4760.6;0.064
4761.1;0.093
4761.6;0.06
4762.1;0.088
4762.6;0.456
4763.1;0.222
4763.6;0.306
4764.1;0.201
4764.6;0.491
4765.1;0.191
4765.6;0.383
4766.1;0.125
4766.6;0.139
4767.1;0.114
4767.6;0.195
4768.1;0.199
4768.6;0.182
4769.1;0.164
4769.6;0.152
4770.1;0.245
4770.6;0.161
4771.1;0.238
4771.6;0.352
4772.1;0.383
4772.6;0.085
4773.1;0.326
4773.6;0.42
4774.1;0.044
4774.6;0.146
4775.1;0.25
4775.6;0.186
4776.1;0.134
4776.6;0.331
4777.1;0.507
4777.6;0.303
4778.1;0.398
4778.6;0.057
4779.1;0.008
4779.6;0.185
4780.1;0.16
4780.6;0.235
4781.1;0.418
4781.6;0.102
4782.1;0.092
4782.6;0.143
4783.1;0.367
4783.6;0.139
4784.1;0.15
4784.6;0.26
4785.1;0.411
4785.6;0.404
4786.1;0.445
4786.6;0.107
4787.1;0.095
4787.6;0.188
4788.1;0.157
4788.6;0.268
4789.1;0.172
4789.6;0.171
4790.1;0.207
4790.6;0.224
4791.1;0.258
4791.6;0.227
4792.1;0.308
4792.6;0.222
4793.1;0.123
4793.6;0.181
4794.1;0.144
4794.6;0.23
4795.1;0.222
4795.6;0.056
4796.1;0.25
4796.6;0.241
4797.1;0.208
4797.6;0.246
4798.1;0.053
4798.6;0.111
4799.1;0.386
4799.6;0.241
4800.1;0.127
4800.6;0.14
4801.1;0.542
4801.6;0.097
4802.1;0.162
4802.6;0.39
4803.1;0.18
4803.6;0.458
4804.1;0.489
4804.6;0.245
4805.1;0.11
4805.6;0.084
4806.1;0.136
4806.6;0.248
4807.1;0.092
4807.6;0.107
4808.1;0.268
4808.6;0.243
4809.1;0.349
4809.6;0.168
4810.1;0.177
4810.6;0.078
4811.1;0.099
4811.6;0.093
4812.1;0.1
4812.6;0.055
4813.1;0.028
4813.6;0.136
4814.1;0.184
4814.6;0.432
4815.1;0.181
4815.6;0.159
4816.1;0.136
4816.6;0.322
4817.1;0.168
4817.6;0.247
4818.1;0.212
4818.6;0.029
4819.1;0.258
4819.6;0.102
4820.1;0.141
4820.6;0.261
4821.1;0.191
4821.6;0.275
4822.1;0.169
4822.6;0.058
4823.1;0.086
4823.6;0.079
4824.1;0.033
4824.6;0.187
4825.1;0.256
4825.6;0.06
4826.1;0.17
4826.6;0.105
4827.1;0.092
4827.6;0.335
4828.1;0.245
4828.6;0.087
4829.1;0.099
4829.6;0.187
4830.1;0.089
4830.6;0.028
4831.1;0.139
4831.6;0.1
4832.1;0.1
4832.6;0.102
4833.1;0.135
4833.6;0.205
4834.1;0.21
4834.6;0.137
4835.1;0.218
4835.6;0.27
4836.1;0.339
4836.6;0.044
4837.1;0.156
4837.6;0.221
4838.1;0.103
4838.6;0.39
4839.1;0.073
4839.6;0.05
4840.1;0.152
4840.6;0.155
4841.1;0.345
4841.6;0.174
4842.1;0.049
4842.6;0.094
4843.1;0.548
4843.6;0.123
4844.1;0.247
4844.6;0.189
4845.1;0.292
4845.6;0.377
4846.1;0.306
4846.6;0.109
4847.1;0.319
4847.6;0.222
4848.1;0.19
4848.6;0.22
4849.1;0.401
4849.6;0.118
4850.1;0.585
4850.6;0.678
4851.1;0.391
4851.6;0.495
4852.1;0.233
4852.6;0.455
4853.1;0.254
4853.6;0.396
4854.1;0.192
4854.6;0.339
4855.1;0.03
4855.6;0.168
4856.1;0.073
4856.6;0.193
4857.1;0.11
4857.6;0.388
4858.1;0.341
4858.6;0.085
4859.1;0.269
4859.6;0.172
4860.1;0.401
4860.6;0.225
4861.1;0.48
4861.6;0.319
4862.1;0.468
4862.6;0.219
4863.1;0.205
4863.6;0.153
4864.1;0.285
4864.6;0.103
4865.1;0.293
4865.6;0.111
4866.1;0.352
4866.6;0.131
4867.1;0.245
4867.6;0.309
4868.1;0.532
4868.6;0.146
4869.1;0.145
4869.6;0.299
4870.1;0.244
4870.6;0.282
4871.1;0.106
4871.6;0.284
4872.1;0.392
4872.6;0.477
4873.1;0.197
4873.6;0.383
4874.1;0.182
4874.6;0.179
4875.1;0.444
4875.6;0.279
4876.1;0.166
4876.6;0.118
4877.1;0.448
4877.6;0.237
4878.1;0.35
4878.6;0.122
4879.1;0.261
4879.6;0.096
4880.1;0.166
4880.6;0.134
4881.1;0.14
4881.6;0.466
4882.1;0.142
4882.6;0.337
4883.1;0.374
4883.6;0.315
4884.1;0.401
4884.6;0.334
4885.1;0.251
4885.6;0.129
4886.1;0.229
4886.6;0.159
4887.1;0.284
4887.6;0.147
4888.1;0.39
4888.6;0.461
4889.1;0.197
4889.6;0.175
4890.1;0.103
4890.6;0.189
4891.1;0.217
4891.6;0.313
4892.1;0.274
4892.6;0.235
4893.1;0.154
4893.6;0.227
4894.1;0.245
4894.6;0.233
4895.1;0.194
4895.6;0.269
4896.1;0.297
4896.6;0.225
4897.1;0.057
4897.6;0.225
4898.1;0.264
4898.6;0.094
4899.1;0.227
4899.6;0.2
4900.1;0.117
4900.6;0.141
4901.1;0.493
4901.6;0.357
4902.1;0.137
4902.6;0.463
4903.1;0.246
4903.6;0.523
4904.1;0.086
4904.6;0.417
4905.1;0.355
4905.6;0.367
4906.1;0.364
4906.6;0.279
4907.1;0.371
4907.6;0.298
4908.1;0.062
4908.6;0.325
4909.1;0.355
4909.6;0.367
4910.1;0.151
4910.6;0.154
4911.1;0.779
4911.6;0.184
4912.1;0.167
4912.6;0.15
4913.1;0.245
4913.6;0.363
4914.1;0.073
4914.6;0.301
4915.1;0.544
4915.6;0.164
4916.1;0.118
4916.6;0.061
4917.1;0.305
4917.6;0.56
4918.1;0.605
4918.6;0.184
4919.1;0.458
4919.6;0.482
4920.1;0.12
4920.6;0.527
4921.1;0.31
4921.6;0.132
4922.1;0.538
4922.6;0.571
4923.1;0.51
4923.6;0.259
4924.1;0.247
4924.6;0.322
4925.1;0.672
4925.6;0.172
4926.1;0.653
4926.6;0.257
4927.1;0.179
4927.6;0.398
4928.1;0.233
4928.6;0.37
4929.1;0.331
4929.6;0.293
4930.1;0.442
4930.6;0.345
4931.1;0.456
4931.6;0.23
4932.1;0.231
4932.6;0.496
4933.1;0.196
4933.6;0.327
4934.1;0.167
4934.6;0.089
4935.1;0.315
4935.6;0.296
4936.1;0.202
4936.6;0.378
4937.1;0.216
4937.6;0.241
4938.1;0.4
4938.6;0.106
4939.1;0.126
4939.6;0.183
4940.1;0.091
4940.6;0.327
4941.1;0.256
4941.6;0.205
4942.1;0.245
4942.6;0.284
4943.1;0.387
4943.6;0.219
4944.1;0.325
4944.6;0.357
4945.1;0.343
4945.6;0.192
4946.1;0.096
4946.6;0.198
4947.1;0.418
4947.6;0.21
4948.1;0.135
4948.6;0.362
4949.1;0.076
4949.6;0.307
4950.1;0.135
4950.6;0.132
4951.1;0.265
4951.6;0.246
4952.1;0.329
4952.6;0.285
4953.1;0.278
4953.6;0.219
4954.1;0.342
4954.6;0.112
4955.1;0.302
4955.6;0.364
4956.1;0.356
4956.6;0.162
4957.1;0.54
4957.6;0.564
4958.1;0.349
4958.6;0.203
4959.1;0.182
4959.6;0.072
4960.1;0.48
4960.6;0.265
4961.1;0.375
4961.6;0.092
4962.1;0.296
4962.6;0.431
4963.1;0.366
4963.6;0.481
4964.1;0.217
4964.6;0.311
4965.1;0.579
4965.6;0.186
4966.1;0.181
4966.6;0.328
4967.1;0.453
4967.6;0.259
4968.1;0.046
4968.6;0.381
4969.1;0.242
4969.6;0.47
4970.1;0.42
4970.6;0.352
4971.1;0.548
4971.6;0.32
4972.1;0.206
4972.6;0.245
4973.1;0.139
4973.6;0.257
4974.1;0.239
4974.6;0.088
4975.1;0.42
4975.6;0.077
4976.1;0.287
4976.6;0.298
4977.1;0.081
4977.6;0.313
4978.1;0.155
4978.6;0.224
4979.1;0.546
4979.6;0.587
4980.1;0.353
4980.6;0.218
4981.1;0.307
4981.6;0.438
4982.1;0.458
4982.6;0.256
4983.1;0.347
4983.6;0.174
4984.1;0.087
4984.6;0.679
4985.1;0.343
4985.6;0.325
4986.1;0.46
4986.6;0.38
4987.1;0.298
4987.6;0.375
4988.1;0.484
4988.6;0.224
4989.1;0.097
4989.6;0.252
4990.1;0.177
4990.6;0.076
4991.1;0.566
4991.6;0.292
4992.1;0.431
4992.6;0.088
4993.1;0.331
4993.6;0.188
4994.1;0.369
4994.6;0.083
4995.1;0.07
4995.6;0.436
4996.1;0.655
4996.6;0.461
4997.1;0.345
4997.6;0.569
4998.1;0.357
4998.6;0.177
4999.1;0.584
4999.6;0.15
5000.1;0.273
5000.6;0.188
5001.1;0.26
5001.6;0.165
5002.1;0.118
5002.6;0.696
5003.1;0.28
5003.6;0.504
5004.1;0.223
5004.6;0.432
5005.1;0.343
5005.6;0.414
5006.1;0.352
5006.6;0.299
5007.1;0.115
5007.6;0.432
5008.1;0.362
5008.6;0.227
5009.1;0.293
5009.6;0.389
5010.1;0.227
5010.6;0.356
5011.1;0.507
5011.6;0.463
5012.1;0.523
5012.6;0.197
5013.1;0.154
5013.6;0.676
5014.1;0.714
5014.6;0.213
5015.1;0.334
5015.6;0.081
5016.1;0.229
5016.6;0.042
5017.1;0.104
5017.6;0.301
5018.1;0.293
5018.6;0.202
5019.1;0.43
5019.6;0.401
5020.1;0.087
5020.6;0.49
5021.1;0.277
5021.6;0.252
5022.1;0.094
5022.6;0.23
5023.1;0.133
5023.6;0.268
5024.1;0.197
5024.6;0.216
5025.1;0.115
5025.6;0.467
5026.1;0.358
5026.6;0.026
5027.1;0.39
5027.6;0.105
5028.1;0.115
5028.6;0.245
5029.1;0.171
5029.6;0.228
5030.1;0.08
5030.6;0.276
5031.1;0.142
5031.6;0.23
5032.1;0.192
5032.6;0.01
5033.1;0.133
5033.6;0.325
5034.1;0.124
5034.6;0.187
5035.1;0.338
5035.6;0.108
5036.1;0.25
5036.6;0.037
5037.1;0.203
5037.6;0.258
5038.1;0.358
5038.6;0.286
5039.1;0.284
5039.6;0.239
5040.1;0.187
5040.6;0.244
5041.1;0.221
5041.6;0.222
5042.1;0.099
5042.6;0.22
5043.1;0.042
5043.6;0.236
5044.1;0.206
5044.6;0.167
5045.1;0.039
5045.6;0.072
5046.1;0.459
5046.6;0.363
5047.1;0.298
5047.6;0.169
5048.1;0.361
5048.6;0.158
5049.1;0.249
5049.6;0.186
5050.1;0.262
5050.6;0.16
5051.1;0.318
5051.6;0.42
5052.1;0.209
5052.6;0.426
5053.1;0.271
5053.6;0.414
5054.1;0.343
5054.6;0.724
5055.1;0.183
5055.6;0.376
5056.1;0.491
5056.6;0.679
5057.1;0.457
5057.6;0.597
5058.1;0.402
5058.6;0.262
5059.1;0.26
5059.6;0.085
5060.1;0.376
5060.6;0.301
5061.1;0.325
5061.6;0.469
5062.1;0.48
5062.6;0.304
5063.1;0.389
5063.6;0.417
5064.1;0.344
5064.6;0.436
5065.1;0.242
5065.6;0.143
5066.1;0.611
5066.6;0.189
5067.1;0.199
5067.6;0.257
5068.1;0.158
5068.6;0.235
5069.1;0.211
5069.6;0.238
5070.1;0.443
5070.6;0.204
5071.1;0.061
5071.6;0.448
5072.1;0.268
5072.6;0.306
5073.1;0.242
5073.6;0.129
5074.1;0.163
5074.6;0.472
5075.1;0.083
5075.6;0.383
5076.1;0.319
5076.6;0.36
5077.1;0.079
5077.6;0.239
5078.1;0.337
5078.6;0.42
5079.1;0.34
5079.6;0.234
5080.1;0.075
5080.6;0.261
5081.1;0.234
5081.6;0.162
5082.1;0.067
5082.6;0.263
5083.1;0.118
5083.6;0.086
5084.1;0.389
5084.6;0.241
5085.1;0.246
5085.6;0.683
5086.1;0.72
5086.6;0.544
5087.1;0.163
5087.6;0.238
5088.1;0.16
5088.6;0.267
5089.1;0.398
5089.6;0.245
5090.1;0.51
5090.6;0.396
5091.1;0.452
5091.6;0.589
5092.1;0.704
5092.6;0.428
5093.1;0.382
5093.6;0.688
5094.1;0.417
5094.6;0.586
5095.1;0.321
5095.6;0.553
5096.1;0.197
5096.6;0.253
5097.1;0.361
5097.6;0.42
5098.1;0.121
5098.6;0.207
5099.1;0.131
5099.6;0.192
5100.1;0.626
5100.6;0.262
5101.1;0.229
5101.6;0.705
5102.1;0.499
5102.6;0.241
5103.1;0.594
5103.6;0.135
5104.1;0.345
5104.6;0.378
5105.1;0.459
5105.6;0.36
5106.1;0.183
5106.6;0.265
5107.1;0.571
5107.6;0.336
5108.1;0.107
5108.6;0.338
5109.1;0.307
5109.6;0.202
5110.1;0.393
5110.6;0.243
5111.1;0.5
5111.6;0.183
5112.1;0.252
5112.6;0.48
5113.1;0.206
5113.6;0.256
5114.1;0.432
5114.6;0.54
5115.1;0.578
5115.6;0.462
5116.1;0.216
5116.6;0.294
5117.1;0.172
5117.6;0.33
5118.1;0.302
5118.6;0.193
5119.1;0.116
5119.6;0.241
5120.1;0.128
5120.6;0.077
5121.1;0.426
5121.6;0.43
5122.1;0.212
5122.6;0.227
5123.1;0.558
5123.6;0.505
5124.1;0.351
5124.6;0.257
5125.1;0.187
5125.6;0.227
5126.1;0.197
5126.6;0.096
5127.1;0.38
5127.6;0.253
5128.1;0.224
5128.6;0.639
5129.1;0.553
5129.6;0.131
5130.1;0.21
5130.6;0.315
5131.1;0.303
5131.6;0.152
5132.1;0.468
5132.6;0.345
5133.1;0.775
5133.6;0.716
5134.1;0.322
5134.6;0.73
5135.1;0.451
5135.6;0.086
5136.1;0.125
5136.6;0.013
5137.1;0.418
5137.6;0.446
5138.1;0.315
5138.6;0.407
5139.1;0.482
5139.6;0.385
5140.1;0.192
5140.6;0.233
5141.1;0.176
5141.6;0.203
5142.1;0.323
5142.6;0.083
5143.1;0.089
5143.6;0.246
5144.1;0.25
5144.6;0.267
5145.1;0.282
5145.6;0.273
5146.1;0.42
5146.6;0.36
5147.1;0.187
5147.6;0.127
5148.1;0.152
5148.6;0.318
5149.1;0.188
5149.6;0.469
5150.1;0.63
5150.6;0.522
5151.1;0.35
5151.6;0.558
5152.1;0.249
5152.6;0.343
5153.1;0.349
5153.6;0.245
5154.1;0.053
5154.6;0.147
5155.1;0.35
5155.6;0.241
5156.1;0.052
5156.6;0.207
5157.1;0.316
5157.6;0.38
5158.1;0.084
5158.6;0.469
5159.1;0.254
5159.6;0.028
5160.1;0.309
5160.6;0.172
5161.1;0.077
5161.6;0.312
5162.1;0.329
5162.6;0.129
5163.1;0.444
5163.6;0.279
5164.1;0.398
5164.6;1.035
5165.1;0.635
5165.6;0.389
5166.1;0.212
5166.6;0.143
5167.1;0.099
5167.6;0.659
5168.1;0.145
5168.6;0.257
5169.1;0.225
5169.6;0.173
5170.1;0.224
5170.6;0.275
5171.1;0.237
5171.6;0.421
5172.1;0.298
5172.6;0.082
5173.1;0.191
5173.6;0.362
5174.1;0.103
5174.6;0.406
5175.1;0.288
5175.6;0.087
5176.1;0.115
5176.6;0.589
5177.1;0.406
5177.6;0.608
5178.1;0.499
5178.6;0.22
5179.1;0.317
5179.6;0.168
5180.1;0.305
5180.6;0.192
5181.1;0.238
5181.6;0.574
5182.1;0.077
5182.6;0.464
5183.1;0.454
5183.6;0.557
5184.1;0.522
5184.6;0.305
5185.1;0.444
5185.6;0.341
5186.1;0.041
5186.6;0.197
5187.1;0.396
5187.6;0.132
5188.1;0.161
5188.6;0.443
5189.1;0.252
5189.6;0.259
5190.1;0.268
5190.6;0.829
5191.1;0.686
5191.6;0.219
5192.1;0.306
5192.6;0.577
5193.1;0.25
5193.6;0.082
5194.1;0.448
5194.6;0.217
5195.1;0.523
5195.6;0.312
5196.1;0.352
5196.6;0.461
5197.1;0.28
5197.6;0.389
5198.1;0.53
5198.6;0.341
5199.1;0.479
5199.6;0.286
5200.1;0.402
5200.6;0.514
5201.1;0.858
5201.6;0.261
5202.1;0.058
5202.6;0.235
5203.1;0.17
5203.6;0.241
5204.1;0.511
5204.6;0.354
5205.1;0.498
5205.6;0.413
5206.1;0.494
5206.6;0.264
5207.1;0.425
5207.6;0.529
5208.1;0.449
5208.6;0.064
5209.1;0.575
5209.6;0.166
5210.1;0.169
5210.6;0.107
5211.1;0.549
5211.6;0.527
5212.1;0.247
5212.6;0.277
5213.1;0.343
5213.6;0.338
5214.1;0.233
5214.6;0.524
5215.1;0.212
5215.6;0.166
5216.1;0.598
5216.6;0.188
5217.1;0.545
5217.6;0.277
5218.1;0.221
5218.6;0.472
5219.1;0.332
5219.6;0.482
5220.1;0.378
5220.6;0.295
5221.1;0.197
5221.6;0.54
5222.1;0.053
5222.6;0.522
5223.1;0.125
5223.6;0.189
5224.1;0.056
5224.6;0.411
5225.1;0.052
5225.6;0.175
5226.1;0.51
5226.6;0.403
5227.1;0.374
5227.6;0.092
5228.1;0.323
5228.6;0.158
5229.1;0.225
5229.6;0.315
5230.1;0.494
5230.6;0.495
5231.1;0.171
5231.6;0.283
5232.1;0.142
5232.6;0.196
5233.1;0.475
5233.6;0.345
5234.1;0.262
5234.6;0.381
5235.1;0.254
5235.6;0.116
5236.1;0.57
5236.6;0.242
5237.1;0.375
5237.6;0.446
5238.1;0.542
5238.6;0.449
5239.1;0.145
5239.6;0.395
5240.1;0.634
5240.6;0.058
5241.1;0.048
5241.6;0.413
5242.1;0.367
5242.6;0.154
5243.1;0.236
5243.6;0.257
5244.1;0.567
5244.6;0.662
5245.1;0.126
5245.6;0.548
5246.1;0.593
5246.6;0.484
5247.1;0.327
5247.6;0.475
5248.1;0.324
5248.6;0.377
5249.1;0.06
5249.6;0.339
5250.1;0.138
5250.6;0.082
5251.1;0.351
5251.6;0.306
5252.1;0.533
5252.6;0.403
5253.1;0.316
5253.6;0.37
5254.1;0.129
5254.6;0.51
5255.1;0.235
5255.6;0.162
5256.1;0.369
5256.6;0.133
5257.1;0.343
5257.6;0.305
5258.1;0.313
5258.6;0.222
5259.1;0.24
5259.6;0.284
5260.1;0.185
5260.6;0.508
5261.1;0.512
5261.6;0.206
5262.1;0.015
5262.6;0.079
5263.1;0.216
5263.6;0.098
5264.1;0.139
5264.6;0.293
5265.1;0.294
5265.6;0.061
5266.1;0.291
5266.6;0.138
5267.1;0.201
5267.6;0.331
5268.1;0.258
5268.6;0.087
5269.1;0.269
5269.6;0.236
5270.1;0.145
5270.6;0.212
5271.1;0.13
5271.6;0.129
5272.1;0.406
5272.6;0.095
5273.1;0.187
5273.6;0.039
5274.1;0.19
5274.6;0.138
5275.1;0.408
5275.6;0.216
5276.1;0.516
5276.6;0.161
5277.1;0.25
5277.6;0.437
5278.1;0.148
5278.6;0.252
5279.1;0.263
5279.6;0.215
5280.1;0.256
5280.6;0.34
5281.1;0.514
5281.6;0.296
5282.1;0.388
5282.6;0.241
5283.1;0.114
5283.6;0.35
5284.1;0.024
5284.6;0.405
5285.1;0.082
5285.6;0.437
5286.1;0.211
5286.6;0.101
5287.1;0.495
5287.6;0.142
5288.1;0.275
5288.6;0.502
5289.1;0.054
5289.6;0.323
5290.1;0.366
5290.6;0.301
5291.1;0.368
5291.6;0.203
5292.1;0.306
5292.6;0.544
5293.1;0.211
5293.6;0.357
5294.1;0.273
5294.6;0.254
5295.1;0.318
5295.6;0.547
5296.1;0.335
5296.6;1.141
5297.1;0.841
5297.6;0.535
5298.1;0.355
5298.6;0.157
5299.1;0.34
5299.6;0.089
5300.1;0.315
5300.6;0.569
5301.1;0.687
5301.6;0.389
5302.1;0.392
5302.6;0.153
5303.1;0.408
5303.6;0.156
5304.1;0.562
5304.6;0.33
5305.1;0.455
5305.6;0.195
5306.1;0.334
5306.6;0.563
5307.1;0.497
5307.6;0.258
5308.1;0.219
5308.6;0.4
5309.1;0.07
5309.6;0.251
5310.1;0.346
5310.6;0.333
5311.1;0.365
5311.6;0.195
5312.1;0.204
5312.6;0.441
5313.1;0.667
5313.6;0.358
5314.1;0.443
5314.6;0.481
5315.1;0.494
5315.6;1.022
5316.1;0.154
5316.6;0.101
5317.1;0.135
5317.6;0.348
5318.1;0.165
5318.6;0.226
5319.1;0.136
5319.6;0.403
5320.1;0.21
5320.6;0.64
5321.1;0.554
5321.6;0.314
5322.1;0.283
5322.6;0.192
5323.1;0.269
5323.6;0.511
5324.1;0.433
5324.6;0.448
5325.1;0.261
5325.6;0.199
5326.1;0.215
5326.6;0.056
5327.1;0.313
5327.6;0.383
5328.1;0.309
5328.6;0.391
5329.1;0.094
5329.6;0.297
5330.1;0.13
5330.6;0.346
5331.1;0.091
5331.6;0.218
5332.1;0.299
5332.6;0.081
5333.1;0.515
5333.6;0.204
5334.1;0.211
5334.6;0.245
5335.1;0.187
5335.6;0.278
5336.1;0.322
5336.6;0.35
5337.1;0.172
5337.6;0.247
5338.1;0.496
5338.6;0.376
5339.1;0.153
5339.6;0.122
5340.1;0.08
5340.6;0.094
5341.1;0.27
5341.6;0.291
5342.1;0.149
5342.6;0.295
5343.1;0.519
5343.6;0.195
5344.1;0.355
5344.6;0.231
5345.1;0.321
5345.6;0.335
5346.1;0.229
5346.6;0.386
5347.1;0.35
5347.6;0.273
5348.1;0.519
5348.6;0.254
5349.1;0.079
5349.6;0.107
5350.1;0.177
5350.6;0.158
5351.1;0.321
5351.6;0.462
5352.1;0.126
5352.6;0.296
5353.1;0.392
5353.6;0.409
5354.1;0.224
5354.6;0.232
5355.1;0.359
5355.6;0.449
5356.1;0.22
5356.6;0.005
5357.1;0.096
5357.6;0.108
5358.1;0.653
5358.6;0.536
5359.1;0.495
5359.6;0.163
5360.1;0.102
5360.6;0.588
5361.1;0.352
5361.6;0.174
5362.1;0.451
5362.6;0.343
5363.1;0.6
5363.6;0.162
5364.1;0.269
5364.6;0.643
5365.1;0.256
5365.6;0.437
5366.1;0.147
5366.6;0.368
5367.1;0.847
5367.6;0.366
5368.1;0.554
5368.6;0.244
5369.1;0.389
5369.6;0.47
5370.1;0.309
5370.6;0.102
5371.1;0.115
5371.6;0.161
5372.1;0.464
5372.6;0.217
5373.1;0.513
5373.6;0.471
5374.1;0.459
5374.6;0.437
5375.1;0.131
5375.6;0.231
5376.1;0.233
5376.6;0.407
5377.1;0.517
5377.6;0.211
5378.1;0.882
5378.6;0.906
5379.1;0.914
5379.6;0.737
5380.1;0.637
5380.6;0.568
5381.1;0.325
5381.6;0.57
5382.1;0.339
5382.6;0.422
5383.1;0.422
5383.6;0.126
5384.1;0.371
5384.6;0.316
5385.1;0.544
5385.6;0.284
5386.1;0.547
5386.6;0.72
5387.1;0.248
5387.6;0.544
5388.1;0.813
5388.6;0.809
5389.1;0.615
5389.6;0.301
5390.1;0.588
5390.6;0.428
5391.1;0.082
5391.6;0.444
5392.1;0.359
5392.6;0.495
5393.1;0.758
5393.6;0.441
5394.1;0.682
5394.6;0.801
5395.1;0.41
5395.6;0.495
5396.1;0.37
5396.6;0.2
5397.1;0.15
5397.6;0.252
5398.1;0.194
5398.6;0.129
5399.1;0.387
5399.6;0.31
5400.1;0.443
5400.6;0.151
5401.1;0.281
5401.6;0.304
5402.1;0.531
5402.6;0.461
5403.1;0.547
5403.6;0.242
5404.1;0.13
5404.6;0.033
5405.1;0.322
5405.6;0.264
5406.1;0.182
5406.6;0.106
5407.1;0.11
5407.6;0.167
5408.1;0.433
5408.6;0.159
5409.1;0.178
5409.6;0.406
5410.1;0.281
5410.6;0.263
5411.1;0.283
5411.6;0.402
5412.1;0.353
5412.6;0.321
5413.1;0.077
5413.6;0.038
5414.1;0.237
5414.6;0.399
5415.1;0.306
5415.6;0.253
5416.1;0.391
5416.6;0.294
5417.1;0.324
5417.6;0.946
5418.1;0.215
5418.6;0.168
5419.1;0.111
5419.6;0.362
5420.1;0.218
5420.6;0.139
5421.1;0.31
5421.6;0.206
5422.1;0.392
5422.6;0.17
5423.1;0.539
5423.6;0.446
5424.1;0.285
5424.6;0.277
5425.1;0.084
5425.6;0.214
5426.1;0.243
5426.6;0.371
5427.1;0.435
5427.6;0.182
5428.1;0.351
5428.6;0.341
5429.1;0.379
5429.6;0.324
5430.1;0.49
5430.6;0.071
5431.1;0.392
5431.6;0.208
5432.1;0.127
5432.6;0.247
5433.1;0.123
5433.6;0.217
5434.1;0.204
5434.6;0.209
5435.1;0.085
5435.6;0.148
5436.1;0.278
5436.6;0.421
5437.1;0.369
5437.6;0.325
5438.1;0.088
5438.6;0.519
5439.1;0.075
5439.6;0.08
5440.1;0.097
5440.6;0.504
5441.1;0.347
5441.6;0.321
5442.1;0.521
5442.6;0.067
5443.1;0.154
5443.6;0.086
5444.1;0.308
5444.6;0.229
5445.1;0.202
5445.6;0.389
5446.1;0.231
5446.6;0.346
5447.1;0.208
5447.6;0.491
5448.1;0.369
5448.6;0.319
5449.1;0.254
5449.6;0.377
5450.1;0.411
5450.6;0.284
5451.1;0.26
5451.6;0.373
5452.1;0.967
5452.6;0.15
5453.1;0.279
5453.6;0.201
5454.1;0.425
5454.6;0.087
5455.1;0.157
5455.6;0.741
5456.1;0.191
5456.6;0.55
5457.1;0.476
5457.6;0.325
5458.1;0.231
5458.6;0.28
5459.1;0.518
5459.6;0.193
5460.1;0.399
5460.6;0.211
5461.1;0.379
5461.6;0.154
5462.1;0.146
5462.6;0.384
5463.1;0.367
5463.6;0.288
5464.1;0.342
5464.6;0.292
5465.1;0.212
5465.6;0.115
5466.1;0.683
5466.6;0.789
5467.1;0.234
5467.6;0.519
5468.1;0.271
5468.6;0.181
5469.1;0.269
5469.6;0.714
5470.1;0.461
5470.6;0.38
5471.1;0.596
5471.6;0.209
5472.1;0.746
5472.6;0.681
5473.1;0.092
5473.6;0.335
5474.1;0.631
5474.6;0.22
5475.1;0.71
5475.6;0.442
5476.1;0.197
5476.6;0.212
5477.1;0.621
5477.6;0.258
5478.1;0.342
5478.6;0.453
5479.1;0.448
5479.6;0.5
5480.1;0.521
5480.6;0.722
5481.1;0.958
5481.6;0.419
5482.1;0.297
5482.6;0.416
5483.1;0.419
5483.6;0.094
5484.1;0.807
5484.6;0.447
5485.1;0.412
5485.6;0.731
5486.1;0.753
5486.6;0.225
5487.1;0.643
5487.6;0.09
5488.1;0.684
5488.6;0.269
5489.1;0.366
5489.6;0.642
5490.1;0.092
5490.6;0.506
5491.1;0.433
5491.6;0.199
5492.1;0.344
5492.6;0.46
5493.1;0.674
5493.6;0.346
5494.1;0.598
5494.6;0.676
5495.1;0.468
5495.6;0.593
5496.1;0.425
5496.6;0.096
5497.1;0.554
5497.6;0.564
5498.1;0.649
5498.6;0.374
5499.1;0.069
5499.6;0.525
5500.1;0.443
5500.6;0.675
5501.1;0.542
5501.6;0.418
5502.1;0.367
5502.6;0.852
5503.1;0.714
5503.6;0.713
5504.1;0.717
5504.6;0.714
5505.1;0.677
5505.6;0.493
5506.1;0.483
5506.6;0.452
5507.1;0.264
5507.6;0.908
5508.1;0.713
5508.6;0.376
5509.1;0.362
5509.6;0.317
5510.1;0.347
5510.6;0.414
5511.1;0.961
5511.6;1.364
5512.1;0.748
5512.6;0.721
5513.1;1.068
5513.6;0.616
5514.1;1.338
5514.6;0.852
5515.1;0.451
5515.6;0.549
5516.1;0.458
5516.6;0.746
5517.1;1.217
5517.6;1.546
5518.1;1.107
5518.6;0.825
5519.1;0.808
5519.6;0.274
5520.1;0.229
5520.6;0.479
5521.1;1.148
5521.6;0.763
5522.1;0.402
5522.6;1.375
5523.1;0.81
5523.6;0.858
5524.1;0.715
5524.6;0.38
5525.1;0.408
5525.6;0.508
5526.1;1.247
5526.6;0.434
5527.1;0.994
5527.6;1.235
5528.1;1.503
5528.6;0.442
5529.1;0.823
5529.6;0.697
5530.1;0.575
5530.6;0.951
5531.1;0.475
5531.6;0.924
5532.1;0.431
5532.6;1.083
5533.1;0.765
5533.6;0.578
5534.1;0.047
5534.6;0.357
5535.1;0.107
5535.6;0.936
5536.1;0.324
5536.6;0.367
5537.1;0.419
5537.6;1.146
5538.1;0.792
5538.6;0.922
5539.1;0.168
5539.6;0.775
5540.1;0.508
5540.6;1.008
5541.1;0.383
5541.6;0.173
5542.1;0.984
5542.6;0.929
5543.1;0.267
5543.6;0.656
5544.1;0.541
5544.6;0.298
5545.1;0.597
5545.6;0.702
5546.1;0.35
5546.6;0.625
5547.1;0.499
5547.6;0.259
5548.1;0.539
5548.6;0.68
5549.1;0.505
5549.6;0.441
5550.1;0.616
5550.6;0.799
5551.1;0.439
5551.6;0.581
5552.1;1.004
5552.6;0.605
5553.1;0.496
5553.6;0.569
5554.1;0.28
5554.6;0.354
5555.1;0.601
5555.6;0.436
5556.1;0.445
5556.6;0.6
5557.1;0.494
5557.6;0.683
5558.1;0.335
5558.6;0.56
5559.1;0.2
5559.6;0.178
5560.1;0.443
5560.6;0.695
5561.1;0.552
5561.6;0.492
5562.1;0.211
5562.6;0.544
5563.1;0.529
5563.6;0.2
5564.1;0.461
5564.6;0.398
5565.1;0.351
5565.6;0.094
5566.1;0.358
5566.6;0.263
5567.1;0.265
5567.6;0.569
5568.1;0.852
5568.6;0.791
5569.1;0.766
5569.6;0.076
5570.1;0.945
5570.6;0.262
5571.1;0.449
5571.6;0.502
5572.1;0.685
5572.6;0.603
5573.1;0.191
5573.6;0.279
5574.1;0.642
5574.6;0.142
5575.1;0.208
5575.6;0.302
5576.1;0.429
5576.6;0.777
5577.1;0.127
5577.6;0.437
5578.1;0.091
5578.6;0.502
5579.1;0.133
5579.6;0.259
5580.1;0.253
5580.6;0.596
5581.1;0.348
5581.6;0.297
5582.1;0.577
5582.6;0.307
5583.1;0.034
5583.6;0.446
5584.1;0.496
5584.6;0.249
5585.1;0.425
5585.6;0.583
5586.1;0.336
5586.6;0.127
5587.1;0.368
5587.6;0.419
5588.1;0.488
5588.6;0.221
5589.1;0.119
5589.6;0.239
5590.1;0.161
5590.6;0.214
5591.1;0.337
5591.6;0.066
5592.1;0.289
5592.6;0.299
5593.1;0.14
5593.6;0.243
5594.1;0.426
5594.6;0.19
5595.1;0.173
5595.6;0.605
5596.1;0.436
5596.6;0.21
5597.1;0.135
5597.6;0.115
5598.1;0.656
5598.6;0.229
5599.1;0.515
5599.6;0.564
5600.1;0.636
5600.6;0.219
5601.1;0.629
5601.6;0.408
5602.1;0.195
5602.6;0.466
5603.1;0.088
5603.6;0.219
5604.1;0.469
5604.6;0.479
5605.1;0.564
5605.6;0.616
5606.1;0.498
5606.6;0.061
5607.1;0.015
5607.6;1.097
5608.1;0.298
5608.6;0.248
5609.1;0.457
5609.6;0.319
5610.1;0.201
5610.6;0.466
5611.1;0.093
5611.6;0.158
5612.1;0.399
5612.6;0.474
5613.1;0.185
5613.6;0.698
5614.1;0.219
5614.6;0.642
5615.1;0.601
5615.6;0.135
5616.1;0.128
5616.6;0.431
5617.1;0.126
5617.6;0.637
5618.1;0.073
5618.6;0.045
5619.1;0.231
5619.6;0.471
5620.1;0.608
5620.6;0.214
5621.1;0.082
5621.6;0.454
5622.1;0.287
5622.6;0.243
5623.1;0.467
5623.6;0.525
5624.1;0.181
5624.6;0.423
5625.1;0.373
5625.6;0.717
5626.1;0.111
5626.6;0.415
5627.1;0.247
5627.6;0.411
5628.1;0.303
5628.6;0.696
5629.1;0.774
5629.6;0.275
5630.1;0.25
5630.6;0.906
5631.1;0.264
5631.6;0.604
5632.1;0.365
5632.6;0.521
5633.1;0.141
5633.6;0.28
5634.1;0.207
5634.6;0.63
5635.1;0.145
5635.6;0.304
5636.1;0.361
5636.6;0.304
5637.1;0.367
5637.6;0.458
5638.1;0.416
5638.6;0.552
5639.1;0.256
5639.6;0.47
5640.1;0.281
5640.6;0.616
5641.1;0.089
5641.6;0.162
5642.1;0.432
5642.6;0.785
5643.1;0.405
5643.6;0.286
5644.1;0.058
5644.6;0.195
5645.1;0.277
5645.6;0.548
5646.1;0.44
5646.6;0.166
5647.1;0.573
5647.6;0.723
5648.1;0.69
5648.6;0.638
5649.1;1.036
5649.6;1.243
5650.1;0.835
5650.6;0.59
5651.1;0.153
5651.6;0.145
5652.1;0.499
5652.6;0.509
5653.1;0.193
5653.6;0.339
5654.1;0.335
5654.6;0.607
5655.1;0.198
5655.6;0.447
5656.1;0.571
5656.6;0.355
5657.1;0.181
5657.6;0.246
5658.1;0.256
5658.6;0.184
5659.1;0.366
5659.6;0.227
5660.1;0.327
5660.6;0.1
5661.1;0.454
5661.6;0.35
5662.1;0.299
5662.6;0.306
5663.1;0.522
5663.6;0.275
5664.1;0.127
5664.6;0.227
5665.1;0.204
5665.6;0.038
5666.1;0.053
5666.6;0.187
5667.1;0.135
5667.6;0.133
5668.1;0.363
5668.6;0.053
5669.1;0.322
5669.6;0.282
5670.1;0.664
5670.6;0.049
5671.1;0.439
5671.6;0.207
5672.1;0.169
5672.6;0.26
5673.1;0.482
5673.6;0.204
5674.1;0.371
5674.6;0.38
5675.1;0.133
5675.6;0.129
5676.1;0.211
5676.6;0.257
5677.1;0.402
5677.6;0.32
5678.1;0.385
5678.6;0.085
5679.1;0.249
5679.6;0.165
5680.1;0.035
5680.6;0.289
5681.1;0.189
5681.6;0.058
5682.1;0.216
5682.6;0.481
5683.1;0.156
5683.6;0.377
5684.1;0.164
5684.6;0.292
5685.1;0.06
5685.6;0.45
5686.1;0.083
5686.6;0.428
5687.1;0.435
5687.6;0.453
5688.1;0.455
5688.6;0.372
5689.1;0.421
5689.6;0.495
5690.1;0.511
5690.6;0.405
5691.1;0.537
5691.6;0.16
5692.1;0.359
5692.6;0.19
5693.1;0.597
5693.6;0.336
5694.1;0.131
5694.6;0.298
5695.1;0.433
5695.6;0.185
5696.1;0.471
5696.6;0.39
5697.1;0.154
5697.6;0.655
5698.1;0.114
5698.6;0.498
5699.1;0.556
5699.6;0.385
5700.1;0.428
5700.6;0.379
5701.1;0.38
5701.6;0.343
5702.1;0.782
5702.6;0.257
5703.1;0.225
5703.6;0.05
5704.1;0.182
5704.6;0.523
5705.1;0.694
5705.6;0.127
5706.1;0.469
5706.6;0.907
5707.1;1.089
5707.6;0.544
5708.1;0.309
5708.6;0.618
5709.1;0.54
5709.6;0.379
5710.1;0.257
5710.6;0.321
5711.1;0.511
5711.6;0.303
5712.1;0.459
5712.6;0.402
5713.1;0.58
5713.6;0.294
5714.1;0.367
5714.6;0.719
5715.1;1.005
5715.6;0.726
5716.1;0.612
5716.6;0.659
5717.1;0.577
5717.6;0.276
5718.1;0.173
5718.6;0.162
5719.1;0.403
5719.6;0.072
5720.1;0.277
5720.6;0.49
5721.1;0.152
5721.6;0.414
5722.1;0.251
5722.6;0.308
5723.1;0.391
5723.6;0.017
5724.1;0.611
5724.6;0.456
5725.1;0.207
5725.6;0.587
5726.1;0.421
5726.6;0.465
5727.1;0.236
5727.6;0.191
5728.1;0.144
5728.6;0.454
5729.1;0.078
5729.6;0.155
5730.1;0.212
5730.6;0.388
5731.1;0.203
5731.6;0.347
5732.1;0.106
5732.6;0.044
5733.1;0.235
5733.6;0.11
5734.1;0.168
5734.6;0.417
5735.1;0.098
5735.6;0.305
5736.1;0.599
5736.6;0.326
5737.1;0.064
5737.6;0.199
5738.1;0.347
5738.6;0.559
5739.1;0.196
5739.6;0.429
5740.1;0.562
5740.6;0.249
5741.1;0.107
5741.6;0.033
5742.1;0.122
5742.6;0.364
5743.1;0.267
5743.6;0.381
5744.1;0.319
5744.6;0.298
5745.1;0.199
5745.6;0.245
5746.1;0.234
5746.6;0.154
5747.1;0.288
5747.6;0.456
5748.1;0.033
5748.6;0.215
5749.1;0.139
5749.6;0.25
5750.1;0.237
5750.6;0.103
5751.1;0.164
5751.6;0.208
5752.1;0.46
5752.6;0.188
5753.1;0.257
5753.6;0.212
5754.1;0.319
5754.6;0.049
5755.1;0.311
5755.6;0.414
5756.1;0.328
5756.6;0.836
5757.1;0.508
5757.6;0.328
5758.1;0.397
5758.6;0.221
5759.1;0.205
5759.6;0.419
5760.1;0.176
5760.6;0.448
5761.1;0.441
5761.6;0.12
5762.1;0.38
5762.6;0.444
5763.1;0.099
5763.6;0.386
5764.1;0.122
5764.6;0.297
5765.1;0.238
5765.6;0.179
5766.1;0.251
5766.6;0.255
5767.1;0.326
5767.6;0.224
5768.1;0.365
5768.6;0.31
5769.1;0.139
5769.6;0.728
5770.1;0.059
5770.6;0.445
5771.1;0.215
5771.6;0.429
5772.1;0.339
5772.6;0.673
5773.1;0.217
5773.6;0.602
5774.1;0.141
5774.6;0.276
5775.1;0.298
5775.6;0.353
5776.1;0.313
5776.6;0.26
5777.1;0.799
5777.6;0.392
5778.1;0.189
5778.6;0.429
5779.1;0.661
5779.6;0.601
5780.1;0.171
5780.6;0.377
5781.1;0.527
5781.6;0.773
5782.1;0.363
5782.6;0.709
5783.1;0.168
5783.6;0.147
5784.1;0.09
5784.6;0.348
5785.1;0.284
5785.6;0.236
5786.1;0.161
5786.6;0.272
5787.1;0.432
5787.6;0.172
5788.1;0.346
5788.6;0.717
5789.1;0.244
5789.6;0.188
5790.1;0.147
5790.6;0.488
5791.1;0.284
5791.6;0.641
5792.1;0.488
5792.6;0.135
5793.1;0.51
5793.6;0.373
5794.1;0.412
5794.6;0.279
5795.1;0.425
5795.6;0.451
5796.1;0.385
5796.6;0.425
5797.1;0.352
5797.6;0.464
5798.1;0.272
5798.6;0.264
5799.1;0.564
5799.6;0.117
5800.1;0.148
5800.6;0.116
5801.1;0.113
5801.6;0.249
5802.1;0.426
5802.6;0.28
5803.1;0.017
5803.6;0.245
5804.1;0.357
5804.6;0.421
5805.1;0.267
5805.6;0.285
5806.1;0.208
5806.6;0.299
5807.1;0.27
5807.6;0.403
5808.1;0.376
5808.6;0.186
5809.1;0.094
5809.6;0.152
5810.1;0.092
5810.6;0.084
5811.1;0.097
5811.6;0.127
5812.1;0.096
5812.6;0.114
5813.1;0.033
5813.6;0.137
5814.1;0.169
5814.6;0.151
5815.1;0.185
5815.6;0.347
5816.1;0.056
5816.6;0.155
5817.1;0.041
5817.6;0.134
5818.1;0.224
5818.6;0.125
5819.1;0.046
5819.6;0.2
5820.1;0.165
5820.6;0.195
5821.1;0.321
5821.6;0.148
5822.1;0.145
5822.6;0.329
5823.1;0.165
5823.6;0.098
5824.1;0.264
5824.6;0.203
5825.1;0.305
5825.6;0.124
5826.1;0.183
5826.6;0.128
5827.1;0.153
5827.6;0.079
5828.1;0.303
5828.6;0.155
5829.1;0.062
5829.6;0.274
5830.1;0.073
5830.6;0.133
5831.1;0.167
5831.6;0.223
5832.1;0.329
5832.6;0.239
5833.1;0.346
5833.6;0.252
5834.1;0.17
5834.6;0.302
5835.1;0.261
5835.6;0.292
5836.1;0.553
5836.6;0.242
5837.1;0.13
5837.6;0.057
5838.1;0.16
5838.6;0.151
5839.1;0.474
5839.6;0.618
5840.1;0.069
5840.6;0.167
5841.1;0.282
5841.6;0.229
5842.1;0.419
5842.6;0.278
5843.1;0.229
5843.6;0.479
5844.1;0.531
5844.6;0.331
5845.1;0.289
5845.6;0.553
5846.1;0.185
5846.6;0.085
5847.1;0.332
5847.6;0.081
5848.1;0.384
5848.6;0.683
5849.1;0.273
5849.6;0.206
5850.1;0.193
5850.6;0.188
5851.1;0.133
5851.6;0.244
5852.1;0.198
5852.6;0.379
5853.1;0.248
5853.6;0.198
5854.1;0.283
5854.6;0.027
5855.1;0.046
5855.6;0.083
5856.1;0.139
5856.6;0.35
5857.1;0.553
5857.6;0.22
5858.1;0.131
5858.6;0.422
5859.1;0.138
5859.6;0.382
5860.1;0.245
5860.6;0.133
5861.1;0.468
5861.6;0.235
5862.1;0.176
5862.6;0.33
5863.1;0.228
5863.6;0.195
5864.1;0.157
5864.6;0.231
5865.1;0.058
5865.6;0.194
5866.1;0.159
5866.6;0.345
5867.1;0.465
5867.6;0.169
5868.1;0.233
5868.6;0.25
5869.1;0.218
5869.6;0.36
5870.1;0.429
5870.6;0.306
5871.1;0.208
5871.6;0.084
5872.1;0.513
5872.6;0.292
5873.1;0.136
5873.6;0.256
5874.1;0.192
5874.6;0.174
5875.1;0.245
5875.6;0.341
5876.1;0.129
5876.6;0.172
5877.1;0.18
5877.6;0.095
5878.1;0.096
5878.6;0.253
5879.1;0.168
5879.6;0.101
5880.1;0.158
5880.6;0.172
5881.1;0.092
5881.6;0.292
5882.1;0.521
5882.6;0.521
5883.1;0.492
5883.6;0.472
5884.1;0.62
5884.6;0.393
5885.1;0.36
5885.6;0.475
5886.1;0.31
5886.6;0.296
5887.1;0.112
5887.6;0.068
5888.1;0.514
5888.6;0.216
5889.1;0.287
5889.6;0.475
5890.1;0.165
5890.6;0.056
5891.1;0.134
5891.6;0.217
5892.1;0.131
5892.6;0.359
5893.1;0.164
5893.6;0.683
5894.1;0.307
5894.6;0.154
5895.1;0.163
5895.6;0.222
5896.1;0.354
5896.6;0.209
5897.1;0.454
5897.6;0.34
5898.1;0.373
5898.6;0.146
5899.1;0.473
5899.6;0.239
5900.1;0.48
5900.6;0.563
5901.1;0.484
5901.6;0.197
5902.1;0.547
5902.6;0.362
5903.1;0.525
5903.6;0.374
5904.1;0.213
5904.6;0.265
5905.1;0.527
5905.6;0.511
5906.1;0.246
5906.6;0.526
5907.1;0.223
5907.6;0.354
5908.1;0.406
5908.6;0.341
5909.1;0.764
5909.6;0.989
5910.1;0.237
5910.6;0.129
5911.1;0.1
5911.6;0.94
5912.1;0.423
5912.6;0.578
5913.1;1.182
5913.6;0.804
5914.1;0.413
5914.6;0.464
5915.1;0.523
5915.6;0.107
5916.1;0.186
5916.6;0.484
5917.1;0.311
5917.6;0.06
5918.1;0.233
5918.6;0.402
5919.1;0.21
5919.6;0.171
5920.1;0.437
5920.6;0.248
5921.1;0.684
5921.6;0.405
5922.1;0.609
5922.6;0.501
5923.1;0.121
5923.6;0.411
5924.1;0.237
5924.6;0.09
5925.1;0.302
5925.6;0.187
5926.1;0.359
5926.6;0.394
5927.1;0.572
5927.6;0.443
5928.1;0.387
5928.6;0.114
5929.1;0.027
5929.6;0.319
5930.1;0.321
5930.6;0.561
5931.1;0.44
5931.6;0.411
5932.1;0.31
5932.6;0.162
5933.1;0.263
5933.6;0.193
5934.1;0.49
5934.6;0.273
5935.1;0.255
5935.6;0.514
5936.1;0.277
5936.6;0.662
5937.1;0.322
5937.6;0.202
5938.1;0.222
5938.6;0.145
5939.1;0.123
5939.6;0.201
5940.1;0.028
5940.6;0.208
5941.1;0.469
5941.6;0.248
5942.1;0.47
5942.6;0.226
5943.1;0.337
5943.6;0.187
5944.1;0.337
5944.6;0.574
5945.1;0.471
5945.6;0.21
5946.1;0.295
5946.6;0.254
5947.1;0.324
5947.6;0.203
5948.1;0.255
5948.6;0.22
5949.1;0.263
5949.6;0.808
5950.1;0.398
5950.6;0.12
5951.1;0.544
5951.6;0.288
5952.1;0.318
5952.6;0.026
5953.1;0.269
5953.6;0.631
5954.1;0.641
5954.6;0.141
5955.1;0.326
5955.6;0.106
5956.1;0.096
5956.6;0.528
5957.1;0.094
5957.6;0.296
5958.1;0.239
5958.6;0.505
5959.1;0.406
5959.6;0.494
5960.1;0.314
5960.6;0.554
5961.1;0.55
5961.6;0.275
5962.1;0.144
5962.6;0.587
5963.1;0.268
5963.6;0.179
5964.1;0.531
5964.6;0.624
5965.1;0.629
5965.6;0.268
5966.1;0.476
5966.6;0.232
5967.1;0.427
5967.6;0.472
5968.1;0.628
5968.6;1.007
5969.1;0.375
5969.6;0.399
5970.1;1.106
5970.6;0.842
5971.1;0.27
5971.6;0.723
5972.1;1.37
5972.6;1.065
5973.1;0.276
5973.6;0.629
5974.1;0.913
5974.6;1.091
5975.1;0.298
5975.6;0.886
5976.1;0.977
5976.6;0.716
5977.1;0.47
5977.6;0.132
5978.1;0.739
5978.6;0.509
5979.1;0.367
5979.6;0.683
5980.1;0.785
5980.6;0.246
5981.1;0.321
5981.6;0.184
5982.1;0.207
5982.6;0.775
5983.1;0.794
5983.6;1.09
5984.1;1.11
5984.6;1.019
5985.1;0.549
5985.6;0.29
5986.1;0.103
5986.6;0.428
5987.1;1.036
5987.6;0.22
5988.1;0.312
5988.6;0.613
5989.1;0.283
5989.6;0.111
5990.1;0.316
5990.6;0.77
5991.1;0.639
5991.6;1.099
5992.1;0.814
5992.6;0.835
5993.1;0.595
5993.6;0.552
5994.1;0.176
5994.6;0.196
5995.1;0.532
5995.6;0.6
5996.1;0.555
5996.6;0.621
5997.1;0.198
5997.6;0.584
5998.1;0.366
5998.6;0.435
5999.1;0.636
5999.6;0.652
6000.1;0.21
6000.6;0.855
6001.1;0.403
6001.6;0.123
6002.1;0.435
6002.6;0.384
6003.1;0.753
6003.6;1.396
6004.1;0.277
6004.6;0.145
6005.1;0.65
6005.6;0.426
6006.1;0.671
6006.6;0.783
6007.1;0.178
6007.6;0.73
6008.1;0.695
6008.6;0.219
6009.1;1.047
6009.6;0.497
6010.1;0.442
6010.6;0.609
6011.1;0.718
6011.6;0.34
6012.1;0.554
6012.6;0.38
6013.1;0.508
6013.6;0.656
6014.1;0.454
6014.6;0.608
6015.1;0.384
6015.6;0.468
6016.1;1.059
6016.6;0.604
6017.1;0.2
6017.6;0.382
6018.1;0.338
6018.6;0.486
6019.1;0.468
6019.6;0.954
6020.1;0.361
6020.6;0.339
6021.1;0.578
6021.6;0.417
6022.1;0.546
6022.6;0.094
6023.1;0.737
6023.6;0.18
6024.1;0.205
6024.6;0.275
6025.1;0.394
6025.6;0.157
6026.1;0.555
6026.6;0.637
6027.1;0.405
6027.6;0.762
6028.1;0.666
6028.6;0.458
6029.1;0.344
6029.6;0.375
6030.1;0.789
6030.6;0.783
6031.1;0.713
6031.6;0.7
6032.1;0.304
6032.6;0.57
6033.1;0.119
6033.6;0.473
6034.1;0.593
6034.6;0.318
6035.1;0.751
6035.6;0.448
6036.1;0.617
6036.6;0.723
6037.1;0.27
6037.6;0.474
6038.1;0.71
6038.6;0.244
6039.1;0.559
6039.6;0.468
6040.1;0.244
6040.6;0.686
6041.1;0.261
6041.6;0.458
6042.1;0.464
6042.6;0.12
6043.1;0.547
6043.6;0.246
6044.1;0.253
6044.6;0.09
6045.1;0.357
6045.6;0.438
6046.1;0.31
6046.6;0.108
6047.1;0.34
6047.6;0.446
6048.1;0.188
6048.6;0.48
6049.1;0.144
6049.6;0.122
6050.1;0.176
6050.6;0.32
6051.1;0.297
6051.6;0.314
6052.1;0.304
6052.6;0.154
6053.1;0.222
6053.6;0.265
6054.1;0.122
6054.6;0.181
6055.1;0.1
6055.6;0.165
6056.1;0.327
6056.6;0.205
6057.1;0.294
6057.6;0.306
6058.1;0.183
6058.6;0.191
6059.1;0.485
6059.6;0.336
6060.1;0.446
6060.6;0.242
6061.1;0.197
6061.6;0.172
6062.1;0.511
6062.6;0.453
6063.1;0.239
6063.6;0.165
6064.1;0.024
6064.6;0.248
6065.1;0.447
6065.6;0.114
6066.1;0.246
6066.6;0.141
6067.1;0.11
6067.6;0.025
6068.1;0.23
6068.6;0.419
6069.1;0.185
6069.6;0.256
6070.1;0.439
6070.6;0.143
6071.1;0.492
6071.6;0.621
6072.1;0.225
6072.6;0.147
6073.1;0.665
6073.6;0.334
6074.1;0.19
6074.6;0.292
6075.1;0.163
6075.6;0.25
6076.1;0.383
6076.6;0.253
6077.1;0.164
6077.6;0.501
6078.1;0.232
6078.6;0.284
6079.1;0.312
6079.6;0.465
6080.1;0.575
6080.6;0.622
6081.1;0.289
6081.6;0.395
6082.1;0.491
6082.6;0.69
6083.1;0.66
6083.6;0.249
6084.1;0.438
6084.6;0.621
6085.1;0.42
6085.6;0.446
6086.1;0.266
6086.6;0.326
6087.1;0.411
6087.6;0.594
6088.1;0.551
6088.6;0.342
6089.1;0.439
6089.6;0.414
6090.1;0.354
6090.6;0.457
6091.1;0.312
6091.6;0.217
6092.1;0.123
6092.6;0.025
6093.1;0.241
6093.6;0.357
6094.1;0.466
6094.6;0.42
6095.1;0.289
6095.6;0.464
6096.1;0.631
6096.6;0.251
6097.1;0.154
6097.6;0.39
6098.1;0.083
6098.6;0.076
6099.1;0.048
6099.6;0.474
6100.1;0.4
6100.6;0.563
6101.1;0.897
6101.6;0.586
6102.1;0.647
6102.6;0.867
6103.1;0.897
6103.6;0.964
6104.1;0.653
6104.6;0.881
6105.1;0.582
6105.6;0.255
6106.1;0.556
6106.6;0.515
6107.1;0.311
6107.6;0.139
6108.1;0.338
6108.6;0.521
6109.1;0.399
6109.6;0.473
6110.1;0.482
6110.6;0.615
6111.1;0.356
6111.6;0.028
6112.1;0.34
6112.6;0.444
6113.1;0.164
6113.6;0.21
6114.1;0.316
6114.6;0.396
6115.1;0.247
6115.6;0.126
6116.1;0.094
6116.6;0.168
6117.1;0.291
6117.6;0.293
6118.1;0.1
6118.6;0.254
6119.1;0.245
6119.6;0.223
6120.1;0.2
6120.6;0.43
6121.1;0.155
6121.6;0.331
6122.1;0.071
6122.6;0.182
6123.1;0.166
6123.6;0.306
6124.1;0.149
6124.6;0.054
6125.1;0.372
6125.6;0.339
6126.1;0.204
6126.6;0.111
6127.1;0.328
6127.6;0.385
6128.1;0.209
6128.6;0.172
6129.1;0.372
6129.6;0.488
6130.1;0.569
6130.6;0.225
6131.1;0.569
6131.6;0.214
6132.1;0.419
6132.6;0.344
6133.1;0.687
6133.6;0.61
6134.1;0.413
6134.6;0.421
6135.1;0.351
6135.6;0.268
6136.1;0.324
6136.6;0.233
6137.1;0.516
6137.6;0.384
6138.1;0.33
6138.6;0.16
6139.1;0.267
6139.6;0.242
6140.1;0.412
6140.6;0.502
6141.1;0.382
6141.6;0.119
6142.1;0.474
6142.6;0.107
6143.1;0.281
6143.6;0.624
6144.1;0.207
6144.6;0.468
6145.1;0.394
6145.6;0.086
6146.1;0.297
6146.6;0.226
6147.1;0.808
6147.6;0.288
6148.1;0.181
6148.6;0.233
6149.1;0.264
6149.6;0.259
6150.1;0.487
6150.6;0.344
6151.1;0.207
6151.6;0.515
6152.1;0.373
6152.6;0.092
6153.1;0.263
6153.6;0.254
6154.1;0.36
6154.6;0.019
6155.1;0.239
6155.6;0.188
6156.1;0.122
6156.6;0.288
6157.1;0.455
6157.6;0.101
6158.1;0.273
6158.6;0.587
6159.1;0.18
6159.6;0.242
6160.1;0.496
6160.6;0.518
6161.1;0.38
6161.6;0.245
6162.1;0.143
6162.6;0.261
6163.1;0.065
6163.6;0.173
6164.1;0.167
6164.6;0.128
6165.1;0.166
6165.6;0.348
6166.1;0.184
6166.6;0.103
6167.1;0.6
6167.6;0.201
6168.1;0.227
6168.6;0.635
6169.1;0.255
6169.6;0.477
6170.1;0.519
6170.6;0.235
6171.1;0.349
6171.6;0.038
6172.1;0.361
6172.6;0.157
6173.1;0.162
6173.6;0.155
6174.1;0.139
6174.6;0.043
6175.1;0.087
6175.6;0.198
6176.1;0.252
6176.6;0.209
6177.1;0.042
6177.6;0.273
6178.1;0.069
6178.6;0.136
6179.1;0.305
6179.6;0.277
6180.1;0.207
6180.6;0.116
6181.1;0.367
6181.6;0.16
6182.1;0.296
6182.6;0.396
6183.1;0.438
6183.6;0.159
6184.1;0.392
6184.6;0.356
6185.1;0.279
6185.6;0.221
6186.1;0.279
6186.6;0.249
6187.1;0.439
6187.6;0.274
6188.1;0.176
6188.6;0.261
6189.1;0.284
6189.6;0.278
6190.1;0.137
6190.6;0.187
6191.1;0.339
6191.6;0.3
6192.1;0.503
6192.6;0.156
6193.1;0.116
6193.6;0.216
6194.1;0.252
6194.6;0.221
6195.1;0.241
6195.6;0.206
6196.1;0.425
6196.6;0.504
6197.1;0.045
6197.6;0.248
6198.1;0.272
6198.6;0.489
6199.1;0.455
6199.6;0.11
6200.1;0.17
6200.6;0.19
6201.1;0.207
6201.6;0.087
6202.1;0.259
6202.6;0.372
6203.1;0.172
6203.6;0.238
6204.1;0.263
6204.6;0.196
6205.1;0.261
6205.6;0.131
6206.1;0.089
6206.6;0.261
6207.1;0.162
6207.6;0.238
6208.1;0.393
6208.6;0.172
6209.1;0.129
6209.6;0.431
6210.1;0.081
6210.6;0.146
6211.1;0.466
6211.6;0.147
6212.1;0.282
6212.6;0.229
6213.1;0.256
6213.6;0.159
6214.1;0.073
6214.6;0.576
6215.1;0.14
6215.6;0.184
6216.1;0.412
6216.6;0.151
6217.1;0.106
6217.6;0.365
6218.1;0.143
6218.6;0.112
6219.1;0.319
6219.6;0.238
6220.1;0.34
6220.6;0.447
6221.1;0.413
6221.6;0.325
6222.1;0.537
6222.6;0.115
6223.1;0.322
6223.6;0.643
6224.1;0.45
6224.6;0.187
6225.1;0.32
6225.6;0.319
6226.1;0.058
6226.6;0.099
6227.1;0.374
6227.6;0.418
6228.1;0.267
6228.6;0.097
6229.1;0.294
6229.6;0.253
6230.1;0.244
6230.6;0.436
6231.1;0.843
6231.6;0.758
6232.1;0.665
6232.6;0.766
6233.1;0.807
6233.6;0.742
6234.1;0.64
6234.6;0.322
6235.1;0.528
6235.6;0.512
6236.1;0.327
6236.6;0.237
6237.1;0.282
6237.6;0.275
6238.1;0.201
6238.6;0.057
6239.1;0.069
6239.6;0.123
6240.1;0.083
6240.6;0.18
6241.1;0.545
6241.6;0.457
6242.1;0.283
6242.6;0.256
6243.1;0.456
6243.6;0.262
6244.1;0.128
6244.6;0.203
6245.1;0.539
6245.6;0.595
6246.1;0.264
6246.6;0.33
6247.1;0.374
6247.6;0.451
6248.1;0.461
6248.6;0.262
6249.1;0.271
6249.6;0.282
6250.1;0.491
6250.6;0.22
6251.1;0.116
6251.6;0.375
6252.1;0.565
6252.6;0.482
6253.1;0.185
6253.6;0.222
6254.1;0.167
6254.6;0.348
6255.1;0.266
6255.6;0.168
6256.1;0.138
6256.6;0.07
6257.1;0.275
6257.6;0.204
6258.1;0.149
6258.6;0.312
6259.1;0.229
6259.6;0.106
6260.1;0.164
6260.6;0.426
6261.1;0.207
6261.6;0.311
6262.1;0.165
6262.6;0.337
6263.1;0.18
6263.6;0.121
6264.1;0.238
6264.6;0.103
6265.1;0.332
6265.6;0.207
6266.1;0.195
6266.6;0.519
6267.1;0.135
6267.6;0.181
6268.1;0.083
6268.6;0.063
6269.1;0.147
6269.6;0.266
6270.1;0.343
6270.6;0.194
6271.1;0.323
6271.6;0.199
6272.1;0.131
6272.6;0.184
6273.1;0.076
6273.6;0.272
6274.1;0.069
6274.6;0.323
6275.1;0.486
6275.6;0.341
6276.1;0.251
6276.6;0.352
6277.1;0.213
6277.6;0.331
6278.1;0.531
6278.6;0.077
6279.1;0.261
6279.6;0.373
6280.1;0.108
6280.6;0.056
6281.1;0.044
6281.6;0.073
6282.1;0.329
6282.6;0.247
6283.1;0.235
6283.6;0.221
6284.1;0.366
6284.6;0.336
6285.1;0.107
6285.6;0.397
6286.1;0.289
6286.6;0.261
6287.1;0.154
6287.6;0.156
6288.1;0.512
6288.6;0.25
6289.1;0.395
6289.6;0.529
6290.1;0.314
6290.6;0.337
6291.1;0.415
6291.6;0.575
6292.1;0.239
6292.6;0.24
6293.1;0.459
6293.6;0.054
6294.1;0.23
6294.6;0.609
6295.1;0.668
6295.6;0.74
6296.1;0.589
6296.6;0.447
6297.1;0.732
6297.6;0.204
6298.1;0.342
6298.6;0.319
6299.1;0.427
6299.6;0.648
6300.1;0.202
6300.6;0.225
6301.1;0.446
6301.6;0.39
6302.1;0.227
6302.6;0.066
6303.1;0.526
6303.6;0.628
6304.1;0.622
6304.6;0.424
6305.1;0.43
6305.6;0.505
6306.1;0.199
6306.6;0.125
6307.1;0.327
6307.6;0.218
6308.1;0.269
6308.6;0.216
6309.1;0.213
6309.6;0.274
6310.1;0.324
6310.6;0.317
6311.1;0.338
6311.6;0.197
6312.1;0.359
6312.6;0.412
6313.1;0.421
6313.6;0.07
6314.1;0.435
6314.6;0.056
6315.1;0.094
6315.6;0.042
6316.1;0.482
6316.6;0.588
6317.1;0.322
6317.6;0.285
6318.1;0.301
6318.6;0.319
6319.1;0.014
6319.6;0.449
6320.1;0.089
6320.6;0.611
6321.1;0.444
6321.6;0.155
6322.1;0.275
6322.6;0.277
6323.1;0.096
6323.6;0.233
6324.1;0.337
6324.6;0.076
6325.1;0.431
6325.6;0.622
6326.1;0.075
6326.6;0.282
6327.1;0.195
6327.6;0.089
6328.1;0.037
6328.6;0.402
6329.1;0.304
6329.6;0.202
6330.1;0.128
6330.6;0.092
6331.1;0.239
6331.6;0.102
6332.1;0.335
6332.6;0.214
6333.1;0.12
6333.6;0.338
6334.1;0.235
6334.6;0.376
6335.1;0.572
6335.6;0.243
6336.1;0.179
6336.6;0.169
6337.1;0.278
6337.6;0.717
6338.1;0.632
6338.6;0.198
6339.1;0.348
6339.6;0.408
6340.1;0.311
6340.6;0.335
6341.1;0.4
6341.6;0.116
6342.1;0.391
6342.6;0.679
6343.1;0.148
6343.6;0.412
6344.1;0.829
6344.6;0.337
6345.1;0.165
6345.6;0.118
6346.1;0.268
6346.6;0.31
6347.1;0.122
6347.6;0.37
6348.1;0.078
6348.6;0.427
6349.1;0.355
6349.6;0.272
6350.1;0.122
6350.6;0.028
6351.1;0.508
6351.6;0.087
6352.1;0.3
6352.6;0.411
6353.1;0.06
6353.6;0.118
6354.1;0.063
6354.6;0.146
6355.1;0.286
6355.6;0.181
6356.1;0.056
6356.6;0.093
6357.1;0.157
6357.6;0.09
6358.1;0.205
6358.6;0.43
6359.1;0.263
6359.6;0.277
6360.1;0.328
6360.6;0.126
6361.1;0.238
6361.6;0.253
6362.1;0.33
6362.6;0.122
6363.1;0.146
6363.6;0.522
6364.1;0.355
6364.6;0.253
6365.1;0.745
6365.6;0.407
6366.1;0.341
6366.6;0.345
6367.1;0.326
6367.6;0.269
6368.1;0.63
6368.6;0.362
6369.1;0.28
6369.6;0.477
6370.1;0.399
6370.6;0.27
6371.1;0.273
6371.6;0.478
6372.1;0.253
6372.6;0.442
6373.1;0.26
6373.6;0.309
6374.1;0.079
6374.6;0.208
6375.1;0.148
6375.6;0.296
6376.1;0.672
6376.6;0.347
6377.1;0.076
6377.6;0.473
6378.1;0.194
6378.6;0.439
6379.1;0.506
6379.6;0.485
6380.1;0.229
6380.6;0.52
6381.1;0.117
6381.6;0.555
6382.1;0.296
6382.6;0.033
6383.1;0.244
6383.6;0.228
6384.1;0.411
6384.6;0.298
6385.1;0.069
6385.6;0.11
6386.1;0.298
6386.6;0.185
6387.1;0.141
6387.6;0.205
6388.1;0.241
6388.6;0.233
6389.1;0.548
6389.6;0.457
6390.1;0.469
6390.6;0.534
6391.1;0.428
6391.6;0.734
6392.1;0.842
6392.6;0.183
6393.1;0.644
6393.6;0.297
6394.1;0.197
6394.6;0.118
6395.1;0.177
6395.6;0.161
6396.1;0.169
6396.6;0.254
6397.1;0.028
6397.6;0.132
6398.1;0.441
6398.6;0.106
6399.1;0.207
6399.6;0.341
6400.1;0.228
6400.6;0.336
6401.1;0.169
6401.6;0.068
6402.1;0.135
6402.6;0.442
6403.1;0.54
6403.6;0.889
6404.1;0.353
6404.6;0.379
6405.1;0.456
6405.6;0.487
6406.1;0.283
6406.6;0.351
6407.1;0.299
6407.6;0.091
6408.1;0.363
6408.6;0.523
6409.1;0.214
6409.6;0.159
6410.1;0.441
6410.6;0.139
6411.1;0.24
6411.6;0.43
6412.1;0.159
6412.6;0.138
6413.1;0.378
6413.6;0.205
6414.1;0.212
6414.6;0.461
6415.1;0.176
6415.6;0.307
6416.1;0.394
6416.6;0.625
6417.1;0.705
6417.6;0.193
6418.1;0.441
6418.6;0.298
6419.1;0.366
6419.6;0.298
6420.1;0.265
6420.6;0.734
6421.1;0.097
6421.6;0.228
6422.1;0.171
6422.6;0.401
6423.1;0.548
6423.6;0.304
6424.1;0.416
6424.6;0.174
6425.1;0.174
6425.6;0.324
6426.1;0.189
6426.6;0.562
6427.1;0.138
6427.6;0.43
6428.1;0.502
6428.6;0.187
6429.1;0.54
6429.6;0.1
6430.1;0.388
6430.6;0.251
6431.1;0.208
6431.6;0.583
6432.1;0.357
6432.6;0.614
6433.1;0.332
6433.6;0.14
6434.1;0.197
6434.6;0.393
6435.1;0.232
6435.6;0.095
6436.1;0.3
6436.6;0.278
6437.1;0.198
6437.6;0.141
6438.1;0.198
6438.6;0.097
6439.1;0.255
6439.6;0.164
6440.1;0.178
6440.6;0.337
6441.1;0.196
6441.6;0.09
6442.1;0.162
6442.6;0.31
6443.1;0.42
6443.6;0.055
6444.1;0.119
6444.6;0.276
6445.1;0.314
6445.6;0.239
6446.1;0.273
6446.6;0.213
6447.1;0.203
6447.6;0.258
6448.1;0.329
6448.6;0.148
6449.1;0.424
6449.6;0.191
6450.1;0.082
6450.6;0.228
6451.1;0.335
6451.6;0.077
6452.1;0.264
6452.6;0.368
6453.1;0.166
6453.6;0.346
6454.1;0.595
6454.6;0.029
6455.1;0.079
6455.6;0.173
6456.1;0.278
6456.6;0.265
6457.1;0.24
6457.6;0.301
6458.1;0.218
6458.6;0.142
6459.1;0.222
6459.6;0.272
6460.1;0.115
6460.6;0.374
6461.1;0.103
6461.6;0.19
6462.1;0.07
6462.6;0.15
6463.1;0.137
6463.6;0.224
6464.1;0.258
6464.6;0.186
6465.1;0.182
6465.6;0.328
6466.1;0.326
6466.6;0.392
6467.1;0.341
6467.6;0.593
6468.1;0.307
6468.6;0.371
6469.1;0.094
6469.6;0.294
6470.1;0.196
6470.6;0.154
6471.1;0.3
6471.6;0.323
6472.1;0.128
6472.6;0.432
6473.1;0.403
6473.6;0.254
6474.1;0.57
6474.6;0.439
6475.1;0.227
6475.6;0.592
6476.1;0.277
6476.6;0.37
6477.1;0.255
6477.6;0.343
6478.1;0.163
6478.6;0.186
6479.1;0.379
6479.6;0.141
6480.1;0.214
6480.6;0.525
6481.1;0.144
6481.6;0.284
6482.1;0.186
6482.6;0.231
6483.1;0.113
6483.6;0.118
6484.1;0.34
6484.6;0.175
6485.1;0.081
6485.6;0.187
6486.1;0.067
6486.6;0.354
6487.1;0.361
6487.6;0.186
6488.1;0.372
6488.6;0.334
6489.1;0.07
6489.6;0.415
6490.1;0.33
6490.6;0.262
6491.1;0.596
6491.6;0.623
6492.1;0.232
6492.6;0.356
6493.1;0.116
6493.6;0.181
6494.1;0.174
6494.6;0.06
6495.1;0.233
6495.6;0.21
6496.1;0.249
6496.6;0.205
6497.1;0.082
6497.6;0.164
6498.1;0.135
6498.6;0.192
6499.1;0.207
6499.6;0.284
6500.1;0.121
6500.6;0.418
6501.1;0.03
6501.6;0.187
6502.1;0.087
6502.6;0.121
6503.1;0.311
6503.6;0.409
6504.1;0.38
6504.6;0.161
6505.1;0.161
6505.6;0.242
6506.1;0.12
6506.6;0.315
6507.1;0.409
6507.6;0.147
6508.1;0.041
6508.6;0.452
6509.1;0.193
6509.6;0.433
6510.1;0.195
6510.6;0.076
6511.1;0.14
6511.6;0.45
6512.1;0.287
6512.6;0.103
6513.1;0.233
6513.6;0.19
6514.1;0.075
6514.6;0.171
6515.1;0.11
6515.6;0.081
6516.1;0.151
6516.6;0.171
6517.1;0.096
6517.6;0.058
6518.1;0.202
6518.6;0.157
6519.1;0.376
6519.6;0.166
6520.1;0.053
6520.6;0.211
6521.1;0.172
6521.6;0.327
6522.1;0.229
6522.6;0.061
6523.1;0.43
6523.6;0.226
6524.1;0.29
6524.6;0.097
6525.1;0.148
6525.6;0.17
6526.1;0.368
6526.6;0.266
6527.1;0.216
6527.6;0.351
6528.1;0.188
6528.6;0.103
6529.1;0.194
6529.6;0.04
6530.1;0.2
6530.6;0.278
6531.1;0.256
6531.6;0.275
6532.1;0.421
6532.6;0.287
6533.1;0.115
6533.6;0.366
6534.1;0.196
6534.6;0.158
6535.1;0.25
6535.6;0.122
6536.1;0.225
6536.6;0.193
6537.1;0.185
6537.6;0.291
6538.1;0.121
6538.6;0.098
6539.1;0.157
6539.6;0.081
6540.1;0.176
6540.6;0.186
6541.1;0.218
6541.6;0.182
6542.1;0.191
6542.6;0.3
6543.1;0.104
6543.6;0.123
6544.1;0.276
6544.6;0.402
6545.1;0.431
6545.6;0.365
6546.1;0.282
6546.6;0.277
6547.1;0.44
6547.6;0.54
6548.1;0.472
6548.6;0.419
6549.1;0.365
6549.6;0.417
6550.1;0.502
6550.6;0.357
6551.1;0.454
6551.6;0.268
6552.1;0.154
6552.6;0.304
6553.1;0.239
6553.6;0.117
6554.1;0.118
6554.6;0.351
6555.1;0.468
6555.6;0.263
6556.1;0.333
6556.6;0.512
6557.1;0.441
6557.6;0.42
6558.1;0.407
6558.6;0.368
6559.1;0.456
6559.6;0.329
6560.1;0.207
6560.6;0.357
6561.1;0.194
6561.6;0.154
6562.1;0.36
6562.6;0.3
6563.1;0.475
6563.6;0.302
6564.1;0.232
6564.6;0.359
6565.1;0.174
6565.6;0.425
6566.1;0.26
6566.6;0.37
6567.1;0.228
6567.6;0.167
6568.1;0.424
6568.6;0.205
6569.1;0.174
6569.6;0.207
6570.1;0.235
6570.6;0.087
6571.1;0.108
6571.6;0.101
6572.1;0.378
6572.6;0.2
6573.1;0.231
6573.6;0.382
6574.1;0.082
6574.6;0.135
6575.1;0.397
6575.6;0.102
6576.1;0.326
6576.6;0.303
6577.1;0.2
6577.6;0.195
6578.1;0.285
6578.6;0.133
6579.1;0.293
6579.6;0.198
6580.1;0.199
6580.6;0.214
6581.1;0.223
6581.6;0.204
6582.1;0.255
6582.6;0.368
6583.1;0.196
6583.6;0.356
6584.1;0.2
6584.6;0.13
6585.1;0.537
6585.6;0.302
6586.1;0.288
6586.6;0.024
6587.1;0.237
6587.6;0.267
6588.1;0.201
6588.6;0.466
6589.1;0.301
6589.6;0.186
6590.1;0.467
6590.6;0.264
6591.1;0.194
6591.6;0.147
6592.1;0.174
6592.6;0.012
6593.1;0.556
6593.6;0.374
6594.1;0.167
6594.6;0.316
6595.1;0.332
6595.6;0.121
6596.1;0.211
6596.6;0.23
6597.1;0.457
6597.6;0.36
6598.1;0.448
6598.6;0.305
6599.1;0.131
6599.6;0.464
6600.1;0.164
6600.6;0.332
6601.1;0.501
6601.6;0.008
6602.1;0.443
6602.6;0.366
6603.1;0.117
6603.6;0.245
6604.1;0.132
6604.6;0.697
6605.1;0.255
6605.6;0.23
6606.1;0.249
6606.6;0.488
6607.1;0.232
6607.6;0.257
6608.1;0.456
6608.6;0.456
6609.1;0.207
6609.6;0.292
6610.1;0.654
6610.6;0.307
6611.1;0.26
6611.6;0.114
6612.1;0.096
6612.6;0.307
6613.1;0.481
6613.6;0.125
6614.1;0.328
6614.6;0.373
6615.2;0.528
6615.7;0.046
6616.2;0.049
6616.7;0.543
6617.2;0.094
6617.7;0.619
6618.2;0.579
6618.7;0.853
6619.2;0.749
6619.7;0.471
6620.2;0.525
6620.7;0.596
6621.2;0.974
6621.7;0.13
6622.2;0.507
6622.7;0.344
6623.2;0.255
6623.7;0.658
6624.2;0.372
6624.7;0.242
6625.2;0.316
6625.7;0.312
6626.2;0.271
6626.7;0.165
6627.2;0.306
6627.7;0.291
6628.2;0.475
6628.7;0.326
6629.2;0.41
6629.7;0.619
6630.2;0.082
6630.7;0.037
6631.2;0.405
6631.7;0.264
6632.2;0.557
6632.7;0.348
6633.2;0.406
6633.7;0.424
6634.2;0.406
6634.7;0.405
6635.2;0.144
6635.7;0.185
6636.2;0.287
6636.7;0.458
6637.2;0.124
6637.7;0.257
6638.2;0.249
6638.7;0.065
6639.2;0.362
6639.7;0.314
6640.2;0.197
6640.7;0.228
6641.2;0.2
6641.7;0.219
6642.2;0.102
6642.7;0.105
6643.2;0.172
6643.7;0.155
6644.2;0.083
6644.7;0.111
6645.2;0.455
6645.7;0.198
6646.2;0.157
6646.7;0.255
6647.2;0.132
6647.7;0.057
6648.2;0.286
6648.7;0.116
6649.2;0.293
6649.7;0.232
6650.2;0.198
6650.7;0.132
6651.2;0.112
6651.7;0.086
6652.2;0.244
6652.7;0.104
6653.2;0.172
6653.7;0.187
6654.2;0.054
6654.7;0.14
6655.2;0.272
6655.7;0.329
6656.2;0.307
6656.7;0.466
6657.2;0.031
6657.7;0.099
6658.2;0.123
6658.7;0.354
6659.2;0.244
6659.7;0.111
6660.2;0.222
6660.7;0.247
6661.2;0.241
6661.7;0.12
6662.2;0.22
6662.7;0.165
6663.2;0.152
6663.7;0.302
6664.2;0.304
6664.7;0.283
6665.2;0.306
6665.7;0.11
6666.2;0.18
6666.7;0.27
6667.2;0.423
6667.7;0.106
6668.2;0.194
6668.7;0.209
6669.2;0.298
6669.7;0.084
6670.2;0.037
6670.7;0.155
6671.2;0.261
6671.7;0.096
6672.2;0.34
6672.7;0.314
6673.2;0.076
6673.7;0.06
6674.2;0.195
6674.7;0.114
6675.2;0.19
6675.7;0.107
6676.2;0.11
6676.7;0.113
6677.2;0.101
6677.7;0.11
6678.2;0.157
6678.7;0.181
6679.2;0.143
6679.7;0.334
6680.2;0.121
6680.7;0.12
6681.2;0.029
6681.7;0.143
6682.2;0.125
6682.7;0.175
6683.2;0.142
6683.7;0.148
6684.2;0.213
6684.7;0.217
6685.2;0.169
6685.7;0.391
6686.2;0.089
6686.7;0.111
6687.2;0.085
6687.7;0.038
6688.2;0.127
6688.7;0.332
6689.2;0.27
6689.7;0.209
6690.2;0.411
6690.7;0.363
6691.2;0.097
6691.7;0.251
6692.2;0.452
6692.7;0.246
6693.2;0.331
6693.7;0.426
6694.2;0.306
6694.7;0.274
6695.2;0.478
6695.7;0.285
6696.2;0.344
6696.7;0.612
6697.2;0.279
6697.7;0.251
6698.2;0.388
6698.7;0.368
6699.2;0.352
6699.7;0.288
6700.2;0.177
6700.7;0.118
6701.2;0.446
6701.7;0.214
6702.2;0.34
6702.7;0.182
6703.2;0.185
6703.7;0.174
6704.2;0.396
6704.7;0.386
6705.2;0.093
6705.7;0.179
6706.2;0.205
6706.7;0.339
6707.2;0.126
6707.7;0.497
6708.2;0.088
6708.7;0.111
6709.2;0.267
6709.7;0.105
6710.2;0.035
6710.7;0.101
6711.2;0.224
6711.7;0.184
6712.2;0.296
6712.7;0.401
6713.2;0.273
6713.7;0.369
6714.2;0.194
6714.7;0.038
6715.2;0.263
6715.7;0.291
6716.2;0.196
6716.7;0.215
6717.2;0.247
6717.7;0.109
6718.2;0.282
6718.7;0.271
6719.2;0.227
6719.7;0.109
6720.2;0.152
6720.7;0.119
6721.2;0.254
6721.7;0.214
6722.2;0.274
6722.7;0.023
6723.2;0.014
6723.7;0.161
6724.2;0.111
6724.7;0.258
6725.2;0.089
6725.7;0.231
6726.2;0.308
6726.7;0.387
6727.2;0.1
6727.7;0.154
6728.2;0.102
6728.7;0.152
6729.2;0.366
6729.7;0.253
6730.2;0.24
6730.7;0.215
6731.2;0.292
6731.7;0.219
6732.2;0.089
6732.7;0.172
6733.2;0.254
6733.7;0.057
6734.2;0.419
6734.7;0.647
6735.2;0.195
6735.7;0.293
6736.2;0.241
6736.7;0.16
6737.2;0.02
6737.7;0.46
6738.2;0.082
6738.7;0.27
6739.2;0.332
6739.7;0.009
6740.2;0.295
6740.7;0.108
6741.2;0.099
6741.7;0.282
6742.2;0.402
6742.7;0.571
6743.2;0.521
6743.7;0.208
6744.2;0.158
6744.7;0.196
6745.2;0.119
6745.7;0.227
6746.2;0.346
6746.7;0.439
6747.2;0.397
6747.7;0.168
6748.2;0.123
6748.7;0.337
6749.2;0.204
6749.7;0.358
6750.2;0.124
6750.7;0.331
6751.2;0.309
6751.7;0.039
6752.2;0.396
6752.7;0.185
6753.2;0.181
6753.7;0.5
6754.2;0.182
6754.7;0.158
6755.2;0.204
6755.7;0.407
6756.2;0.098
6756.7;0.333
6757.2;0.484
6757.7;0.216
6758.2;0.101
6758.7;0.212
6759.2;0.418
6759.7;0.334
6760.2;0.282
6760.7;0.342
6761.2;0.16
6761.7;0.129
6762.2;0.117
6762.7;0.304
6763.2;0.422
6763.7;0.057
6764.2;0.226
6764.7;0.408
6765.2;0.024
6765.7;0.382
6766.2;0.108
6766.7;0.233
6767.2;0.119
6767.7;0.217
6768.2;0.324
6768.7;0.107
6769.2;0.44
6769.7;0.207
6770.2;0.029
6770.7;0.139
6771.2;0.311
6771.7;0.317
6772.2;0.208
6772.7;0.045
6773.2;0.138
6773.7;0.293
6774.2;0.465
6774.7;0.275
6775.2;0.203
6775.7;0.292
6776.2;0.123
6776.7;0.407
6777.2;0.485
6777.7;0.271
6778.2;0.335
6778.7;0.337
6779.2;0.31
6779.7;0.439
6780.2;0.31
6780.7;0.271
6781.2;0.121
6781.7;0.398
6782.2;0.165
6782.7;0.572
6783.2;0.404
6783.7;0.115
6784.2;0.376
6784.7;0.344
6785.2;0.173
6785.7;0.221
6786.2;0.203
6786.7;0.17
6787.2;0.087
6787.7;0.353
6788.2;0.199
6788.7;0.087
6789.2;0.262
6789.7;0.176
6790.2;0.159
6790.7;0.245
6791.2;0.384
6791.7;0.196
6792.2;0.194
6792.7;0.292
6793.2;0.316
6793.7;0.124
6794.2;0.061
6794.7;0.111
6795.2;0.118
6795.7;0.338
6796.2;0.434
6796.7;0.104
6797.2;0.217
6797.7;0.182
6798.2;0.21
6798.7;0.344
6799.2;0.365
6799.7;0.25
6800.2;0.257
6800.7;0.127
6801.2;0.14
6801.7;0.22
6802.2;0.209
6802.7;0.155
6803.2;0.222
6803.7;0.552
6804.2;0.346
6804.7;0.18
6805.2;0.073
6805.7;0.517
6806.2;0.32
6806.7;0.065
6807.2;0.111
6807.7;0.264
6808.2;0.158
6808.7;0.3
6809.2;0.078
6809.7;0.198
6810.2;0.167
6810.7;0.335
6811.2;0.205
6811.7;0.292
6812.2;0.439
6812.7;0.126
6813.2;0.357
6813.7;0.115
6814.2;0.264
6814.7;0.247
6815.2;0.249
6815.7;0.276
6816.2;0.004
6816.7;0.147
6817.2;0.297
6817.7;0.032
6818.2;0.332
6818.7;0.481
6819.2;0.246
6819.7;0.192
6820.2;0.294
6820.7;0.232
6821.2;0.39
6821.7;0.068
6822.2;0.133
6822.7;0.174
6823.2;0.121
6823.7;0.213
6824.2;0.091
6824.7;0.164
6825.2;0.176
6825.7;0.308
6826.2;0.094
6826.7;0.252
6827.2;0.109
6827.7;0.081
6828.2;0.375
6828.7;0.06
6829.2;0.076
6829.7;0.172
6830.2;0.084
6830.7;0.185
6831.2;0.062
6831.7;0.063
6832.2;0.252
6832.7;0.24
6833.2;0.081
6833.7;0.223
6834.2;0.311
6834.7;0.096
6835.2;0.314
6835.7;0.159
6836.2;0.075
6836.7;0.298
6837.2;0.054
6837.7;0.098
6838.2;0.054
6838.7;0.314
6839.2;0.34
6839.7;0.319
6840.2;0.334
6840.7;0.161
6841.2;0.097
6841.7;0.103
6842.2;0.128
6842.7;0.399
6843.2;0.422
6843.7;0.011
6844.2;0.24
6844.7;0.023
6845.2;0.392
6845.7;0.406
6846.2;0.27
6846.7;0.202
6847.2;0.542
6847.7;0.285
6848.2;0.116
6848.7;0.135
6849.2;0.111
6849.7;0.095
6850.2;0.519
6850.7;0.114
6851.2;0.228
6851.7;0.158
6852.2;0.085
6852.7;0.144
6853.2;0.275
6853.7;0.27
6854.2;0.47
6854.7;0.246
6855.2;0.199
6855.7;0.269
6856.2;0.181
6856.7;0.205
6857.2;0.296
6857.7;0.257
6858.2;0.577
6858.7;0.413
6859.2;0.422
6859.7;0.114
6860.2;0.202
6860.7;0.326
6861.2;0.245
6861.7;0.206
6862.2;0.064
6862.7;0.16
6863.2;0.245
6863.7;0.376
6864.2;0.297
6864.7;0.111
6865.2;0.324
6865.7;0.26
6866.2;0.289
6866.7;0.351
6867.2;0.163
6867.7;0.185
6868.2;0.259
6868.7;0.288
6869.2;0.374
6869.7;0.319
6870.2;0.427
6870.7;0.307
6871.2;0.279
6871.7;0.245
6872.2;0.285
6872.7;0.282
6873.2;0.13
6873.7;0.178
6874.2;0.364
6874.7;0.511
6875.2;0.357
6875.7;0.713
6876.2;0.504
6876.7;0.542
6877.2;0.736
6877.7;0.645
6878.2;0.295
6878.7;0.442
6879.2;0.677
6879.7;0.421
6880.2;0.287
6880.7;0.292
6881.2;0.445
6881.7;0.288
6882.2;0.102
6882.7;0.171
6883.2;0.419
6883.7;0.192
6884.2;0.206
6884.7;0.448
6885.2;0.476
6885.7;0.451
6886.2;0.464
6886.7;0.209
6887.2;0.504
6887.7;0.992
6888.2;0.081
6888.7;0.306
6889.2;0.47
6889.7;0.18
6890.2;0.436
6890.7;0.254
6891.2;0.518
6891.7;0.1
6892.2;0.458
6892.7;0.397
6893.2;0.397
6893.7;0.455
6894.2;0.182
6894.7;0.102
6895.2;0.214
6895.7;1.006
6896.2;0.43
6896.7;0.096
6897.2;0.515
6897.7;0.365
6898.2;0.246
6898.7;0.564
6899.2;0.461
6899.7;0.47
6900.2;0.386
6900.7;0.316
6901.2;0.11
6901.7;0.682
6902.2;0.458
6902.7;0.237
6903.2;0.447
6903.7;0.463
6904.2;0.237
6904.7;0.089
6905.2;0.518
6905.7;0.214
6906.2;0.401
6906.7;0.716
6907.2;0.396
6907.7;0.157
6908.2;0.278
6908.7;0.157
6909.2;0.561
6909.7;0.049
6910.2;0.442
6910.7;0.165
6911.2;0.344
6911.7;0.034
6912.2;0.634
6912.7;0.146
6913.2;0.229
6913.7;0.384
6914.2;0.45
6914.7;0.303
6915.2;0.255
6915.7;0.159
6916.2;0.079
6916.7;0.363
6917.2;0.42
6917.7;1.014
6918.2;0.218
6918.7;0.305
6919.2;1.068
6919.7;0.582
6920.2;0.811
6920.7;0.849
6921.2;0.987
6921.7;0.555
6922.2;0.69
6922.7;0.321
6923.2;0.172
6923.7;0.496
6924.2;0.648
6924.7;0.372
6925.2;0.566
6925.7;0.08
6926.2;0.886
6926.7;0.764
6927.2;0.535
6927.7;0.805
6928.2;0.535
6928.7;0.519
6929.2;0.288
6929.7;0.245
6930.2;0.39
6930.7;0.115
6931.2;0.255
6931.7;0.454
6932.2;0.452
6932.7;0.911
6933.2;0.309
6933.7;0.382
6934.2;0.867
6934.7;0.883
6935.2;0.699
6935.7;0.927
6936.2;0.87
6936.7;0.397
6937.2;0.515
6937.7;0.304
6938.2;0.158
6938.7;0.331
6939.2;0.214
6939.7;0.226
6940.2;0.199
6940.7;0.282
6941.2;0.847
6941.7;0.642
6942.2;0.38
6942.7;0.253
6943.2;0.673
6943.7;0.469
6944.2;0.451
6944.7;0.836
6945.2;0.461
6945.7;0.929
6946.2;0.759
6946.7;0.613
6947.2;0.424
6947.7;0.224
6948.2;0.174
6948.7;0.205
6949.2;0.86
6949.7;0.523
6950.2;0.714
6950.7;0.464
6951.2;0.536
6951.7;0.674
6952.2;0.813
6952.7;0.617
6953.2;0.527
6953.7;0.469
6954.2;1.02
6954.7;0.776
6955.2;0.591
6955.7;1.157
6956.2;0.538
6956.7;0.578
6957.2;0.553
6957.7;0.719
6958.2;0.689
6958.7;0.52
6959.2;0.128
6959.7;0.578
6960.2;0.854
6960.7;0.303
6961.2;0.354
6961.7;0.299
6962.2;0.62
6962.7;0.243
6963.2;1.126
6963.7;0.085
6964.2;0.969
6964.7;0.406
6965.2;0.423
6965.7;0.222
6966.2;0.438
6966.7;1.034
6967.2;1.203
6967.7;1.679
6968.2;0.4
6968.7;0.336
6969.2;0.44
6969.7;0.684
6970.2;0.983
6970.7;0.814
6971.2;0.488
6971.7;0.72
6972.2;0.677
6972.7;0.927
6973.2;0.214
6973.7;0.217
6974.2;0.515
6974.7;0.687
6975.2;0.63
6975.7;1.074
6976.2;0.224
6976.7;0.122
6977.2;0.237
6977.7;0.365
6978.2;0.036
6978.7;1.662
6979.2;0.471
6979.7;1.456
6980.2;1.609
6980.7;0.139
6981.2;1.221
6981.7;0.661
6982.2;0.883
6982.7;0.312
6983.2;1.078
6983.7;1.04
6984.2;0.418
6984.7;0.563
6985.2;0.982
6985.7;0.583
6986.2;0.876
6986.7;0.359
6987.2;0.277
6987.7;0.501
6988.2;0.739
6988.7;1.283
6989.2;0.942
6989.7;0.747
6990.2;0.56
6990.7;0.69
6991.2;1.251
6991.7;1.332
6992.2;0.588
6992.7;1.603
6993.2;1.432
6993.7;0.728
6994.2;1.279
6994.7;1.255
6995.2;1.444
6995.7;0.947
6996.2;1.769
6996.7;1.083
6997.2;1.23
6997.7;1.6
6998.2;1.173
6998.7;0.422
6999.2;0.759
6999.7;0.466
7000.2;1.437
7000.7;0.926
7001.2;1.924
7001.7;1.203
7002.2;0.36
7002.7;0.756
7003.2;0.283
7003.7;0.902
7004.2;0.793
7004.7;1.511
7005.2;0.425
7005.7;1.091
7006.2;0.441
7006.7;1.426
7007.2;1.705
7007.7;1.917
7008.2;1.893
7008.7;2.246
7009.2;1.009
7009.7;1.506
7010.2;1.417
7010.7;2.06
7011.2;0.771
7011.7;1.13
7012.2;0.933
7012.7;0.646
7013.2;0.634
7013.7;0.434
7014.2;0.83
7014.7;0.332
7015.2;0.855
7015.7;0.303
7016.2;0.394
7016.7;1.646
7017.2;1.006
7017.7;1.243
7018.2;0.979
7018.7;1.067
7019.2;1.35
7019.7;1.273
7020.2;0.996
7020.7;0.951
7021.2;1.306
7021.7;0.567
7022.2;0.512
7022.7;1.178
7023.2;1.328
7023.7;0.8
7024.2;0.35
7024.7;1.18
7025.2;0.784
7025.7;0.992
7026.2;1.06
7026.7;0.403
7027.2;0.476
7027.7;1.001
7028.2;0.599
7028.7;0.182
7029.2;0.309
7029.7;0.458
7030.2;1.0
7030.7;0.963
7031.2;0.799
7031.7;0.292
7032.2;0.515
7032.7;0.343
7033.2;0.302
7033.7;1.319
7034.2;0.664
7034.7;0.448
7035.2;0.231
7035.7;0.661
7036.2;0.239
7036.7;0.396
7037.2;0.26
7037.7;1.363
7038.2;1.268
7038.7;0.163
7039.2;0.978
7039.7;0.978
7040.2;0.397
7040.7;0.988
7041.2;1.694
7041.7;0.966
7042.2;1.366
7042.7;0.536
7043.2;0.398
7043.7;0.539
7044.2;0.685
7044.7;0.787
7045.2;1.398
7045.7;0.659
7046.2;0.303
7046.7;1.502
7047.2;0.142
7047.7;0.78
7048.2;1.463
7048.7;2.647
7049.2;1.257
7049.7;0.696
7050.2;0.984
7050.7;0.734
7051.2;0.519
7051.7;0.409
7052.2;1.929
7052.7;0.466
7053.2;1.011
7053.7;0.589
7054.2;0.805
7054.7;0.922
7055.2;0.609
7055.7;0.549
7056.2;1.393
7056.7;0.884
7057.2;1.061
7057.7;0.834
7058.2;1.473
7058.7;0.773
7059.2;0.852
7059.7;1.594
7060.2;0.946
7060.7;1.197
7061.2;0.853
7061.7;0.489
7062.2;1.36
7062.7;0.288
7063.2;1.221
7063.7;1.114
7064.2;1.341
7064.7;1.108
7065.2;0.594
7065.7;1.266
7066.2;0.351
7066.7;1.365
7067.2;0.126
7067.7;0.678
7068.2;0.52
7068.7;0.892
7069.2;0.698
7069.7;1.301
7070.2;0.507
7070.7;1.225
7071.2;1.68
7071.7;0.258
7072.2;1.981
7072.7;2.022
7073.2;0.484
7073.7;1.303
7074.2;1.619
7074.7;0.652
7075.2;1.091
7075.7;0.791
7076.2;0.688
7076.7;0.562
7077.2;0.658
7077.7;0.216
7078.2;0.14
7078.7;0.632
7079.2;1.047
7079.7;1.838
7080.2;0.095
7080.7;1.286
7081.2;0.903
7081.7;0.912
7082.2;1.181
7082.7;1.122
7083.2;0.351
7083.7;0.384
7084.2;0.573
7084.7;1.036
7085.2;0.11
7085.7;0.987
7086.2;0.318
7086.7;1.476
7087.2;0.335
7087.7;1.109
7088.2;1.381
7088.7;0.262
7089.2;0.763
7089.7;0.64
7090.2;0.467
7090.7;0.613
7091.2;0.409
7091.7;0.416
7092.2;1.347
7092.7;0.462
7093.2;0.992
7093.7;0.572
7094.2;0.528
7094.7;0.637
7095.2;0.439
7095.7;1.244
7096.2;0.819
7096.7;0.278
7097.2;0.081
7097.7;1.144
7098.2;1.091
7098.7;0.306
7099.2;0.366
7099.7;0.245
7100.2;1.056
7100.7;1.089
7101.2;1.158
7101.7;0.624
7102.2;0.75
7102.7;0.922
7103.2;0.651
7103.7;0.485
7104.2;1.029
7104.7;0.498
7105.2;0.169
7105.7;0.977
7106.2;0.767
7106.7;0.333
7107.2;0.952
7107.7;0.406
7108.2;0.566
7108.7;0.573
7109.2;0.449
7109.7;0.69
7110.2;0.165
7110.7;0.223
7111.2;0.901
7111.7;1.507
7112.2;0.649
7112.7;0.836
7113.2;0.89
7113.7;0.484
7114.2;0.091
7114.7;0.539
7115.2;0.239
7115.7;0.36
7116.2;0.54
7116.7;0.614
7117.2;0.276
7117.7;0.234
7118.2;0.369
7118.7;0.548
7119.2;0.377
7119.7;0.467
7120.2;0.537
7120.7;0.205
7121.2;0.482
7121.7;0.599
7122.2;0.576
7122.7;0.668
7123.2;0.352
7123.7;1.05
7124.2;0.495
7124.7;0.386
7125.2;0.315
7125.7;0.111
7126.2;0.339
7126.7;0.486
7127.2;0.702
7127.7;0.393
7128.2;0.241
7128.7;0.577
7129.2;0.492
7129.7;0.186
7130.2;0.082
7130.7;1.003
7131.2;0.243
7131.7;1.121
7132.2;0.196
7132.7;0.059
7133.2;0.765
7133.7;0.222
7134.2;0.699
7134.7;0.799
7135.2;1.031
7135.7;0.742
7136.2;0.875
7136.7;0.411
7137.2;0.57
7137.7;0.759
7138.2;0.337
7138.7;0.141
7139.2;0.388
7139.7;0.219
7140.2;0.35
7140.7;0.086
7141.2;0.446
7141.7;0.73
7142.2;0.798
7142.7;0.846
7143.2;0.846
7143.7;0.47
7144.2;0.679
7144.7;1.039
7145.2;1.018
7145.7;0.509
7146.2;1.4
7146.7;0.301
7147.2;0.315
7147.7;0.577
7148.2;0.241
7148.7;0.107
7149.2;0.43
7149.7;0.939
7150.2;0.822
7150.7;0.814
7151.2;0.293
7151.7;0.273
7152.2;0.177
7152.7;0.543
7153.2;0.733
7153.7;0.072
7154.2;0.994
7154.7;0.806
7155.2;0.33
7155.7;0.503
7156.2;0.436
7156.7;0.647
7157.2;0.264
7157.7;0.964
7158.2;0.603
7158.7;0.929
7159.2;0.403
7159.7;0.459
7160.2;0.438
7160.7;0.362
7161.2;0.217
7161.7;0.483
7162.2;0.237
7162.7;0.113
7163.2;0.121
7163.7;0.302
7164.2;0.471
7164.7;0.285
7165.2;0.279
7165.7;0.454
7166.2;0.655
7166.7;0.224
7167.2;0.356
7167.7;0.442
7168.2;0.262
7168.7;0.831
7169.2;0.236
7169.7;0.277
7170.2;0.545
7170.7;0.776
7171.2;0.349
7171.7;0.297
7172.2;0.285
7172.7;0.511
7173.2;0.542
7173.7;0.462
7174.2;0.346
7174.7;0.276
7175.2;0.448
7175.7;0.498
7176.2;0.46
7176.7;0.135
7177.2;0.377
7177.7;0.359
7178.2;0.282
7178.7;0.278
7179.2;0.077
7179.7;0.399
7180.2;0.157
7180.7;0.085
7181.2;0.343
7181.7;0.274
7182.2;0.043
7182.7;0.351
7183.2;0.3
7183.7;0.145
7184.2;0.665
7184.7;0.537
7185.2;0.069
7185.7;0.221
7186.2;0.625
7186.7;0.277
7187.2;0.693
7187.7;0.514
7188.2;0.292
7188.7;0.303
7189.2;0.209
7189.7;0.257
7190.2;0.171
7190.7;0.29
7191.2;0.408
7191.7;0.394
7192.2;0.401
7192.7;0.211
7193.2;0.496
7193.7;0.294
7194.2;0.417
7194.7;0.257
7195.2;0.378
7195.7;0.195
7196.2;0.269
7196.7;0.642
7197.2;0.259
7197.7;0.283
7198.2;0.484
7198.7;0.736
7199.2;0.612
7199.7;0.272
7200.2;0.337
7200.7;0.282
7201.2;0.544
7201.7;0.393
7202.2;0.511
7202.7;0.597
7203.2;0.489
7203.7;0.471
7204.2;0.163
7204.7;0.44
7205.2;0.38
7205.7;0.575
7206.2;0.702
7206.7;0.488
7207.2;0.39
7207.7;0.654
7208.2;0.178
7208.7;0.25
7209.2;0.553
7209.7;0.626
7210.2;0.306
7210.7;0.507
7211.2;0.245
7211.7;0.246
7212.2;0.165
7212.7;0.262
7213.2;0.083
7213.7;0.326
7214.2;0.393
7214.7;0.189
7215.2;0.449
7215.7;0.098
7216.2;0.041
7216.7;0.037
7217.2;0.25
7217.7;0.045
7218.2;0.12
7218.7;0.538
7219.2;0.368
7219.7;0.132
7220.2;0.347
7220.7;0.255
7221.2;0.16
7221.7;0.267
7222.2;0.41
7222.7;0.278
7223.2;0.454
7223.7;0.131
7224.2;0.464
7224.7;0.086
7225.2;0.59
7225.7;0.422
7226.2;0.353
7226.7;0.295
7227.2;0.218
7227.7;0.253
7228.2;0.204
7228.7;0.852
7229.2;0.16
7229.7;0.424
7230.2;0.059
7230.7;0.154
7231.2;0.396
7231.7;0.368
7232.2;0.231
7232.7;0.189
7233.2;0.321
7233.7;0.211
7234.2;0.072
7234.7;0.173
7235.2;0.118
7235.7;0.392
7236.2;0.42
7236.7;0.145
7237.2;0.374
7237.7;0.193
7238.2;0.034
7238.7;0.304
7239.2;0.294
7239.7;0.308
7240.2;0.275
7240.7;0.117
7241.2;0.218
7241.7;0.123
7242.2;0.162
7242.7;0.173
7243.2;0.351
7243.7;0.203
7244.2;0.645
7244.7;0.484
7245.2;0.238
7245.7;0.167
7246.2;0.093
7246.7;0.284
7247.2;0.142
7247.7;0.456
7248.2;0.202
7248.7;0.192
7249.2;0.193
7249.7;0.247
7250.2;0.301
7250.7;0.159
7251.2;0.271
7251.7;0.212
7252.2;0.21
7252.7;0.303
7253.2;0.183
7253.7;0.267
7254.2;0.324
7254.7;0.111
7255.2;0.256
7255.7;0.131
7256.2;0.169
7256.7;0.308
7257.2;0.178
7257.7;0.321
7258.2;0.096
7258.7;0.058
7259.2;0.317
7259.7;0.127
7260.2;0.27
7260.7;0.344
7261.2;0.048
7261.7;0.062
7262.2;0.448
7262.7;0.207
7263.2;0.12
7263.7;0.244
7264.2;0.352
7264.7;0.286
7265.2;0.471
7265.7;0.258
7266.2;0.299
7266.7;0.255
7267.2;0.22
7267.7;0.438
7268.2;0.398
7268.7;0.319
7269.2;0.071
7269.7;0.126
7270.2;0.127
7270.7;0.256
7271.2;0.22
7271.7;0.175
7272.2;0.497
7272.7;0.242
7273.2;0.22
7273.7;0.087
7274.2;0.131
7274.7;0.104
7275.2;0.252
7275.7;0.25
7276.2;0.257
7276.7;0.534
7277.2;0.228
7277.7;0.17
7278.2;0.108
7278.7;0.514
7279.2;0.205
7279.7;0.059
7280.2;0.462
7280.7;0.476
7281.2;0.278
7281.7;0.314
7282.2;0.503
7282.7;0.309
7283.2;0.481
7283.7;0.326
7284.2;0.37
7284.7;0.242
7285.2;0.622
7285.7;0.461
7286.2;0.416
7286.7;0.44
7287.2;0.295
7287.7;0.379
7288.2;0.331
7288.7;0.316
7289.2;0.656
7289.7;0.385
7290.2;0.173
7290.7;0.676
7291.2;0.056
7291.7;0.155
7292.2;0.279
7292.7;0.232
7293.2;0.435
7293.7;0.464
7294.2;0.467
7294.7;0.25
7295.2;0.876
7295.7;0.359
7296.2;1.409
7296.7;0.495
7297.2;0.184
7297.7;0.202
7298.2;0.965
7298.7;0.359
7299.2;0.535
7299.7;1.123
7300.2;0.38
7300.7;0.551
7301.2;0.454
7301.7;0.508
7302.2;0.417
7302.7;0.76
7303.2;1.371
7303.7;1.032
7304.2;0.938
7304.7;0.559
7305.2;0.476
7305.7;1.131
7306.2;0.239
7306.7;1.206
7307.2;0.606
7307.7;0.674
7308.2;0.531
7308.7;0.35
7309.2;0.573
7309.7;0.378
7310.2;0.584
7310.7;0.928
7311.2;1.049
7311.7;0.6
7312.2;1.316
7312.7;0.615
7313.2;0.799
7313.7;0.41
7314.2;0.894
7314.7;0.309
7315.2;1.154
7315.7;0.273
7316.2;0.362
7316.7;0.239
7317.2;0.383
7317.7;0.422
7318.2;0.72
7318.7;0.237
7319.2;1.033
7319.7;0.969
7320.2;0.284
7320.7;0.618
7321.2;0.803
7321.7;0.583
7322.2;0.582
7322.7;0.279
7323.2;0.362
7323.7;0.215
7324.2;0.722
7324.7;0.466
7325.2;0.509
7325.7;0.495
7326.2;0.408
7326.7;0.498
7327.2;0.548
7327.7;0.232
7328.2;0.279
7328.7;0.238
7329.2;0.238
7329.7;0.06
7330.2;0.66
7330.7;0.37
7331.2;0.453
7331.7;0.69
7332.2;0.094
7332.7;0.312
7333.2;0.438
7333.7;0.153
7334.2;0.526
7334.7;0.278
7335.2;0.752
7335.7;0.361
7336.2;0.73
7336.7;0.266
7337.2;0.369
7337.7;0.642
7338.2;0.596
7338.7;0.56
7339.2;0.213
7339.7;0.241
7340.2;0.151
7340.7;0.139
7341.2;0.258
7341.7;0.283
7342.2;0.547
7342.7;0.332
7343.2;0.505
7343.7;0.21
7344.2;0.306
7344.7;0.527
7345.2;0.581
7345.7;0.571
7346.2;0.066
7346.7;0.535
7347.2;0.408
7347.7;0.093
7348.2;0.281
7348.7;0.376
7349.2;0.329
7349.7;0.241
7350.2;0.44
7350.7;0.254
7351.2;0.442
7351.7;0.52
7352.2;0.361
7352.7;0.261
7353.2;0.594
7353.7;0.452
7354.2;0.21
7354.7;0.129
7355.2;0.194
7355.7;0.393
7356.2;0.19
7356.7;0.449
7357.2;0.084
7357.7;0.17
7358.2;0.29
7358.7;0.336
7359.2;0.324
7359.7;0.592
7360.2;0.464
7360.7;0.372
7361.2;0.846
7361.7;0.48
7362.2;0.317
7362.7;0.41
7363.2;0.575
7363.7;0.085
7364.2;0.216
7364.7;0.423
7365.2;0.43
7365.7;0.294
7366.2;0.088
7366.7;0.203
7367.2;0.726
7367.7;0.149
7368.2;0.569
7368.7;0.639
7369.2;0.519
7369.7;0.472
7370.2;1.106
7370.7;0.565
7371.2;0.323
7371.7;0.353
7372.2;0.244
7372.7;0.325
7373.2;0.27
7373.7;0.562
7374.2;0.298
7374.7;0.333
7375.2;0.409
7375.7;0.197
7376.2;0.124
7376.7;0.339
7377.2;0.672
7377.7;0.24
7378.2;0.256
7378.7;0.318
7379.2;0.372
7379.7;0.295
7380.2;0.379
7380.7;0.359
7381.2;0.284
7381.7;0.322
7382.2;1.019
7382.7;0.954
7383.2;0.639
7383.7;0.818
7384.2;0.723
7384.7;0.609
7385.2;0.435
7385.7;0.638
7386.2;0.6
7386.7;0.555
7387.2;0.992
7387.7;0.468
7388.2;0.303
7388.7;0.191
7389.2;0.401
7389.7;1.328
7390.2;0.255
7390.7;1.046
7391.2;0.277
7391.7;0.405
7392.2;0.373
7392.7;0.77
7393.2;0.944
7393.7;0.266
7394.2;0.805
7394.7;0.402
7395.2;0.18
7395.7;0.147
7396.2;0.292
7396.7;0.339
7397.2;0.208
7397.7;0.719
7398.2;0.43
7398.7;0.517
7399.2;0.384
7399.7;0.245
7400.2;0.717
7400.7;0.316
7401.2;0.995
7401.7;0.316
7402.2;0.157
7402.7;0.168
7403.2;0.335
7403.7;0.352
7404.2;0.301
7404.7;0.436
7405.2;0.592
7405.7;0.422
7406.2;0.49
7406.7;0.363
7407.2;0.189
7407.7;0.355
7408.2;1.117
7408.7;0.781
7409.2;0.457
7409.7;0.812
7410.2;0.501
7410.7;0.196
7411.2;0.86
7411.7;0.484
7412.2;0.683
7412.7;0.482
7413.2;0.729
7413.7;0.54
7414.2;0.389
7414.7;0.298
7415.2;0.718
7415.7;0.434
7416.2;0.55
7416.7;0.893
7417.2;0.143
7417.7;0.158
7418.2;0.557
7418.7;0.905
7419.2;0.08
7419.7;0.542
7420.2;0.408
7420.7;0.605
7421.2;0.399
7421.7;0.099
7422.2;0.676
7422.7;0.222
7423.2;0.284
7423.7;0.37
7424.2;0.977
7424.7;0.237
7425.2;0.585
7425.7;0.676
7426.2;0.506
7426.7;0.594
7427.2;0.697
7427.7;0.406
7428.2;0.491
7428.7;0.565
7429.2;0.396
7429.7;0.307
7430.2;0.566
7430.7;1.144
7431.2;0.538
7431.7;0.808
7432.2;0.55
7432.7;0.477
7433.2;0.48
7433.7;1.384
7434.2;1.071
7434.7;0.946
7435.2;0.506
7435.7;1.07
7436.2;0.15
7436.7;0.535
7437.2;0.617
7437.7;0.889
7438.2;0.836
7438.7;0.88
7439.2;0.638
7439.7;0.994
7440.2;0.567
7440.7;0.723
7441.2;0.301
7441.7;0.799
7442.2;0.544
7442.7;0.239
7443.2;0.408
7443.7;0.393
7444.2;0.535
7444.7;0.204
7445.2;0.983
7445.7;0.726
7446.2;0.256
7446.7;0.812
7447.2;0.757
7447.7;0.195
7448.2;1.183
7448.7;0.896
7449.2;0.508
7449.7;0.5
7450.2;0.185
7450.7;0.208
7451.2;0.185
7451.7;0.698
7452.2;0.924
7452.7;0.777
7453.2;0.507
7453.7;0.82
7454.2;0.032
7454.7;0.03
7455.2;0.505
7455.7;0.514
7456.2;1.094
7456.7;0.931
7457.2;0.608
7457.7;0.464
7458.2;0.453
7458.7;0.319
7459.2;0.633
7459.7;0.435
7460.2;0.829
7460.7;0.607
7461.2;0.629
7461.7;0.727
7462.2;0.193
7462.7;0.152
7463.2;0.528
7463.7;1.003
7464.2;0.425
7464.7;1.128
7465.2;0.913
7465.7;0.519
7466.2;0.384
7466.7;0.553
7467.2;0.656
7467.7;0.518
7468.2;0.788
7468.7;0.853
7469.2;0.591
7469.7;0.882
7470.2;0.308
7470.7;0.356
7471.2;0.166
7471.7;0.665
7472.2;0.468
7472.7;0.857
7473.2;0.138
7473.7;0.401
7474.2;0.174
7474.7;0.644
7475.2;0.339
7475.7;0.628
7476.2;0.698
7476.7;0.619
7477.2;0.853
7477.7;0.456
7478.2;0.333
7478.7;0.527
7479.2;0.495
7479.7;0.807
7480.2;0.178
7480.7;1.133
7481.2;0.395
7481.7;0.232
7482.2;0.141
7482.7;0.114
7483.2;0.261
7483.7;0.279
7484.2;0.863
7484.7;0.519
7485.2;0.683
7485.7;0.301
7486.2;0.537
7486.7;1.008
7487.2;0.714
7487.7;0.647
7488.2;0.479
7488.7;0.321
7489.2;0.476
7489.7;0.43
7490.2;0.732
7490.7;0.198
7491.2;0.635
7491.7;0.463
7492.2;0.512
7492.7;0.375
7493.2;0.233
7493.7;0.723
7494.2;0.768
7494.7;0.594
7495.2;0.91
7495.7;0.131
7496.2;0.382
7496.7;0.426
7497.2;0.596
7497.7;0.557
7498.2;0.388
7498.7;0.839
7499.2;0.403
7499.7;0.59
7500.2;0.707
7500.7;0.133
7501.2;0.403
7501.7;0.634
7502.2;1.173
7502.7;0.563
7503.2;0.288
7503.7;0.47
7504.2;0.648
7504.7;0.907
7505.2;0.787
7505.7;0.579
7506.2;0.401
7506.7;0.159
7507.2;0.744
7507.7;0.882
7508.2;0.912
7508.7;0.447
7509.2;0.131
7509.7;0.547
7510.2;0.799
7510.7;0.614
7511.2;0.89
7511.7;0.607
7512.2;0.483
7512.7;0.418
7513.2;0.879
7513.7;0.747
7514.2;0.555
7514.7;0.207
7515.2;0.341
7515.7;0.405
7516.2;0.669
7516.7;0.689
7517.2;1.053
7517.7;0.296
7518.2;0.187
7518.7;0.847
7519.2;0.782
7519.7;0.201
7520.2;0.322
7520.7;1.423
7521.2;0.984
7521.7;0.577
7522.2;0.138
7522.7;0.087
7523.2;0.228
7523.7;0.732
7524.2;0.793
7524.7;0.75
7525.2;0.536
7525.7;1.113
7526.2;0.51
7526.7;0.552
7527.2;0.128
7527.7;0.799
7528.2;0.518
7528.7;0.163
7529.2;0.406
7529.7;0.258
7530.2;0.432
7530.7;0.105
7531.2;0.688
7531.7;0.656
7532.2;0.285
7532.7;0.977
7533.2;0.462
7533.7;0.279
7534.2;0.721
7534.7;0.429
7535.2;0.227
7535.7;0.629
7536.2;0.519
7536.7;0.52
7537.2;0.621
7537.7;0.349
7538.2;0.491
7538.7;0.708
7539.2;0.447
7539.7;0.329
7540.2;0.269
7540.7;0.125
7541.2;0.699
7541.7;0.346
7542.2;0.316
7542.7;0.143
7543.2;0.779
7543.7;0.58
7544.2;0.468
7544.7;0.569
7545.2;0.647
7545.7;0.109
7546.2;0.483
7546.7;0.46
7547.2;0.273
7547.7;0.593
7548.2;0.292
7548.7;0.27
7549.2;0.072
7549.7;0.159
7550.2;0.107
7550.7;0.5
7551.2;0.406
7551.7;0.226
7552.2;0.693
7552.7;0.228
7553.2;0.207
7553.7;0.713
7554.2;0.345
7554.7;0.431
7555.2;0.475
7555.7;0.105
7556.2;0.326
7556.7;0.077
7557.2;0.209
7557.7;0.168
7558.2;0.403
7558.7;0.725
7559.2;0.286
7559.7;0.515
7560.2;0.679
7560.7;0.134
7561.2;0.554
7561.7;0.776
7562.2;0.088
7562.7;0.252
7563.2;0.575
7563.7;0.711
7564.2;0.63
7564.7;0.674
7565.2;0.582
7565.7;0.517
7566.2;0.812
7566.7;0.933
7567.2;0.327
7567.7;0.519
7568.2;0.237
7568.7;0.426
7569.2;0.53
7569.7;0.364
7570.2;0.265
7570.7;0.221
7571.2;0.453
7571.7;0.326
7572.2;0.213
7572.7;0.422
7573.2;0.452
7573.7;0.351
7574.2;0.823
7574.7;0.14
7575.2;0.327
7575.7;0.218
7576.2;0.132
7576.7;0.18
7577.2;0.277
7577.7;0.853
7578.2;0.424
7578.7;0.508
7579.2;0.117
7579.7;0.226
7580.2;0.09
7580.7;0.568
7581.2;0.348
7581.7;0.309
7582.2;0.087
7582.7;0.319
7583.2;0.294
7583.7;0.468
7584.2;0.21
7584.7;0.506
7585.2;0.741
7585.7;0.159
7586.2;0.357
7586.7;0.447
7587.2;0.655
7587.7;0.331
7588.2;0.2
7588.7;0.363
7589.2;0.085
7589.7;0.15
7590.2;0.11
7590.7;0.02
7591.2;0.509
7591.7;0.331
7592.2;0.176
7592.7;0.38
7593.2;0.161
7593.7;0.561
7594.2;0.237
7594.7;0.221
7595.2;0.438
7595.7;0.247
7596.2;0.354
7596.7;0.228
7597.2;0.365
7597.7;0.714
7598.2;0.326
7598.7;0.098
7599.2;0.508
7599.7;0.463
7600.2;0.607
7600.7;0.486
7601.2;0.259
7601.7;0.701
7602.2;0.394
7602.7;0.084
7603.2;0.135
7603.7;0.241
7604.2;0.36
7604.7;0.299
7605.2;0.271
7605.7;0.537
7606.2;0.637
7606.7;0.482
7607.2;0.374
7607.7;0.237
7608.2;0.371
7608.7;0.09
7609.2;0.284
7609.7;0.55
7610.2;0.176
7610.7;0.385
7611.2;0.517
7611.7;0.365
7612.2;0.31
7612.7;0.489
7613.2;0.824
7613.7;0.707
7614.2;0.455
7614.7;0.606
7615.2;0.464
7615.7;0.358
7616.2;0.351
7616.7;0.194
7617.2;0.203
7617.7;0.711
7618.2;0.666
7618.7;0.518
7619.2;0.233
7619.7;0.69
7620.2;0.554
7620.7;0.605
7621.2;0.412
7621.7;0.546
7622.2;0.196
7622.7;0.309
7623.2;0.08
7623.7;0.484
7624.2;0.499
7624.7;0.413
7625.2;0.423
7625.7;0.444
7626.2;0.386
7626.7;0.421
7627.2;0.189
7627.7;0.217
7628.2;0.583
7628.7;0.283
7629.2;0.613
7629.7;0.36
7630.2;0.553
7630.7;0.119
7631.2;0.473
7631.7;0.445
7632.2;0.219
7632.7;0.123
7633.2;0.168
7633.7;0.258
7634.2;0.436
7634.7;0.298
7635.2;0.097
7635.7;0.046
7636.2;0.28
7636.7;0.447
7637.2;0.24
7637.7;0.143
7638.2;0.146
7638.7;0.243
7639.2;0.166
7639.7;0.398
7640.2;0.375
7640.7;0.405
7641.2;0.145
7641.7;0.177
7642.2;0.224
7642.7;0.292
7643.2;0.227
7643.7;0.484
7644.2;0.135
7644.7;0.234
7645.2;0.253
7645.7;0.198
7646.2;0.307
7646.7;0.356
7647.2;0.631
7647.7;0.302
7648.2;0.503
7648.7;0.569
7649.2;0.488
7649.7;0.475
7650.2;0.562
7650.7;0.553
7651.2;0.189
7651.7;0.308
7652.2;0.264
7652.7;0.125
7653.2;0.657
7653.7;0.579
7654.2;0.324
7654.7;0.112
7655.2;0.522
7655.7;0.494
7656.2;0.12
7656.7;0.269
7657.2;1.11
7657.7;0.753
7658.2;0.334
7658.7;0.494
7659.2;0.285
7659.7;0.552
7660.2;0.243
7660.7;0.338
7661.2;0.368
7661.7;0.28
7662.2;0.515
7662.7;0.063
7663.2;0.428
7663.7;0.892
7664.2;0.148
7664.7;0.541
7665.2;0.265
7665.7;0.409
7666.2;0.229
7666.7;0.104
7667.2;0.218
7667.7;0.531
7668.2;0.157
7668.7;0.231
7669.2;0.188
7669.7;0.098
7670.2;0.151
7670.7;0.583
7671.2;0.16
7671.7;0.205
7672.2;0.04
7672.7;0.019
7673.2;0.226
7673.7;0.078
7674.2;0.267
7674.7;0.075
7675.2;0.101
7675.7;0.086
7676.2;0.199
7676.7;0.118
7677.2;0.103
7677.7;0.34
7678.2;0.356
7678.7;0.307
7679.2;0.653
7679.7;0.262
7680.2;0.359
7680.7;0.174
7681.2;0.143
7681.7;0.091
7682.2;0.319
7682.7;0.13
7683.2;0.1
7683.7;0.067
7684.2;0.303
7684.7;0.31
7685.2;0.265
7685.7;0.215
7686.2;0.2
7686.7;0.011
7687.2;0.071
7687.7;0.381
7688.2;0.309
7688.7;0.113
7689.2;0.221
7689.7;0.289
7690.2;0.438
7690.7;0.234
7691.2;0.194
7691.7;0.227
7692.2;0.184
7692.7;0.349
7693.2;0.096
7693.7;0.331
7694.2;0.107
7694.7;0.088
7695.2;0.438
7695.7;0.242
7696.2;0.443
7696.7;0.088
7697.2;0.431
7697.7;0.114
7698.2;0.183
7698.7;0.067
7699.2;0.23
7699.7;0.245
7700.2;0.167
7700.7;0.13
7701.2;0.124
7701.7;0.218
7702.2;0.543
7702.7;0.432
7703.2;0.257
7703.7;0.418
7704.2;0.077
7704.7;0.291
7705.2;0.25
7705.7;0.308
7706.2;0.15
7706.7;0.267
7707.2;0.341
7707.7;0.064
7708.2;0.417
7708.7;0.347
7709.2;0.371
7709.7;0.274
7710.2;0.151
7710.7;0.409
7711.2;0.162
7711.7;0.296
7712.2;0.154
7712.7;0.263
7713.2;0.442
7713.7;0.312
7714.2;0.108
7714.7;0.328
7715.2;0.404
7715.7;0.315
7716.2;0.089
7716.7;0.226
7717.2;0.502
7717.7;0.474
7718.2;0.476
7718.7;0.583
7719.2;0.356
7719.7;0.304
7720.2;0.449
7720.7;0.176
7721.2;0.226
7721.7;0.423
7722.2;0.342
7722.7;0.162
7723.2;0.074
7723.7;0.514
7724.2;0.397
7724.7;0.169
7725.2;0.434
7725.7;0.241
7726.2;0.442
7726.7;0.179
7727.2;0.631
7727.7;0.256
7728.2;0.23
7728.7;0.363
7729.2;0.509
7729.7;0.26
7730.2;0.037
7730.7;0.327
7731.2;0.268
7731.7;0.345
7732.2;0.2
7732.7;0.361
7733.2;0.7
7733.7;0.507
7734.2;0.467
7734.7;0.156
7735.2;0.623
7735.7;0.409
7736.2;0.185
7736.7;0.213
7737.2;0.184
7737.7;0.366
7738.2;0.255
7738.7;0.049
7739.2;0.125
7739.7;0.153
7740.2;0.592
7740.7;0.345
7741.2;0.183
7741.7;0.273
7742.2;0.595
7742.7;0.195
7743.2;0.301
7743.7;0.417
7744.2;0.07
7744.7;0.165
7745.2;0.317
7745.7;0.332
7746.2;0.135
7746.7;0.264
7747.2;0.452
7747.7;0.237
7748.2;0.108
7748.7;0.077
7749.2;0.137
7749.7;0.377
7750.2;0.451
7750.7;0.081
7751.2;0.184
7751.7;0.085
7752.2;0.081
7752.7;0.14
7753.2;0.311
7753.7;0.187
7754.2;0.152
7754.7;0.396
7755.2;0.315
7755.7;0.232
7756.2;0.137
7756.7;0.211
7757.2;0.23
7757.7;0.583
7758.2;0.304
7758.7;0.26
7759.2;0.318
7759.7;0.052
7760.2;0.247
7760.7;0.339
7761.2;0.184
7761.7;0.374
7762.2;0.338
7762.7;0.441
7763.2;0.526
7763.7;0.31
7764.2;0.2
7764.7;0.501
7765.2;0.184
7765.7;0.321
7766.2;0.449
7766.7;0.541
7767.2;0.122
7767.7;0.175
7768.2;0.295
7768.7;0.056
7769.2;0.327
7769.7;0.41
7770.2;0.281
7770.7;0.231
7771.2;0.482
7771.7;0.26
7772.2;0.154
7772.7;0.116
7773.2;0.473
7773.7;0.148
7774.2;0.398
7774.7;0.248
7775.2;0.248
7775.7;0.037
7776.2;0.44
7776.7;0.314
7777.2;0.589
7777.7;0.057
7778.2;0.504
7778.7;0.435
7779.2;0.184
7779.7;0.194
7780.2;0.123
7780.7;0.464
7781.2;0.134
7781.7;0.138
7782.2;0.268
7782.7;0.378
7783.2;0.189
7783.7;0.113
7784.2;0.165
7784.7;0.122
7785.2;0.545
7785.7;0.38
7786.2;0.221
7786.7;0.351
7787.2;0.421
7787.7;0.562
7788.2;0.226
7788.7;0.359
7789.2;0.334
7789.7;0.514
7790.2;0.623
7790.7;0.113
7791.2;0.662
7791.7;0.054
7792.2;0.452
7792.7;0.16
7793.2;0.224
7793.7;0.399
7794.2;0.141
7794.7;0.398
7795.2;0.246
7795.7;0.31
7796.2;0.295
7796.7;0.542
7797.2;0.651
7797.7;0.197
7798.2;0.461
7798.7;0.326
7799.2;0.122
7799.7;0.262
7800.2;0.137
7800.7;0.417
7801.2;0.438
7801.7;0.301
7802.2;0.049
7802.7;0.221
7803.2;0.298
7803.7;0.129
7804.2;0.415
7804.7;0.186
7805.2;0.341
7805.7;0.279
7806.2;0.357
7806.7;0.412
7807.2;0.778
7807.7;0.251
7808.2;0.306
7808.7;0.495
7809.2;0.477
7809.7;0.138
7810.2;0.322
7810.7;0.528
7811.2;0.25
7811.7;0.154
7812.2;0.407
7812.7;0.817
7813.2;0.251
7813.7;0.176
7814.2;0.283
7814.7;0.198
7815.2;0.364
7815.7;0.474
7816.2;0.109
7816.7;0.13
7817.2;0.559
7817.7;0.483
7818.2;0.389
7818.7;0.22
7819.2;0.132
7819.7;0.155
7820.2;0.572
7820.7;0.303
7821.2;0.233
7821.7;0.252
7822.2;0.193
7822.7;0.255
7823.2;0.081
7823.7;0.653
7824.2;0.222
7824.7;0.16
7825.2;0.276
7825.7;0.491
7826.2;0.049
7826.7;0.09
7827.2;0.136
7827.7;0.104
7828.2;0.364
7828.7;0.39
7829.2;0.296
7829.7;0.273
7830.2;0.159
7830.7;0.118
7831.2;0.554
7831.7;0.155
7832.2;0.236
7832.7;0.136
7833.2;0.263
7833.7;0.517
7834.2;0.378
7834.7;0.246
7835.2;0.375
7835.7;0.064
7836.2;0.161
7836.7;0.092
7837.2;0.062
7837.7;0.137
7838.2;0.137
7838.7;0.319
7839.2;0.099
7839.7;0.346
7840.2;0.143
7840.7;0.245
7841.2;0.397
7841.7;0.066
7842.2;0.108
7842.7;0.296
7843.2;0.266
7843.7;0.361
7844.2;0.124
7844.7;0.269
7845.2;0.326
7845.7;0.084
7846.2;0.472
7846.7;0.643
7847.2;0.293
7847.7;0.378
7848.2;0.067
7848.7;0.285
7849.2;0.53
7849.7;0.377
7850.2;0.376
7850.7;0.183
7851.2;0.309
7851.7;0.406
7852.2;0.345
7852.7;0.26
7853.2;0.283
7853.7;0.28
7854.2;0.395
7854.7;0.656
7855.2;0.201
7855.7;0.637
7856.2;0.258
7856.7;0.365
7857.2;0.396
7857.7;0.198
7858.2;0.366
7858.7;0.384
7859.2;0.098
7859.7;0.154
7860.2;0.545
7860.7;0.438
7861.2;0.239
7861.7;0.459
7862.2;0.325
7862.7;0.479
7863.2;0.448
7863.7;0.521
7864.2;0.41
7864.7;0.24
7865.2;0.289
7865.7;0.169
7866.2;0.525
7866.7;0.334
7867.2;0.029
7867.7;0.263
7868.2;0.495
7868.7;0.178
7869.2;0.597
7869.7;0.146
7870.2;0.294
7870.7;0.155
7871.2;0.323
7871.7;0.413
7872.2;0.556
7872.7;0.235
7873.2;0.271
7873.7;0.173
7874.2;0.258
7874.7;0.163
7875.2;0.757
7875.7;0.092
7876.2;0.503
7876.7;0.278
7877.2;0.344
7877.7;0.126
7878.2;0.217
7878.7;0.436
7879.2;0.296
7879.7;0.57
7880.2;0.797
7880.7;0.413
7881.2;0.207
7881.7;0.21
7882.2;0.116
7882.7;0.032
7883.2;0.336
7883.7;0.479
7884.2;0.324
7884.7;0.321
7885.2;0.016
7885.7;0.182
7886.2;0.234
7886.7;0.218
7887.2;0.592
7887.7;0.165
7888.2;0.232
7888.7;0.214
7889.2;0.235
7889.7;0.389
7890.2;0.092
7890.7;0.414
7891.2;0.335
7891.7;0.232
7892.2;0.129
7892.7;0.241
7893.2;0.287
7893.7;0.25
7894.2;0.583
7894.7;0.433
7895.2;0.371
7895.7;0.514
7896.2;0.078
7896.7;0.042
7897.2;0.068
7897.7;0.483
7898.2;0.225
7898.7;0.064
7899.2;0.446
7899.7;0.257
7900.2;0.168
7900.7;0.27
7901.2;0.357
7901.7;0.497
7902.2;0.456
7902.7;0.38
7903.2;0.209
7903.7;0.125
7904.2;0.097
7904.7;0.317
7905.2;0.295
7905.7;0.167
7906.2;0.364
7906.7;0.064
7907.2;0.064
7907.7;0.056
7908.2;0.298
7908.7;0.123
7909.2;0.585
7909.7;0.101
7910.2;0.123
7910.7;0.35
7911.2;0.25
7911.7;0.05
7912.2;0.571
7912.7;0.554
7913.2;0.512
7913.7;0.151
7914.2;0.848
7914.7;0.185
7915.2;0.522
7915.7;0.568
7916.2;0.251
7916.7;0.307
7917.2;0.43
7917.7;0.45
7918.2;0.288
7918.7;0.313
7919.2;0.265
7919.7;0.114
7920.2;0.272
7920.7;0.245
7921.2;0.539
7921.7;0.383
7922.2;0.483
7922.7;0.413
7923.2;0.522
7923.7;0.125
7924.2;0.235
7924.7;0.44
7925.2;0.2
7925.7;0.387
7926.2;0.247
7926.7;0.465
7927.2;0.208
7927.7;0.637
7928.2;0.367
7928.7;0.072
7929.2;0.327
7929.7;0.392
7930.2;0.1
7930.7;0.063
7931.2;0.324
7931.7;0.12
7932.2;0.376
7932.7;0.043
7933.2;0.166
7933.7;0.067
7934.2;0.324
7934.7;0.204
7935.2;0.531
7935.7;0.368
7936.2;0.231
7936.7;0.238
7937.2;0.311
7937.7;0.416
7938.2;0.124
7938.7;0.22
7939.2;0.348
7939.7;0.474
7940.2;0.178
7940.7;0.151
7941.2;0.187
7941.7;0.018
7942.2;0.142
7942.7;0.095
7943.2;0.184
7943.7;0.184
7944.2;0.225
7944.7;0.371
7945.2;0.265
7945.7;0.045
7946.2;0.193
7946.7;0.284
7947.2;0.096
7947.7;0.339
7948.2;0.246
7948.7;0.052
7949.2;0.108
7949.7;0.31
7950.2;0.247
7950.7;0.092
7951.2;0.191
7951.7;0.182
7952.2;0.064
7952.7;0.274
7953.2;0.078
7953.7;0.279
7954.2;0.05
7954.7;0.101
7955.2;0.231
7955.7;0.184
7956.2;0.282
7956.7;0.143
7957.2;0.256
7957.7;0.335
7958.2;0.151
7958.7;0.206
7959.2;0.314
7959.7;0.159
7960.2;0.151
7960.7;0.141
7961.2;0.234
7961.7;0.089
7962.2;0.348
7962.7;0.098
7963.2;0.059
7963.7;0.1
7964.2;0.211
7964.7;0.181
7965.2;0.125
7965.7;0.372
7966.2;0.417
7966.7;0.262
7967.2;0.196
7967.7;0.143
7968.2;0.166
7968.7;0.36
7969.2;0.281
7969.7;0.146
7970.2;0.039
7970.7;0.045
7971.2;0.143
7971.7;0.171
7972.2;0.429
7972.7;0.213
7973.2;0.281
7973.7;0.466
7974.2;0.04
7974.7;0.192
7975.2;0.357
7975.7;0.295
7976.2;0.181
7976.7;0.303
7977.2;0.366
7977.7;0.084
7978.2;0.57
7978.7;0.209
7979.2;0.368
7979.7;0.182
7980.2;0.285
7980.7;0.085
7981.2;0.167
7981.7;0.358
7982.2;0.458
7982.7;0.208
7983.2;0.229
7983.7;0.397
7984.2;0.203
7984.7;0.334
7985.2;0.526
7985.7;0.113
7986.2;0.117
7986.7;0.173
7987.2;0.06
7987.7;0.44
7988.2;0.342
7988.7;0.266
7989.2;0.711
7989.7;0.476
7990.2;0.132
7990.7;0.174
7991.2;0.375
7991.7;0.439
7992.2;0.698
7992.7;0.348
7993.2;0.195
7993.7;0.169
7994.2;0.108
7994.7;0.14
7995.2;0.178
7995.7;0.256
7996.2;0.35
7996.7;0.479
7997.2;0.461
7997.7;0.186
7998.2;0.32
7998.7;0.22
7999.2;0.296
7999.7;0.16
8000.2;0.448
8000.7;0.218
8001.2;0.122
8001.7;0.285
8002.2;0.162
8002.7;0.165
8003.2;0.019
8003.7;0.389
8004.2;0.19
8004.7;0.099
8005.2;0.338
8005.7;0.046
8006.2;0.359
8006.7;0.195
8007.2;0.335
8007.7;0.423
8008.2;0.345
8008.7;0.12
8009.2;0.321
8009.7;0.274
8010.2;0.134
8010.7;0.093
8011.2;0.342
8011.7;0.216
8012.2;0.157
8012.7;0.221
8013.2;0.072
8013.7;0.115
8014.2;0.199
8014.7;0.151
8015.2;0.221
8015.7;0.348
8016.2;0.194
8016.7;0.26
8017.2;0.418
8017.7;0.243
8018.2;0.123
8018.7;0.201
8019.2;0.09
8019.7;0.104
8020.2;0.086
8020.7;0.029
8021.2;0.197
8021.7;0.285
8022.2;0.306
8022.7;0.167
8023.2;0.245
8023.7;0.34
8024.2;0.279
8024.7;0.326
8025.2;0.199
8025.7;0.293
8026.2;0.181
8026.7;0.26
8027.2;0.27
8027.7;0.206
8028.2;0.29
8028.7;0.259
8029.2;0.442
8029.7;0.295
8030.2;0.085
8030.7;0.296
8031.2;0.026
8031.7;0.126
8032.2;0.431
8032.7;0.354
8033.2;0.294
8033.7;0.151
8034.2;0.219
8034.7;0.171
8035.2;0.422
8035.7;0.389
8036.2;0.291
8036.7;0.054
8037.2;0.468
8037.7;0.3
8038.2;0.111
8038.7;0.057
8039.2;0.166
8039.7;0.125
8040.2;0.211
8040.7;0.36
8041.2;0.136
8041.7;0.331
8042.2;0.524
8042.7;0.245
8043.2;0.228
8043.7;0.168
8044.2;0.34
8044.7;0.36
8045.2;0.163
8045.7;0.249
8046.2;0.393
8046.7;0.019
8047.2;0.052
8047.7;0.535
8048.2;0.064
8048.7;0.098
8049.2;0.553
8049.7;0.093
8050.2;0.113
8050.7;0.183
8051.2;0.35
8051.7;0.179
8052.2;0.366
8052.7;0.223
8053.2;0.377
8053.7;0.466
8054.2;0.366
8054.7;0.217
8055.2;0.358
8055.7;0.318
8056.2;0.126
8056.7;0.012
8057.2;0.246
8057.7;0.461
8058.2;0.121
8058.7;0.231
8059.2;0.297
8059.7;0.24
8060.2;0.367
8060.7;0.161
8061.2;0.164
8061.7;0.229
8062.2;0.137
8062.7;0.197
8063.2;0.114
8063.7;0.252
8064.2;0.05
8064.7;0.319
8065.2;0.15
8065.7;0.266
8066.2;0.324
8066.7;0.272
8067.2;0.316
8067.7;0.367
8068.2;0.266
8068.7;0.158
8069.2;0.094
8069.7;0.215
8070.2;0.247
8070.7;0.318
8071.2;0.451
8071.7;0.267
8072.2;0.541
8072.7;0.243
8073.2;0.146
8073.7;0.413
8074.2;0.072
8074.7;0.165
8075.2;0.178
8075.7;0.279
8076.2;0.202
8076.7;0.289
8077.2;0.579
8077.7;0.085
8078.2;0.42
8078.7;0.31
8079.2;0.326
8079.7;0.168
8080.2;0.696
8080.7;0.47
8081.2;0.12
8081.7;0.033
8082.2;0.178
8082.7;0.566
8083.2;0.112
8083.7;0.232
8084.2;0.165
8084.7;0.21
8085.2;0.16
8085.7;0.51
8086.2;0.135
8086.7;0.137
8087.2;0.109
8087.7;0.072
8088.2;0.27
8088.7;0.229
8089.2;0.208
8089.7;0.055
8090.2;0.038
8090.7;0.031
8091.2;0.147
8091.7;0.073
8092.2;0.088
8092.7;0.088
8093.2;0.051
8093.7;0.19
8094.2;0.267
8094.7;0.115
8095.2;0.13
8095.7;0.099
8096.2;0.218
8096.7;0.342
8097.2;0.189
8097.7;0.138
8098.2;0.234
8098.7;0.379
8099.2;0.165
8099.7;0.334
8100.2;0.102
8100.7;0.113
8101.2;0.231
8101.7;0.213
8102.2;0.14
8102.7;0.341
8103.2;0.221
8103.7;0.277
8104.2;0.11
8104.7;0.61
8105.2;0.427
8105.7;0.49
8106.2;0.431
8106.7;0.136
8107.2;0.151
8107.7;0.174
8108.2;0.299
8108.7;0.073
8109.2;0.531
8109.7;0.23
8110.2;0.228
8110.7;0.235
8111.2;0.606
8111.7;0.544
8112.2;0.132
8112.7;0.205
8113.2;0.179
8113.7;0.251
8114.2;0.251
8114.7;0.466
8115.2;0.363
8115.7;0.071
8116.2;0.307
8116.7;0.156
8117.2;0.294
8117.7;0.077
8118.2;0.598
8118.7;0.476
8119.2;0.046
8119.7;0.46
8120.2;0.321
8120.7;0.283
8121.2;0.392
8121.7;0.574
8122.2;0.461
8122.7;0.531
8123.2;0.486
8123.7;0.32
8124.2;0.244
8124.7;0.243
8125.2;0.334
8125.7;0.58
8126.2;0.313
8126.7;0.203
8127.2;0.299
8127.7;0.187
8128.2;0.15
8128.7;0.239
8129.2;0.079
8129.7;0.489
8130.2;0.567
8130.7;0.087
8131.2;0.16
8131.7;0.308
8132.2;0.244
8132.7;0.539
8133.2;0.577
8133.7;0.591
8134.2;0.198
8134.7;0.421
8135.2;0.41
8135.7;0.254
8136.2;0.576
8136.7;0.384
8137.2;0.318
8137.7;0.327
8138.2;0.594
8138.7;0.487
8139.2;0.593
8139.7;0.265
8140.2;0.361
8140.7;0.254
8141.2;0.325
8141.7;0.349
8142.2;0.39
8142.7;0.365
8143.2;0.088
8143.7;0.141
8144.2;0.623
8144.7;0.198
8145.2;0.179
8145.7;0.627
8146.2;0.337
8146.7;0.1
8147.2;0.222
8147.7;0.35
8148.2;0.063
8148.7;0.366
8149.2;0.407
8149.7;0.324
8150.2;0.299
8150.7;0.284
8151.2;0.155
8151.7;0.592
8152.2;0.181
8152.7;0.207
8153.2;0.306
8153.7;0.115
8154.2;0.103
8154.7;0.143
8155.2;0.427
8155.7;0.281
8156.2;0.098
8156.7;0.447
8157.2;0.293
8157.7;0.246
8158.2;0.465
8158.7;0.342
8159.2;0.411
8159.7;0.609
8160.2;0.275
8160.7;0.23
8161.2;0.159
8161.7;0.236
8162.2;0.095
8162.7;0.419
8163.2;0.28
8163.7;0.228
8164.2;0.172
8164.7;0.501
8165.2;0.304
8165.7;0.247
8166.2;0.104
8166.7;0.081
8167.2;0.409
8167.7;0.342
8168.2;0.144
8168.7;0.379
8169.2;0.172
8169.7;0.142
8170.2;0.243
8170.7;0.135
8171.2;0.094
8171.7;0.164
8172.2;0.252
8172.7;0.151
8173.2;0.152
8173.7;0.117
8174.2;0.265
8174.7;0.272
8175.2;0.098
8175.7;0.281
8176.2;0.051
8176.7;0.234
8177.2;0.33
8177.7;0.425
8178.2;0.238
8178.7;0.136
8179.2;0.164
8179.7;0.258
8180.2;0.04
8180.7;0.188
8181.2;0.135
8181.7;0.147
8182.2;0.121
8182.7;0.352
8183.2;0.2
8183.7;0.075
8184.2;0.073
8184.7;0.293
8185.2;0.263
8185.7;0.569
8186.2;0.298
8186.7;0.21
8187.2;0.401
8187.7;0.425
8188.2;0.292
8188.7;0.412
8189.2;0.13
8189.7;0.195
8190.2;0.31
8190.7;0.066
8191.2;0.242
8191.7;0.119
8192.2;0.098
8192.7;0.152
8193.2;0.219
8193.7;0.308
8194.2;0.414
8194.7;0.11
8195.2;0.187
8195.7;0.093
8196.2;0.172
8196.7;0.124
8197.2;0.34
8197.7;0.317
8198.2;0.276
8198.7;0.075
8199.2;0.12
8199.7;0.229
8200.2;0.267
8200.7;0.313
8201.2;0.202
8201.7;0.284
8202.2;0.061
8202.7;0.282
8203.2;0.219
8203.7;0.148
8204.2;0.069
8204.7;0.312
8205.2;0.562
8205.7;0.219
8206.2;0.208
8206.7;0.102
8207.2;0.148
8207.7;0.184
8208.2;0.199
8208.7;0.587
8209.2;0.352
8209.7;0.05
8210.2;0.203
8210.7;0.122
8211.2;0.269
8211.7;0.176
8212.2;0.457
8212.7;0.123
8213.2;0.346
8213.7;0.082
8214.2;0.042
8214.7;0.089
8215.2;0.265
8215.7;0.319
8216.2;0.287
8216.7;0.165
8217.2;0.146
8217.7;0.224
8218.2;0.13
8218.7;0.139
8219.2;0.303
8219.7;0.166
8220.2;0.374
8220.7;0.318
8221.2;0.225
8221.7;0.026
8222.2;0.182
8222.7;0.096
8223.2;0.284
8223.7;0.386
8224.2;0.251
8224.7;0.042
8225.2;0.159
8225.7;0.112
8226.2;0.317
8226.7;0.116
8227.2;0.232
8227.7;0.422
8228.2;0.091
8228.7;0.367
8229.2;0.259
8229.7;0.211
8230.2;0.125
8230.7;0.225
8231.2;0.261
8231.7;0.355
8232.2;0.177
8232.7;0.208
8233.2;0.143
8233.7;0.174
8234.2;0.06
8234.7;0.176
8235.2;0.495
8235.7;0.268
8236.2;0.238
8236.7;0.217
8237.2;0.084
8237.7;0.405
8238.2;0.197
8238.7;0.558
8239.2;0.393
8239.7;0.108
8240.2;0.34
8240.7;0.283
8241.2;0.164
8241.7;0.108
8242.2;0.143
8242.7;0.316
8243.2;0.158
8243.7;0.357
8244.2;0.34
8244.7;0.098
8245.2;0.174
8245.7;0.18
8246.2;0.444
8246.7;0.38
8247.2;0.382
8247.7;0.313
8248.2;0.217
8248.7;0.434
8249.2;0.166
8249.7;0.305
8250.2;0.147
8250.7;0.481
8251.2;0.202
8251.7;0.11
8252.2;0.354
8252.7;0.102
8253.2;0.379
8253.7;0.245
8254.2;0.069
8254.7;0.194
8255.2;0.484
8255.7;0.144
8256.2;0.213
8256.7;0.101
8257.2;0.313
8257.7;0.09
8258.2;0.167
8258.7;0.165
8259.2;0.301
8259.7;0.086
8260.2;0.111
8260.7;0.246
8261.2;0.291
8261.7;0.177
8262.2;0.169
8262.7;0.116
8263.2;0.122
8263.7;0.076
8264.2;0.322
8264.7;0.268
8265.2;0.2
8265.7;0.141
8266.2;0.16
8266.7;0.187
8267.2;0.153
8267.7;0.131
8268.2;0.145
8268.7;0.213
8269.2;0.074
8269.7;0.193
8270.2;0.428
8270.7;0.155
8271.2;0.272
8271.7;0.064
8272.2;0.204
8272.7;0.13
8273.2;0.344
8273.7;0.368
8274.2;0.094
8274.7;0.21
8275.2;0.184
8275.7;0.157
8276.2;0.101
8276.7;0.321
8277.2;0.054
8277.7;0.146
8278.2;0.054
8278.7;0.105
8279.2;0.095
8279.7;0.222
8280.2;0.081
8280.7;0.216
8281.2;0.203
8281.7;0.205
8282.2;0.11
8282.7;0.115
8283.2;0.28
8283.7;0.241
8284.2;0.319
8284.7;0.345
8285.2;0.232
8285.7;0.114
8286.2;0.166
8286.7;0.303
8287.2;0.109
8287.7;0.332
8288.2;0.314
8288.7;0.333
8289.2;0.231
8289.7;0.221
8290.2;0.118
8290.7;0.188
8291.2;0.294
8291.7;0.245
8292.2;0.277
8292.7;0.275
8293.2;0.272
8293.7;0.066
8294.2;0.362
8294.7;0.24
8295.2;0.303
8295.7;0.074
8296.2;0.215
8296.7;0.005
8297.2;0.245
8297.7;0.284
8298.2;0.061
8298.7;0.015
8299.2;0.153
8299.7;0.384
8300.2;0.272
8300.7;0.256
8301.2;0.08
8301.7;0.072
8302.2;0.277
8302.7;0.103
8303.2;0.407
8303.7;0.063
8304.2;0.168
8304.7;0.194
8305.2;0.04
8305.7;0.336
8306.2;0.017
8306.7;0.272
8307.2;0.307
8307.7;0.136
8308.2;0.169
8308.7;0.132
8309.2;0.081
8309.7;0.201
8310.2;0.077
8310.7;0.332
8311.2;0.077
8311.7;0.214
8312.2;0.139
8312.7;0.115
8313.2;0.157
8313.7;0.063
8314.2;0.332
8314.7;0.077
8315.2;0.214
8315.7;0.195
8316.2;0.056
8316.7;0.3
8317.2;0.202
8317.7;0.161
8318.2;0.115
8318.7;0.157
8319.2;0.29
8319.7;0.072
8320.2;0.061
8320.7;0.262
8321.2;0.074
8321.7;0.27
8322.2;0.235
8322.7;0.295
8323.2;0.209
8323.7;0.123
8324.2;0.05
8324.7;0.145
8325.2;0.143
8325.7;0.161
8326.2;0.195
8326.7;0.187
8327.2;0.354
8327.7;0.104
8328.2;0.121
8328.7;0.146
8329.2;0.103
8329.7;0.242
8330.2;0.069
8330.7;0.34
8331.2;0.31
8331.7;0.212
8332.2;0.075
8332.7;0.064
8333.2;0.091
8333.7;0.172
8334.2;0.128
8334.7;0.18
8335.2;0.335
8335.7;0.102
8336.2;0.294
8336.7;0.275
8337.2;0.248
8337.7;0.212
8338.2;0.359
8338.7;0.297
8339.2;0.21
8339.7;0.338
8340.2;0.133
8340.7;0.055
8341.2;0.129
8341.7;0.113
8342.2;0.156
8342.7;0.284
8343.2;0.46
8343.7;0.106
8344.2;0.125
8344.7;0.154
8345.2;0.223
8345.7;0.142
8346.2;0.206
8346.7;0.085
8347.2;0.078
8347.7;0.135
8348.2;0.159
8348.7;0.171
8349.2;0.29
8349.7;0.085
8350.2;0.106
8350.7;0.295
8351.2;0.112
8351.7;0.079
8352.2;0.116
8352.7;0.167
8353.2;0.202
8353.7;0.348
8354.2;0.38
8354.7;0.157
8355.2;0.158
8355.7;0.097
8356.2;0.133
8356.7;0.231
8357.2;0.144
8357.7;0.137
8358.2;0.273
8358.7;0.449
8359.2;0.07
8359.7;0.08
8360.2;0.227
8360.7;0.25
8361.2;0.19
8361.7;0.35
8362.2;0.319
8362.7;0.099
8363.2;0.049
8363.7;0.296
8364.2;0.307
8364.7;0.398
8365.2;0.35
8365.7;0.213
8366.2;0.133
8366.7;0.108
8367.2;0.288
8367.7;0.07
8368.2;0.208
8368.7;0.323
8369.2;0.195
8369.7;0.221
8370.2;0.143
8370.7;0.104
8371.2;0.079
8371.7;0.141
8372.2;0.046
8372.7;0.201
8373.2;0.474
8373.7;0.178
8374.2;0.493
8374.7;0.237
8375.2;0.258
8375.7;0.348
8376.2;0.314
8376.7;0.628
8377.2;0.291
8377.7;0.314
8378.2;0.15
8378.7;0.242
8379.2;0.416
8379.7;0.27
8380.2;0.278
8380.7;0.615
8381.2;0.453
8381.7;0.183
8382.2;0.263
8382.7;0.457
8383.2;0.098
8383.7;0.322
8384.2;0.428
8384.7;0.125
8385.2;0.235
8385.7;0.179
8386.2;0.093
8386.7;0.076
8387.2;0.42
8387.7;0.372
8388.2;0.471
8388.7;0.847
8389.2;0.357
8389.7;0.124
8390.2;0.114
8390.7;0.251
8391.2;0.235
8391.7;0.567
8392.2;0.342
8392.7;0.219
8393.2;0.289
8393.7;0.23
8394.2;0.218
8394.7;0.19
8395.2;0.419
8395.7;0.027
8396.2;0.646
8396.7;0.276
8397.2;0.276
8397.7;0.242
8398.2;0.068
8398.7;0.091
8399.2;0.667
8399.7;0.31
8400.2;0.221
8400.7;0.205
8401.2;0.112
8401.7;0.174
8402.2;0.144
8402.7;0.334
8403.2;0.033
8403.7;0.264
8404.2;0.362
8404.7;0.148
8405.2;0.221
8405.7;0.065
8406.2;0.256
8406.7;0.639
8407.2;0.213
8407.7;0.12
8408.2;0.106
8408.7;0.231
8409.2;0.175
8409.7;0.174
8410.2;0.146
8410.7;0.048
8411.2;0.268
8411.7;0.239
8412.2;0.088
8412.7;0.158
8413.2;0.075
8413.7;0.317
8414.2;0.218
8414.7;0.303
8415.2;0.314
8415.7;0.166
8416.2;0.092
8416.7;0.125
8417.2;0.249
8417.7;0.119
8418.2;0.263
8418.7;0.526
8419.2;0.324
8419.7;0.277
8420.2;0.167
8420.7;0.394
8421.2;0.043
8421.7;0.13
8422.2;0.225
8422.7;0.12
8423.2;0.255
8423.7;0.302
8424.2;0.089
8424.7;0.122
8425.2;0.184
8425.7;0.119
8426.2;0.297
8426.7;0.197
8427.2;0.395
8427.7;0.283
8428.2;0.106
8428.7;0.103
8429.2;0.091
8429.7;0.261
8430.2;0.451
8430.7;0.147
8431.2;0.201
8431.7;0.167
8432.2;0.12
8432.7;0.13
8433.2;0.296
8433.7;0.175
8434.2;0.153
8434.7;0.356
8435.2;0.096
8435.7;0.151
8436.2;0.23
8436.7;0.264
8437.2;0.485
8437.7;0.503
8438.2;0.189
8438.7;0.387
8439.2;0.307
8439.7;0.168
8440.2;0.367
8440.7;0.277
8441.2;0.581
8441.7;0.421
8442.2;0.257
8442.7;0.056
8443.2;0.097
8443.7;0.402
8444.2;0.57
8444.7;0.27
8445.2;0.37
8445.7;0.063
8446.2;0.141
8446.7;0.288
8447.2;0.279
8447.7;0.318
8448.2;0.299
8448.7;0.141
8449.2;0.2
8449.7;0.479
8450.2;0.417
8450.7;0.331
8451.2;0.175
8451.7;0.195
8452.2;0.275
8452.7;0.413
8453.2;0.451
8453.7;0.377
8454.2;0.276
8454.7;0.159
8455.2;0.267
8455.7;0.139
8456.2;0.578
8456.7;0.284
8457.2;0.218
8457.7;0.237
8458.2;0.118
8458.7;0.052
8459.2;0.058
8459.7;0.312
8460.2;0.208
8460.7;0.439
8461.2;0.192
8461.7;0.143
8462.2;0.19
8462.7;0.222
8463.2;0.176
8463.7;0.293
8464.2;0.308
8464.7;0.242
8465.2;0.288
8465.7;0.253
8466.2;0.02
8466.7;0.052
8467.2;0.24
8467.7;0.364
8468.2;0.35
8468.7;0.322
8469.2;0.307
8469.7;0.189
8470.2;0.123
8470.7;0.161
8471.2;0.323
8471.7;0.302
8472.2;0.39
8472.7;0.457
8473.2;0.086
8473.7;0.06
8474.2;0.248
8474.7;0.323
8475.2;0.276
8475.7;0.349
8476.2;0.304
8476.7;0.18
8477.2;0.351
8477.7;0.293
8478.2;0.494
8478.7;0.141
8479.2;0.151
8479.7;0.435
8480.2;0.308
8480.7;0.262
8481.2;0.175
8481.7;0.07
8482.2;0.114
8482.7;0.191
8483.2;0.497
8483.7;0.218
8484.2;0.226
8484.7;0.107
8485.2;0.18
8485.7;0.081
8486.2;0.254
8486.7;0.081
8487.2;0.243
8487.7;0.158
8488.2;0.049
8488.7;0.073
8489.2;0.142
8489.7;0.157
8490.2;0.098
8490.7;0.295
8491.2;0.179
8491.7;0.421
8492.2;0.108
8492.7;0.025
8493.2;0.118
8493.7;0.208
8494.2;0.43
8494.7;0.298
8495.2;0.138
8495.7;0.22
8496.2;0.103
8496.7;0.201
8497.2;0.082
8497.7;0.14
8498.2;0.184
8498.7;0.267
8499.2;0.296
8499.7;0.095
8500.2;0.102
8500.7;0.241
8501.2;0.109
8501.7;0.258
8502.2;0.23
8502.7;0.234
8503.2;0.142
8503.7;0.377
8504.2;0.126
8504.7;0.108
8505.2;0.139
8505.7;0.223
8506.2;0.2
8506.7;0.315
8507.2;0.162
8507.7;0.097
8508.2;0.205
8508.7;0.168
8509.2;0.111
8509.7;0.366
8510.2;0.226
8510.7;0.327
8511.2;0.226
8511.7;0.234
8512.2;0.13
8512.7;0.178
8513.2;0.352
8513.7;0.291
8514.2;0.14
8514.7;0.304
8515.2;0.395
8515.7;0.009
8516.2;0.145
8516.7;0.321
8517.2;0.268
8517.7;0.275
8518.2;0.174
8518.7;0.097
8519.2;0.08
8519.7;0.268
8520.2;0.271
8520.7;0.325
8521.2;0.182
8521.7;0.09
8522.2;0.203
8522.7;0.131
8523.2;0.364
8523.7;0.373
8524.2;0.059
8524.7;0.139
8525.2;0.232
8525.7;0.24
8526.2;0.394
8526.7;0.734
8527.2;0.247
8527.7;0.108
8528.2;0.108
8528.7;0.356
8529.2;0.614
8529.7;0.494
8530.2;0.396
8530.7;0.266
8531.2;0.476
8531.7;0.652
8532.2;0.425
8532.7;0.167
8533.2;0.347
8533.7;0.182
8534.2;0.587
8534.7;0.344
8535.2;0.168
8535.7;0.249
8536.2;0.197
8536.7;0.126
8537.2;0.46
8537.7;0.34
8538.2;0.06
8538.7;0.499
8539.2;0.204
8539.7;0.312
8540.2;0.417
8540.7;0.344
8541.2;0.331
8541.7;0.365
8542.2;0.516
8542.7;0.356
8543.2;0.124
8543.7;0.18
8544.2;0.136
8544.7;0.354
8545.2;0.198
8545.7;0.381
8546.2;0.262
8546.7;0.112
8547.2;0.156
8547.7;0.49
8548.2;0.43
8548.7;0.103
8549.2;0.078
8549.7;0.314
8550.2;0.09
8550.7;0.066
8551.2;0.196
8551.7;0.284
8552.2;0.266
8552.7;0.309
8553.2;0.383
8553.7;0.039
8554.2;0.265
8554.7;0.163
8555.2;0.145
8555.7;0.168
8556.2;0.458
8556.7;0.254
8557.2;0.133
8557.7;0.162
8558.2;0.231
8558.7;0.153
8559.2;0.435
8559.7;0.244
8560.2;0.216
8560.7;0.477
8561.2;0.395
8561.7;0.213
8562.2;0.111
8562.7;0.367
8563.2;0.398
8563.7;0.193
8564.2;0.37
8564.7;0.303
8565.2;0.244
8565.7;0.632
8566.2;0.434
8566.7;0.247
8567.2;0.357
8567.7;0.165
8568.2;0.163
8568.7;0.198
8569.2;0.186
8569.7;0.464
8570.2;0.194
8570.7;0.309
8571.2;0.412
8571.7;0.343
8572.2;0.276
8572.7;0.202
8573.2;0.169
8573.7;0.314
8574.2;0.117
8574.7;0.212
8575.2;0.313
8575.7;0.065
8576.2;0.889
8576.7;0.232
8577.2;0.274
8577.7;0.154
8578.2;0.172
8578.7;0.075
8579.2;0.539
8579.7;0.176
8580.2;0.024
8580.7;0.255
8581.2;0.123
8581.7;0.216
8582.2;0.166
8582.7;0.238
8583.2;0.24
8583.7;0.455
8584.2;0.078
8584.7;0.633
8585.2;0.678
8585.7;0.313
8586.2;0.222
8586.7;0.332
8587.2;0.062
8587.7;0.344
8588.2;0.081
8588.7;0.208
8589.2;0.232
8589.7;0.139
8590.2;0.123
8590.7;0.259
8591.2;0.294
8591.7;0.259
8592.2;0.439
8592.7;0.233
8593.2;0.437
8593.7;0.289
8594.2;0.257
8594.7;0.332
8595.2;0.208
8595.7;0.499
8596.2;0.238
8596.7;0.21
8597.2;0.18
8597.7;0.159
8598.2;0.36
8598.7;0.156
8599.2;0.181
8599.7;0.213
8600.2;0.21
8600.7;0.145
8601.2;0.38
8601.7;0.162
8602.2;0.385
8602.7;0.098
8603.2;0.216
8603.7;0.236
8604.2;0.382
8604.7;0.361
8605.2;0.411
8605.7;0.254
8606.2;0.258
8606.7;0.357
8607.2;0.225
8607.7;0.149
8608.2;0.277
8608.7;0.338
8609.2;0.388
8609.7;0.463
8610.2;0.927
8610.7;0.342
8611.2;0.155
8611.7;0.501
8612.2;0.459
8612.7;0.188
8613.2;0.478
8613.7;0.134
8614.2;0.13
8614.7;0.315
8615.2;0.18
8615.7;0.093
8616.2;0.529
8616.7;0.276
8617.2;0.314
8617.7;0.252
8618.2;0.186
8618.7;0.03
8619.2;0.171
8619.7;0.382
8620.2;0.099
8620.7;0.071
8621.2;0.277
8621.7;0.38
8622.2;0.191
8622.7;0.336
8623.2;0.41
8623.7;0.263
8624.2;0.301
8624.7;0.187
8625.2;0.221
8625.7;0.311
8626.2;0.057
8626.7;0.265
8627.2;0.227
8627.7;0.097
8628.2;0.763
8628.7;0.165
8629.2;0.229
8629.7;0.099
8630.2;0.36
8630.7;0.081
8631.2;0.584
8631.7;0.241
8632.2;0.237
8632.7;0.242
8633.2;0.283
8633.7;0.184
8634.2;0.284
8634.7;0.219
8635.2;0.147
8635.7;0.29
8636.2;0.315
8636.7;0.234
8637.2;0.21
8637.7;0.217
8638.2;0.26
8638.7;0.113
8639.2;0.326
8639.7;0.043
8640.2;0.459
8640.7;0.444
8641.2;0.266
8641.7;0.412
8642.2;0.257
8642.7;0.616
8643.2;0.197
8643.7;0.348
8644.2;0.241
8644.7;0.226
8645.2;0.166
8645.7;0.309
8646.2;0.527
8646.7;0.239
8647.2;0.396
8647.7;0.213
8648.2;0.398
8648.7;0.265
8649.2;0.205
8649.7;0.641
8650.2;0.182
8650.7;0.375
8651.2;0.295
8651.7;0.035
8652.2;0.193
8652.7;0.303
8653.2;0.494
8653.7;0.29
8654.2;0.462
8654.7;0.195
8655.2;0.423
8655.7;0.37
8656.2;0.422
8656.7;0.584
8657.2;0.176
8657.7;0.476
8658.2;0.42
8658.7;0.294
8659.2;0.231
8659.7;0.074
8660.2;0.122
8660.7;0.406
8661.2;0.322
8661.7;0.059
8662.2;0.349
8662.7;0.373
8663.2;0.19
8663.7;0.2
8664.2;0.457
8664.7;0.345
8665.2;0.197
8665.7;0.183
8666.2;0.249
8666.7;0.336
8667.2;0.285
8667.7;0.158
8668.2;0.128
8668.7;0.309
8669.2;0.5
8669.7;0.378
8670.2;0.168
8670.7;0.22
8671.2;0.432
8671.7;0.664
8672.2;0.222
8672.7;0.28
8673.2;0.342
8673.7;0.217
8674.2;0.303
8674.7;0.331
8675.2;0.575
8675.7;0.352
8676.2;0.16
8676.7;0.192
8677.2;0.639
8677.7;0.265
8678.2;0.116
8678.7;0.14
8679.2;0.385
8679.7;0.176
8680.2;0.261
8680.7;0.392
8681.2;0.08
8681.7;0.16
8682.2;0.312
8682.7;0.334
8683.2;0.138
8683.7;0.353
8684.2;0.177
8684.7;0.339
8685.2;0.251
8685.7;0.099
8686.2;0.173
8686.7;0.17
8687.2;0.063
8687.7;0.196
8688.2;0.424
8688.7;0.266
8689.2;0.215
8689.7;0.1
8690.2;0.091
8690.7;0.259
8691.2;0.116
8691.7;0.179
8692.2;0.288
8692.7;0.176
8693.2;0.196
8693.7;0.137
8694.2;0.017
8694.7;0.118
8695.2;0.097
8695.7;0.345
8696.2;0.312
8696.7;0.336
8697.2;0.262
8697.7;0.288
8698.2;0.299
8698.7;0.018
8699.2;0.377
8699.7;0.13
8700.2;0.252
8700.7;0.123
8701.2;0.184
8701.7;0.221
8702.2;0.126
8702.7;0.087
8703.2;0.303
8703.7;0.371
8704.2;0.209
8704.7;0.184
8705.2;0.133
8705.7;0.073
8706.2;0.064
8706.7;0.137
8707.2;0.153
8707.7;0.216
8708.2;0.102
8708.7;0.126
8709.2;0.198
8709.7;0.068
8710.2;0.055
8710.7;0.089
8711.2;0.093
8711.7;0.344
8712.2;0.441
8712.7;0.041
8713.2;0.03
8713.7;0.178
8714.2;0.413
8714.7;0.298
8715.2;0.327
8715.7;0.28
8716.2;0.132
8716.7;0.037
8717.2;0.314
8717.7;0.109
8718.2;0.312
8718.7;0.235
8719.2;0.401
8719.7;0.339
8720.2;0.163
8720.7;0.248
8721.2;0.396
8721.7;0.129
8722.2;0.071
8722.7;0.096
8723.2;0.303
8723.7;0.459
8724.2;0.05
8724.7;0.202
8725.2;0.049
8725.7;0.112
8726.2;0.308
8726.7;0.273
8727.2;0.316
8727.7;0.056
8728.2;0.319
8728.7;0.294
8729.2;0.635
8729.7;0.165
8730.2;0.028
8730.7;0.047
8731.2;0.288
8731.7;0.356
8732.2;0.333
8732.7;0.132
8733.2;0.115
8733.7;0.186
8734.2;0.4
8734.7;0.449
8735.2;0.175
8735.7;0.153
8736.2;0.334
8736.7;0.263
8737.2;0.18
8737.7;0.305
8738.2;0.183
8738.7;0.381
8739.2;0.176
8739.7;0.274
8740.2;0.18
8740.7;0.451
8741.2;0.07
8741.7;0.302
8742.2;0.157
8742.7;0.344
8743.2;0.456
8743.7;0.297
8744.2;0.367
8744.7;0.127
8745.2;0.122
8745.7;0.041
8746.2;0.29
8746.7;0.254
8747.2;0.554
8747.7;0.307
8748.2;0.338
8748.7;0.046
8749.2;0.363
8749.7;0.271
8750.2;0.364
8750.7;0.342
8751.2;0.202
8751.7;0.506
8752.2;0.333
8752.7;0.099
8753.2;0.247
8753.7;0.074
8754.2;0.679
8754.7;0.707
8755.2;0.076
8755.7;0.416
8756.2;0.396
8756.7;0.265
8757.2;0.229
8757.7;0.162
8758.2;0.598
8758.7;0.202
8759.2;0.071
8759.7;0.181
8760.2;0.253
8760.7;0.429
8761.2;0.069
8761.7;0.569
8762.2;0.297
8762.7;0.521
8763.2;0.172
8763.7;0.336
8764.2;0.228
8764.7;0.265
8765.2;0.287
8765.7;0.28
8766.2;0.243
8766.7;0.326
8767.2;0.167
8767.7;0.193
8768.2;0.384
8768.7;0.397
8769.2;0.228
8769.7;0.041
8770.2;0.17
8770.7;0.451
8771.2;0.117
8771.7;0.36
8772.2;0.061
8772.7;0.408
8773.2;0.279
8773.7;0.291
8774.2;0.163
8774.7;0.054
8775.2;0.454
8775.7;0.112
8776.2;0.296
8776.7;0.133
8777.2;0.279
8777.7;0.218
8778.2;0.283
8778.7;0.112
8779.2;0.073
8779.7;0.126
8780.2;0.303
8780.7;0.495
8781.2;0.199
8781.7;0.368
8782.2;0.194
8782.7;0.184
8783.2;0.087
8783.7;0.428
8784.2;0.204
8784.7;0.114
8785.2;0.384
8785.7;0.196
8786.2;0.11
8786.7;0.138
8787.2;0.16
8787.7;0.35
8788.2;0.323
8788.7;0.255
8789.2;0.172
8789.7;0.518
8790.2;0.037
8790.7;0.166
8791.2;0.144
8791.7;0.087
8792.2;0.33
8792.7;0.167
8793.2;0.12
8793.7;0.163
8794.2;0.216
8794.7;0.148
8795.2;0.044
8795.7;0.159
8796.2;0.182
8796.7;0.17
8797.2;0.324
8797.7;0.471
8798.2;0.345
8798.7;0.412
8799.2;0.273
8799.7;0.075
8800.2;0.25
8800.7;0.181
8801.2;0.293
8801.7;0.049
8802.2;0.247
8802.7;0.141
8803.2;0.299
8803.7;0.413
8804.2;0.139
8804.7;0.145
8805.2;0.341
8805.7;0.146
8806.2;0.192
8806.7;0.311
8807.2;0.022
8807.7;0.27
8808.2;0.475
8808.7;0.13
8809.2;0.268
8809.7;0.283
8810.2;0.171
8810.7;0.213
8811.2;0.171
8811.7;0.082
8812.2;0.237
8812.7;0.017
8813.2;0.048
8813.7;0.156
8814.2;0.274
8814.7;0.373
8815.2;0.231
8815.7;0.157
8816.2;0.017
8816.7;0.241
8817.2;0.123
8817.7;0.122
8818.2;0.055
8818.7;0.083
8819.2;0.236
8819.7;0.358
8820.2;0.139
8820.7;0.279
8821.2;0.067
8821.7;0.047
8822.2;0.335
8822.7;0.212
8823.2;0.262
8823.7;0.494
8824.2;0.225
8824.7;0.219
8825.2;0.247
8825.7;0.456
8826.2;0.29
8826.7;0.141
8827.2;0.127
8827.7;0.279
8828.2;0.257
8828.7;0.589
8829.2;0.55
8829.7;0.546
8830.2;0.521
8830.7;0.305
8831.2;0.128
8831.7;0.369
8832.2;0.357
8832.7;0.255
8833.2;0.239
8833.7;0.651
8834.2;0.319
8834.7;0.267
8835.2;0.327
8835.7;0.235
8836.2;0.327
8836.7;0.42
8837.2;0.445
8837.7;0.235
8838.2;0.207
8838.7;0.236
8839.2;0.184
8839.7;0.116
8840.2;0.15
8840.7;0.33
8841.2;0.246
8841.7;0.288
8842.2;0.381
8842.7;0.365
8843.2;0.423
8843.7;0.128
8844.2;0.289
8844.7;0.349
8845.2;0.361
8845.7;0.296
8846.2;0.179
8846.7;0.077
8847.2;0.094
8847.7;0.542
8848.2;0.284
8848.7;0.384
8849.2;0.208
8849.7;0.17
8850.2;0.247
8850.7;0.274
8851.2;0.247
8851.7;0.31
8852.2;0.366
8852.7;0.073
8853.2;0.219
8853.7;0.237
8854.2;0.473
8854.7;0.257
8855.2;0.111
8855.7;0.093
8856.2;0.165
8856.7;0.301
8857.2;0.175
8857.7;0.301
8858.2;0.521
8858.7;0.225
8859.2;0.119
8859.7;0.122
8860.2;0.362
8860.7;0.2
8861.2;0.424
8861.7;0.16
8862.2;0.264
8862.7;0.19
8863.2;0.117
8863.7;0.253
8864.2;0.07
8864.7;0.075
8865.2;0.248
8865.7;0.424
8866.2;0.102
8866.7;0.134
8867.2;0.123
8867.7;0.185
8868.2;0.366
8868.7;0.157
8869.2;0.285
8869.7;0.133
8870.2;0.08
8870.7;0.021
8871.2;0.264
8871.7;0.096
8872.2;0.347
8872.7;0.117
8873.2;0.269
8873.7;0.24
8874.2;0.143
8874.7;0.148
8875.2;0.132
8875.7;0.098
8876.2;0.186
8876.7;0.126
8877.2;0.16
8877.7;0.209
8878.2;0.119
8878.7;0.278
8879.2;0.201
8879.7;0.108
8880.2;0.159
8880.7;0.4
8881.2;0.121
8881.7;0.229
8882.2;0.026
8882.7;0.257
8883.2;0.217
8883.7;0.251
8884.2;0.083
8884.7;0.234
8885.2;0.117
8885.7;0.556
8886.2;0.246
8886.7;0.153
8887.2;0.109
8887.7;0.191
8888.2;0.265
8888.7;0.133
8889.2;0.3
8889.7;0.181
8890.2;0.363
8890.7;0.208
8891.2;0.284
8891.7;0.107
8892.2;0.34
8892.7;0.455
8893.2;0.081
8893.7;0.18
8894.2;0.451
8894.7;0.076
8895.2;0.184
8895.7;0.111
8896.2;0.374
8896.7;0.139
8897.2;0.166
8897.7;0.402
8898.2;0.087
8898.7;0.066
8899.2;0.291
8899.7;0.042
8900.2;0.161
8900.7;0.339
8901.2;0.451
8901.7;0.318
8902.2;0.516
8902.7;0.231
8903.2;0.1
8903.7;0.473
8904.2;0.313
8904.7;0.123
8905.2;0.147
8905.7;0.207
8906.2;0.297
8906.7;0.256
8907.2;0.122
8907.7;0.249
8908.2;0.464
8908.7;0.185
8909.2;0.241
8909.7;0.469
8910.2;0.152
8910.7;0.402
8911.2;0.152
8911.7;0.201
8912.2;0.043
8912.7;0.308
8913.2;0.205
8913.7;0.256
8914.2;0.361
8914.7;0.412
8915.2;0.143
8915.7;0.35
8916.2;0.117
8916.7;0.344
8917.2;0.343
8917.7;0.589
8918.2;0.525
8918.7;0.369
8919.2;0.496
8919.7;0.332
8920.2;1.109
8920.7;0.529
8921.2;0.659
8921.7;0.088
8922.2;0.404
8922.7;0.047
8923.2;0.413
8923.7;0.098
8924.2;0.607
8924.7;0.677
8925.2;0.252
8925.7;0.579
8926.2;0.093
8926.7;0.178
8927.2;0.313
8927.7;0.478
8928.2;0.344
8928.7;0.368
8929.2;0.407
8929.7;0.529
8930.2;0.237
8930.7;0.93
8931.2;0.62
8931.7;0.177
8932.2;0.134
8932.7;0.137
8933.2;0.56
8933.7;0.44
8934.2;0.554
8934.7;0.371
8935.2;0.537
8935.7;0.218
8936.2;0.722
8936.7;0.629
8937.2;0.447
8937.7;0.784
8938.2;0.29
8938.7;0.539
8939.2;0.367
8939.7;0.749
8940.2;0.338
8940.7;0.414
8941.2;0.484
8941.7;0.572
8942.2;0.864
8942.7;0.876
8943.2;0.188
8943.7;0.543
8944.2;0.708
8944.7;0.674
8945.2;0.209
8945.7;0.222
8946.2;0.41
8946.7;0.235
8947.2;0.87
8947.7;0.099
8948.2;0.369
8948.7;0.618
8949.2;0.467
8949.7;0.421
8950.2;0.772
8950.7;0.153
8951.2;0.232
8951.7;0.577
8952.2;0.77
8952.7;0.84
8953.2;0.086
8953.7;0.64
8954.2;0.448
8954.7;0.247
8955.2;0.555
8955.7;0.552
8956.2;0.543
8956.7;0.626
8957.2;0.074
8957.7;0.568
8958.2;0.315
8958.7;0.603
8959.2;0.389
8959.7;0.397
8960.2;0.179
8960.7;0.358
8961.2;1.04
8961.7;0.311
8962.2;0.677
8962.7;0.127
8963.2;0.153
8963.7;0.218
8964.2;0.613
8964.7;0.231
8965.2;0.223
8965.7;0.601
8966.2;0.512
8966.7;0.262
8967.2;0.738
8967.7;0.44
8968.2;0.3
8968.7;0.073
8969.2;0.225
8969.7;0.484
8970.2;0.09
8970.7;0.314
8971.2;0.526
8971.7;0.198
8972.2;0.24
8972.7;0.112
8973.2;0.423
8973.7;0.313
8974.2;0.293
8974.7;0.993
8975.2;0.522
8975.7;0.369
8976.2;0.461
8976.7;0.45
8977.2;0.287
8977.7;0.184
8978.2;0.208
8978.7;0.223
8979.2;0.107
8979.7;0.356
8980.2;0.307
8980.7;0.779
8981.2;1.005
8981.7;0.882
8982.2;0.691
8982.7;0.691
8983.2;0.352
8983.7;0.265
8984.2;0.237
8984.7;0.362
8985.2;0.62
8985.7;0.207
8986.2;0.453
8986.7;0.131
8987.2;0.675
8987.7;0.226
8988.2;0.858
8988.7;0.786
8989.2;0.253
8989.7;0.116
8990.2;0.447
8990.7;0.31
8991.2;0.26
8991.7;0.696
8992.2;0.095
8992.7;0.155
8993.2;0.158
8993.7;0.471
8994.2;0.546
8994.7;0.185
8995.2;0.632
8995.7;0.367
8996.2;0.351
8996.7;0.327
8997.2;0.179
8997.7;0.219
8998.2;0.49
8998.7;0.281
8999.2;0.091
8999.7;0.211
9000.2;0.442
9000.7;0.119
9001.2;0.437
9001.7;0.692
9002.2;0.174
9002.7;0.184
9003.2;0.13
9003.7;0.021
9004.2;0.209
9004.7;0.369
9005.2;0.338
9005.7;0.307
9006.2;0.296
9006.7;0.042
9007.2;0.261
9007.7;0.311
9008.2;0.206
9008.7;0.6
9009.2;0.475
9009.7;0.309
9010.2;0.236
9010.7;0.246
9011.2;0.092
9011.7;0.385
9012.2;0.371
9012.7;0.075
9013.2;0.1
9013.7;0.463
9014.2;0.297
9014.7;0.017
9015.2;0.202
9015.7;0.197
9016.2;0.578
9016.7;0.222
9017.2;0.235
9017.7;0.576
9018.2;0.051
9018.7;0.339
9019.2;0.375
9019.7;0.645
9020.2;0.357
9020.7;0.37
9021.2;0.376
9021.7;0.38
9022.2;0.329
9022.7;0.518
9023.2;0.176
9023.7;0.127
9024.2;0.53
9024.7;0.422
9025.2;0.765
9025.7;0.18
9026.2;0.262
9026.7;0.087
9027.2;0.208
9027.7;0.242
9028.2;0.78
9028.7;0.698
9029.2;0.035
9029.7;0.341
9030.2;0.188
9030.7;0.3
9031.2;0.081
9031.7;0.204
9032.2;0.267
9032.7;0.182
9033.2;0.223
9033.7;0.308
9034.2;0.225
9034.7;0.242
9035.2;0.361
9035.7;0.1
9036.2;0.166
9036.7;0.116
9037.2;0.262
9037.7;0.158
9038.2;0.109
9038.7;0.305
9039.2;0.108
9039.7;0.133
9040.2;0.441
9040.7;0.242
9041.2;0.405
9041.7;0.073
9042.2;0.068
9042.7;0.238
9043.2;0.136
9043.7;0.318
9044.2;0.448
9044.7;0.246
9045.2;0.246
9045.7;0.493
9046.2;0.38
9046.7;0.293
9047.2;0.332
9047.7;0.157
9048.2;0.199
9048.7;0.292
9049.2;0.268
9049.7;0.342
9050.2;0.182
9050.7;0.174
9051.2;0.464
9051.7;0.407
9052.2;0.425
9052.7;0.045
9053.2;0.2
9053.7;0.087
9054.2;0.351
9054.7;0.126
9055.2;0.223
9055.7;0.345
9056.2;0.088
9056.7;0.302
9057.2;0.094
9057.7;0.373
9058.2;0.257
9058.7;0.335
9059.2;0.118
9059.7;0.168
9060.2;0.588
9060.7;0.341
9061.2;0.517
9061.7;0.411
9062.2;0.387
9062.7;0.365
9063.2;0.469
9063.7;0.369
9064.2;0.48
9064.7;0.397
9065.2;0.416
9065.7;0.527
9066.2;0.281
9066.7;0.111
9067.2;0.672
9067.7;0.174
9068.2;0.147
9068.7;0.167
9069.2;0.256
9069.7;0.178
9070.2;0.352
9070.7;0.144
9071.2;0.226
9071.7;0.224
9072.2;0.555
9072.7;0.278
9073.2;0.071
9073.7;0.374
9074.2;0.631
9074.7;0.193
9075.2;0.158
9075.7;0.225
9076.2;0.256
9076.7;0.546
9077.2;0.296
9077.7;0.07
9078.2;0.069
9078.7;0.132
9079.2;0.2
9079.7;0.484
9080.2;0.343
9080.7;0.195
9081.2;0.194
9081.7;0.133
9082.2;0.275
9082.7;0.345
9083.2;0.143
9083.7;0.104
9084.2;0.022
9084.7;0.419
9085.2;0.054
9085.7;0.301
9086.2;0.337
9086.7;0.154
9087.2;0.028
9087.7;0.395
9088.2;0.229
9088.7;0.245
9089.2;0.456
9089.7;0.137
9090.2;0.246
9090.7;0.208
9091.2;0.09
9091.7;0.225
9092.2;0.189
9092.7;0.198
9093.2;0.198
9093.7;0.467
9094.2;0.301
9094.7;0.203
9095.2;0.296
9095.7;0.178
9096.2;0.084
9096.7;0.273
9097.2;0.387
9097.7;0.403
9098.2;0.26
9098.7;0.334
9099.2;0.152
9099.7;0.195
9100.2;0.305
9100.7;0.197
9101.2;0.364
9101.7;0.138
9102.2;0.111
9102.7;0.134
9103.2;0.305
9103.7;0.183
9104.2;0.133
9104.7;0.273
9105.2;0.263
9105.7;0.132
9106.2;0.336
9106.7;0.326
9107.2;0.258
9107.7;0.075
9108.2;0.278
9108.7;0.418
9109.2;0.285
9109.7;0.11
9110.2;0.544
9110.7;0.078
9111.2;0.194
9111.7;0.279
9112.2;0.339
9112.7;0.345
9113.2;0.676
9113.7;0.317
9114.2;0.383
9114.7;0.267
9115.2;0.469
9115.7;0.183
9116.2;0.721
9116.7;0.357
9117.2;0.339
9117.7;0.234
9118.2;0.317
9118.7;0.482
9119.2;0.218
9119.7;0.209
9120.2;0.348
9120.7;0.198
9121.2;0.375
9121.7;0.128
9122.2;0.118
9122.7;0.098
9123.2;0.172
9123.7;0.268
9124.2;0.314
9124.7;0.432
9125.2;0.256
9125.7;0.222
9126.2;0.114
9126.7;0.298
9127.2;0.082
9127.7;0.106
9128.2;0.215
9128.7;0.459
9129.2;0.277
9129.7;0.262
9130.2;0.319
9130.7;0.148
9131.2;0.267
9131.7;0.427
9132.2;0.327
9132.7;0.016
9133.2;0.051
9133.7;0.335
9134.2;0.146
9134.7;0.206
9135.2;0.217
9135.7;0.227
9136.2;0.538
9136.7;0.394
9137.2;0.095
9137.7;0.092
9138.2;0.24
9138.7;0.348
9139.2;0.441
9139.7;0.282
9140.2;0.071
9140.7;0.174
9141.2;0.425
9141.7;0.204
9142.2;0.537
9142.7;0.493
9143.2;0.331
9143.7;0.112
9144.2;0.448
9144.7;0.277
9145.2;0.395
9145.7;0.084
9146.2;0.205
9146.7;0.082
9147.2;0.078
9147.7;0.188
9148.2;0.611
9148.7;0.092
9149.2;0.254
9149.7;0.232
9150.2;0.325
9150.7;0.631
9151.2;0.59
9151.7;0.404
9152.2;0.409
9152.7;0.491
9153.2;0.37
9153.7;0.155
9154.2;0.512
9154.7;0.482
9155.2;0.198
9155.7;0.141
9156.2;0.715
9156.7;0.566
9157.2;0.301
9157.7;0.348
9158.2;0.413
9158.7;0.235
9159.2;0.457
9159.7;0.225
9160.2;0.211
9160.7;0.133
9161.2;0.511
9161.7;0.223
9162.2;0.335
9162.7;0.222
9163.2;0.134
9163.7;0.677
9164.2;0.499
9164.7;0.149
9165.2;0.105
9165.7;0.227
9166.2;0.092
9166.7;0.308
9167.2;0.248
9167.7;0.536
9168.2;0.35
9168.7;0.303
9169.2;0.24
9169.7;0.242
9170.2;0.333
9170.7;0.284
9171.2;0.632
9171.7;0.329
9172.2;0.229
9172.7;0.72
9173.2;0.44
9173.7;0.578
9174.2;0.502
9174.7;0.348
9175.2;0.105
9175.7;0.508
9176.2;0.673
9176.7;0.155
9177.2;0.221
9177.7;0.117
9178.2;0.203
9178.7;0.341
9179.2;0.385
9179.7;0.572
9180.2;0.556
9180.7;0.239
9181.2;0.425
9181.7;0.631
9182.2;0.325
9182.7;0.227
9183.2;0.15
9183.7;0.328
9184.2;0.088
9184.7;0.234
9185.2;0.113
9185.7;0.376
9186.2;0.383
9186.7;0.044
9187.2;0.106
9187.7;0.416
9188.2;0.688
9188.7;0.22
9189.2;0.414
9189.7;0.076
9190.2;0.501
9190.7;0.182
9191.2;0.243
9191.7;0.149
9192.2;0.244
9192.7;0.378
9193.2;0.145
9193.7;0.077
9194.2;0.362
9194.7;0.193
9195.2;0.457
9195.7;0.338
9196.2;0.324
9196.7;0.423
9197.2;0.195
9197.7;0.808
9198.2;0.435
9198.7;0.165
9199.2;0.407
9199.7;0.473
9200.2;0.23
9200.7;0.624
9201.2;0.292
9201.7;0.163
9202.2;0.53
9202.7;0.337
9203.2;0.569
9203.7;0.51
9204.2;0.325
9204.7;0.374
9205.2;0.424
9205.7;0.177
9206.2;0.099
9206.7;0.354
9207.2;0.092
9207.7;0.379
9208.2;0.462
9208.7;0.251
9209.2;0.161
9209.7;0.495
9210.2;0.179
9210.7;0.24
9211.2;0.691
9211.7;0.372
9212.2;0.087
9212.7;0.346
9213.2;0.257
9213.7;0.451
9214.2;0.788
9214.7;0.18
9215.2;0.438
9215.7;0.135
9216.2;0.15
9216.7;0.412
9217.2;0.183
9217.7;0.503
9218.2;0.335
9218.7;0.144
9219.2;0.32
9219.7;0.182
9220.2;0.317
9220.7;0.585
9221.2;0.632
9221.7;0.152
9222.2;0.575
9222.7;0.184
9223.2;0.307
9223.7;0.404
9224.2;0.457
9224.7;0.257
9225.2;0.334
9225.7;0.42
9226.2;0.551
9226.7;0.56
9227.2;0.022
9227.7;0.779
9228.2;0.229
9228.7;0.438
9229.2;0.223
9229.7;0.397
9230.2;0.278
9230.7;0.115
9231.2;0.558
9231.7;0.22
9232.2;0.193
9232.7;0.066
9233.2;0.235
9233.7;0.251
9234.2;0.391
9234.7;0.467
9235.2;0.241
9235.7;0.054
9236.2;0.544
9236.7;0.224
9237.2;0.05
9237.7;0.226
9238.2;0.192
9238.7;0.37
9239.2;0.465
9239.7;0.147
9240.2;0.326
9240.7;0.358
9241.2;0.299
9241.7;0.389
9242.2;0.021
9242.7;0.155
9243.2;0.242
9243.7;0.371
9244.2;0.172
9244.7;0.685
9245.2;0.51
9245.7;0.295
9246.2;0.039
9246.7;0.49
9247.2;0.298
9247.7;0.178
9248.2;0.411
9248.7;0.218
9249.2;0.153
9249.7;0.087
9250.2;0.218
9250.7;0.134
9251.2;0.523
9251.7;0.187
9252.2;0.413
9252.7;0.275
9253.2;0.207
9253.7;0.321
9254.2;0.581
9254.7;0.157
9255.2;0.1
9255.7;0.161
9256.2;0.201
9256.7;0.08
9257.2;0.454
9257.7;0.302
9258.2;0.455
9258.7;0.144
9259.2;0.244
9259.7;0.255
9260.2;0.121
9260.7;0.092
9261.2;0.473
9261.7;0.323
9262.2;0.141
9262.7;0.363
9263.2;0.195
9263.7;0.456
9264.2;0.489
9264.7;0.227
9265.2;0.312
9265.7;0.4
9266.2;0.301
9266.7;0.311
9267.2;0.401
9267.7;0.097
9268.2;0.159
9268.7;0.287
9269.2;0.217
9269.7;0.098
9270.2;0.24
9270.7;0.438
9271.2;0.103
9271.7;0.254
9272.2;0.192
9272.7;0.323
9273.2;0.162
9273.7;0.331
9274.2;0.314
9274.7;0.148
9275.2;0.329
9275.7;0.07
9276.2;0.305
9276.7;0.19
9277.2;0.107
9277.7;0.464
9278.2;0.263
9278.7;0.367
9279.2;0.101
9279.7;0.101
9280.2;0.037
9280.7;0.312
9281.2;0.213
9281.7;0.126
9282.2;0.116
9282.7;0.147
9283.2;0.454
9283.7;0.465
9284.2;0.22
9284.7;0.42
9285.2;0.078
9285.7;0.031
9286.2;0.113
9286.7;0.211
9287.2;0.271
9287.7;0.308
9288.2;0.391
9288.7;0.213
9289.2;0.303
9289.7;0.046
9290.2;0.307
9290.7;0.462
9291.2;0.265
9291.7;0.12
9292.2;0.437
9292.7;0.383
9293.2;0.18
9293.7;0.451
9294.2;0.085
9294.7;0.065
9295.2;0.221
9295.7;0.312
9296.2;0.206
9296.7;0.279
9297.2;0.154
9297.7;0.085
9298.2;0.228
9298.7;0.247
9299.2;0.289
9299.7;0.261
9300.2;0.19
9300.7;0.126
9301.2;0.153
9301.7;0.076
9302.2;0.137
9302.7;0.289
9303.2;0.176
9303.7;0.14
9304.2;0.198
9304.7;0.277
9305.2;0.14
9305.7;0.226
9306.2;0.037
9306.7;0.115
9307.2;0.218
9307.7;0.109
9308.2;0.131
9308.7;0.1
9309.2;0.121
9309.7;0.208
9310.2;0.149
9310.7;0.065
9311.2;0.158
9311.7;0.11
9312.2;0.162
9312.7;0.086
9313.2;0.086
9313.7;0.096
9314.2;0.134
9314.7;0.075
9315.2;0.253
9315.7;0.125
9316.2;0.04
9316.7;0.124
9317.2;0.146
9317.7;0.086
9318.2;0.253
9318.7;0.07
9319.2;0.112
9319.7;0.066
9320.2;0.195
9320.7;0.152
9321.2;0.161
9321.7;0.165
9322.2;0.129
9322.7;0.139
9323.2;0.286
9323.7;0.098
9324.2;0.147
9324.7;0.066
9325.2;0.148
9325.7;0.102
9326.2;0.069
9326.7;0.186
9327.2;0.115
9327.7;0.073
9328.2;0.058
9328.7;0.054
9329.2;0.067
9329.7;0.063
9330.2;0.235
9330.7;0.307
9331.2;0.201
9331.7;0.101
9332.2;0.157
9332.7;0.106
9333.2;0.228
9333.7;0.217
9334.2;0.179
9334.7;0.14
9335.2;0.142
9335.7;0.125
9336.2;0.118
9336.7;0.151
9337.2;0.093
9337.7;0.24
9338.2;0.199
9338.7;0.146
9339.2;0.2
9339.7;0.017
9340.2;0.029
9340.7;0.217
9341.2;0.047
9341.7;0.293
9342.2;0.202
9342.7;0.131
9343.2;0.181
9343.7;0.1
9344.2;0.066
9344.7;0.19
9345.2;0.162
9345.7;0.171
9346.2;0.057
9346.7;0.354
9347.2;0.27
9347.7;0.246
9348.2;0.2
9348.7;0.191
9349.2;0.167
9349.7;0.071
9350.2;0.182
9350.7;0.157
9351.2;0.136
9351.7;0.126
9352.2;0.432
9352.7;0.138
9353.2;0.321
9353.7;0.106
9354.2;0.3
9354.7;0.138
9355.2;0.359
9355.7;0.361
9356.2;0.154
9356.7;0.275
9357.2;0.547
9357.7;0.094
9358.2;0.261
9358.7;0.155
9359.2;0.121
9359.7;0.293
9360.2;0.109
9360.7;0.121
9361.2;0.141
9361.7;0.273
9362.2;0.42
9362.7;0.017
9363.2;0.539
9363.7;0.388
9364.2;0.206
9364.7;0.368
9365.2;0.326
9365.7;0.113
9366.2;0.526
9366.7;0.42
9367.2;0.113
9367.7;0.472
9368.2;0.245
9368.7;0.34
9369.2;0.284
9369.7;0.064
9370.2;0.402
9370.7;0.129
9371.2;0.014
9371.7;0.205
9372.2;0.196
9372.7;0.37
9373.2;0.188
9373.7;0.041
9374.2;0.068
9374.7;0.196
9375.2;0.053
9375.7;0.414
9376.2;0.225
9376.7;0.094
9377.2;0.069
9377.7;0.197
9378.2;0.087
9378.7;0.124
9379.2;0.219
9379.7;0.153
9380.2;0.143
9380.7;0.072
9381.2;0.157
9381.7;0.165
9382.2;0.093
9382.7;0.145
9383.2;0.167
9383.7;0.055
9384.2;0.182
9384.7;0.184
9385.2;0.141
9385.7;0.091
9386.2;0.212
9386.7;0.235
9387.2;0.202
9387.7;0.057
9388.2;0.09
9388.7;0.077
9389.2;0.132
9389.7;0.288
9390.2;0.185
9390.7;0.284
9391.2;0.048
9391.7;0.222
9392.2;0.022
9392.7;0.124
9393.2;0.039
9393.7;0.251
9394.2;0.359
9394.7;0.191
9395.2;0.253
9395.7;0.23
9396.2;0.141
9396.7;0.129
9397.2;0.253
9397.7;0.132
9398.2;0.076
9398.7;0.078
9399.2;0.211
9399.7;0.113
9400.2;0.072
9400.7;0.237
9401.2;0.096
9401.7;0.016
9402.2;0.036
9402.7;0.136
9403.2;0.044
9403.7;0.136
9404.2;0.31
9404.7;0.148
9405.2;0.134
9405.7;0.194
9406.2;0.197
9406.7;0.25
9407.2;0.034
9407.7;0.142
9408.2;0.199
9408.7;0.17
9409.2;0.188
9409.7;0.111
9410.2;0.095
9410.7;0.189
9411.2;0.142
9411.7;0.085
9412.2;0.212
9412.7;0.098
9413.2;0.078
9413.7;0.213
9414.2;0.094
9414.7;0.079
9415.2;0.155
9415.7;0.074
9416.2;0.22
9416.7;0.119
9417.2;0.211
9417.7;0.119
9418.2;0.082
9418.7;0.088
9419.2;0.04
9419.7;0.166
9420.2;0.155
9420.7;0.258
9421.2;0.213
9421.7;0.14
9422.2;0.247
9422.7;0.18
9423.2;0.234
9423.7;0.099
9424.2;0.21
9424.7;0.216
9425.2;0.137
9425.7;0.084
9426.2;0.054
9426.7;0.113
9427.2;0.094
9427.7;0.176
9428.2;0.118
9428.7;0.257
9429.2;0.102
9429.7;0.114
9430.2;0.192
9430.7;0.036
9431.2;0.058
9431.7;0.09
9432.2;0.126
9432.7;0.25
9433.2;0.075
9433.7;0.117
9434.2;0.13
9434.7;0.021
9435.2;0.302
9435.7;0.213
9436.2;0.085
9436.7;0.019
9437.2;0.217
9437.7;0.111
9438.2;0.117
9438.7;0.366
9439.2;0.16
9439.7;0.234
9440.2;0.187
9440.7;0.014
9441.2;0.21
9441.7;0.102
9442.2;0.153
9442.7;0.244
9443.2;0.309
9443.7;0.135
9444.2;0.359
9444.7;0.061
9445.2;0.143
9445.7;0.129
9446.2;0.126
9446.7;0.134
9447.2;0.395
9447.7;0.229
9448.2;0.192
9448.7;0.064
9449.2;0.231
9449.7;0.214
9450.2;0.218
9450.7;0.18
9451.2;0.302
9451.7;0.198
9452.2;0.152
9452.7;0.302
9453.2;0.176
9453.7;0.195
9454.2;0.228
9454.7;0.341
9455.2;0.154
9455.7;0.086
9456.2;0.53
9456.7;0.381
9457.2;0.108
9457.7;0.171
9458.2;0.193
9458.7;0.094
9459.2;0.157
9459.7;0.147
9460.2;0.153
9460.7;0.147
9461.2;0.277
9461.7;0.114
9462.2;0.214
9462.7;0.208
9463.2;0.277
9463.7;0.116
9464.2;0.131
9464.7;0.265
9465.2;0.397
9465.7;0.199
9466.2;0.13
9466.7;0.338
9467.2;0.272
9467.7;0.05
9468.2;0.167
9468.7;0.391
9469.2;0.231
9469.7;0.461
9470.2;0.225
9470.7;0.171
9471.2;0.187
9471.7;0.291
9472.2;0.135
9472.7;0.126
9473.2;0.182
9473.7;0.38
9474.2;0.151
9474.7;0.011
9475.2;0.376
9475.7;0.045
9476.2;0.248
9476.7;0.344
9477.2;0.359
9477.7;0.097
9478.2;0.267
9478.7;0.173
9479.2;0.278
9479.7;0.172
9480.2;0.109
9480.7;0.31
9481.2;0.369
9481.7;0.334
9482.2;0.062
9482.7;0.15
9483.2;0.254
9483.7;0.109
9484.2;0.131
9484.7;0.301
9485.2;0.222
9485.7;0.275
9486.2;0.431
9486.7;0.151
9487.2;0.183
9487.7;0.254
9488.2;0.13
9488.7;0.216
9489.2;0.179
9489.7;0.368
9490.2;0.261
9490.7;0.2
9491.2;0.319
9491.7;0.017
9492.2;0.182
9492.7;0.134
9493.2;0.371
9493.7;0.22
9494.2;0.137
9494.7;0.273
9495.2;0.015
9495.7;0.192
9496.2;0.314
9496.7;0.206
9497.2;0.197
9497.7;0.334
9498.2;0.069
9498.7;0.16
9499.2;0.2
9499.7;0.209
9500.2;0.115
9500.7;0.093
9501.2;0.07
9501.7;0.213
9502.2;0.277
9502.7;0.088
9503.2;0.192
9503.7;0.147
9504.2;0.171
9504.7;0.188
9505.2;0.13
9505.7;0.207
9506.2;0.206
9506.7;0.16
9507.2;0.083
9507.7;0.077
9508.2;0.065
9508.7;0.236
9509.2;0.202
9509.7;0.057
9510.2;0.159
9510.7;0.155
9511.2;0.158
9511.7;0.213
9512.2;0.163
9512.7;0.078
9513.2;0.068
9513.7;0.043
9514.2;0.125
9514.7;0.354
9515.2;0.235
9515.7;0.233
9516.2;0.222
9516.7;0.118
9517.2;0.034
9517.7;0.3
9518.2;0.261
9518.7;0.036
9519.2;0.378
9519.7;0.049
9520.2;0.072
9520.7;0.109
9521.2;0.212
9521.7;0.159
9522.2;0.078
9522.7;0.106
9523.2;0.306
9523.7;0.19
9524.2;0.223
9524.7;0.231
9525.2;0.322
9525.7;0.086
9526.2;0.096
9526.7;0.157
9527.2;0.172
9527.7;0.124
9528.2;0.245
9528.7;0.257
9529.2;0.148
9529.7;0.122
9530.2;0.109
9530.7;0.137
9531.2;0.13
9531.7;0.129
9532.2;0.079
9532.7;0.228
9533.2;0.3
9533.7;0.213
9534.2;0.21
9534.7;0.186
9535.2;0.195
9535.7;0.257
9536.2;0.065
9536.7;0.264
9537.2;0.049
9537.7;0.174
9538.2;0.261
9538.7;0.149
9539.2;0.067
9539.7;0.14
9540.2;0.358
9540.7;0.096
9541.2;0.239
9541.7;0.235
9542.2;0.165
9542.7;0.271
9543.2;0.198
9543.7;0.225
9544.2;0.25
9544.7;0.196
9545.2;0.231
9545.7;0.092
9546.2;0.09
9546.7;0.099
9547.2;0.155
9547.7;0.114
9548.2;0.002
9548.7;0.085
9549.2;0.361
9549.7;0.154
9550.2;0.147
9550.7;0.231
9551.2;0.124
9551.7;0.267
9552.2;0.285
9552.7;0.237
9553.2;0.23
9553.7;0.434
9554.2;0.248
9554.7;0.071
9555.2;0.084
9555.7;0.101
9556.2;0.322
9556.7;0.103
9557.2;0.126
9557.7;0.017
9558.2;0.205
9558.7;0.084
9559.2;0.103
9559.7;0.174
9560.2;0.069
9560.7;0.16
9561.2;0.233
9561.7;0.131
9562.2;0.086
9562.7;0.131
9563.2;0.266
9563.7;0.277
9564.2;0.199
9564.7;0.094
9565.2;0.122
9565.7;0.156
9566.2;0.228
9566.7;0.257
9567.2;0.118
9567.7;0.176
9568.2;0.187
9568.7;0.143
9569.2;0.105
9569.7;0.191
9570.2;0.093
9570.7;0.315
9571.2;0.302
9571.7;0.089
9572.2;0.117
9572.7;0.029
9573.2;0.119
9573.7;0.312
9574.2;0.171
9574.7;0.034
9575.2;0.184
9575.7;0.073
9576.2;0.09
9576.7;0.085
9577.2;0.087
9577.7;0.192
9578.2;0.164
9578.7;0.018
9579.2;0.052
9579.7;0.101
9580.2;0.029
9580.7;0.047
9581.2;0.179
9581.7;0.133
9582.2;0.217
9582.7;0.181
9583.2;0.171
9583.7;0.187
9584.2;0.065
9584.7;0.092
9585.2;0.199
9585.7;0.121
9586.2;0.034
9586.7;0.185
9587.2;0.252
9587.7;0.165
9588.2;0.042
9588.7;0.228
9589.2;0.229
9589.7;0.216
9590.2;0.148
9590.7;0.124
9591.2;0.093
9591.7;0.174
9592.2;0.214
9592.7;0.25
9593.2;0.114
9593.7;0.095
9594.2;0.154
9594.7;0.095
9595.2;0.236
9595.7;0.058
9596.2;0.083
9596.7;0.158
9597.2;0.142
9597.7;0.166
9598.2;0.076
9598.7;0.024
9599.2;0.106
9599.7;0.222
9600.2;0.036
9600.7;0.143
9601.2;0.005
9601.7;0.172
9602.2;0.108
9602.7;0.145
9603.2;0.105
9603.7;0.109
9604.2;0.164
9604.7;0.156
9605.2;0.157
9605.7;0.073
9606.2;0.111
9606.7;0.136
9607.2;0.085
9607.7;0.096
9608.2;0.052
9608.7;0.026
9609.2;0.11
9609.7;0.072
9610.2;0.049
9610.7;0.061
9611.2;0.035
9611.7;0.175
9612.2;0.111
9612.7;0.172
9613.2;0.131
9613.7;0.144
9614.2;0.2
9614.7;0.041
9615.2;0.145
9615.7;0.115
9616.2;0.084
9616.7;0.106
9617.2;0.124
9617.7;0.164
9618.2;0.05
9618.7;0.239
9619.2;0.159
9619.7;0.155
9620.2;0.154
9620.7;0.16
9621.2;0.308
9621.7;0.278
9622.2;0.189
9622.7;0.275
9623.2;0.296
9623.7;0.169
9624.2;0.278
9624.7;0.149
9625.2;0.136
9625.7;0.22
9626.2;0.294
9626.7;0.156
9627.2;0.137
9627.7;0.119
9628.2;0.237
9628.7;0.177
9629.2;0.034
9629.7;0.15
9630.2;0.283
9630.7;0.124
9631.2;0.149
9631.7;0.091
9632.2;0.171
9632.7;0.223
9633.2;0.106
9633.7;0.128
9634.2;0.185
9634.7;0.22
9635.2;0.377
9635.7;0.066
9636.2;0.251
9636.7;0.156
9637.2;0.106
9637.7;0.064
9638.2;0.219
9638.7;0.146
9639.2;0.305
9639.7;0.089
9640.2;0.024
9640.7;0.215
9641.2;0.107
9641.7;0.058
9642.2;0.181
9642.7;0.091
9643.2;0.23
9643.7;0.133
9644.2;0.237
9644.7;0.101
9645.2;0.026
9645.7;0.158
9646.2;0.262
9646.7;0.059
9647.2;0.066
9647.7;0.319
9648.2;0.148
9648.7;0.014
9649.2;0.066
9649.7;0.148
9650.2;0.066
9650.7;0.108
9651.2;0.2
9651.7;0.157
9652.2;0.18
9652.7;0.189
9653.2;0.111
9653.7;0.095
9654.2;0.114
9654.7;0.169
9655.2;0.067
9655.7;0.319
9656.2;0.146
9656.7;0.255
9657.2;0.128
9657.7;0.164
9658.2;0.138
9658.7;0.08
9659.2;0.229
9659.7;0.312
9660.2;0.102
9660.7;0.188
9661.2;0.024
9661.7;0.187
9662.2;0.091
9662.7;0.008
9663.2;0.145
9663.7;0.418
9664.2;0.209
9664.7;0.505
9665.2;0.088
9665.7;0.247
9666.2;0.235
9666.7;0.197
9667.2;0.112
9667.7;0.116
9668.2;0.433
9668.7;0.367
9669.2;0.269
9669.7;0.296
9670.2;0.107
9670.7;0.4
9671.2;0.09
9671.7;0.216
9672.2;0.067
9672.7;0.131
9673.2;0.164
9673.7;0.172
9674.2;0.25
9674.7;0.136
9675.2;0.347
9675.7;0.224
9676.2;0.159
9676.7;0.17
9677.2;0.078
9677.7;0.149
9678.2;0.279
9678.7;0.135
9679.2;0.224
9679.7;0.136
9680.2;0.116
9680.7;0.158
9681.2;0.232
9681.7;0.125
9682.2;0.278
9682.7;0.051
9683.2;0.225
9683.7;0.147
9684.2;0.11
9684.7;0.21
9685.2;0.355
9685.7;0.152
9686.2;0.091
9686.7;0.066
9687.2;0.24
9687.7;0.139
9688.2;0.059
9688.7;0.177
9689.2;0.202
9689.7;0.28
9690.2;0.042
9690.7;0.128
9691.2;0.253
9691.7;0.178
9692.2;0.216
9692.7;0.208
9693.2;0.29
9693.7;0.162
9694.2;0.321
9694.7;0.144
9695.2;0.078
9695.7;0.346
9696.2;0.05
9696.7;0.023
9697.2;0.122
9697.7;0.162
9698.2;0.489
9698.7;0.147
9699.2;0.238
9699.7;0.156
9700.2;0.442
9700.7;0.168
9701.2;0.152
9701.7;0.402
9702.2;0.008
9702.7;0.134
9703.2;0.389
9703.7;0.188
9704.2;0.221
9704.7;0.216
9705.2;0.334
9705.7;0.226
9706.2;0.33
9706.7;0.102
9707.2;0.506
9707.7;0.457
9708.2;0.024
9708.7;0.332
9709.2;0.197
9709.7;0.152
9710.2;0.227
9710.7;0.359
9711.2;0.268
9711.7;0.265
9712.2;0.454
9712.7;0.267
9713.2;0.378
9713.7;0.145
9714.2;0.134
9714.7;0.383
9715.2;0.241
9715.7;0.266
9716.2;0.22
9716.7;0.162
9717.2;0.177
9717.7;0.287
9718.2;0.112
9718.7;0.236
9719.2;0.395
9719.7;0.295
9720.2;0.16
9720.7;0.146
9721.2;0.109
9721.7;0.303
9722.2;0.393
9722.7;0.143
9723.2;0.148
9723.7;0.173
9724.2;0.27
9724.7;0.459
9725.2;0.265
9725.7;0.261
9726.2;0.321
9726.7;0.106
9727.2;0.058
9727.7;0.239
9728.2;0.383
9728.7;0.313
9729.2;0.075
9729.7;0.038
9730.2;0.157
9730.7;0.096
9731.2;0.216
9731.7;0.337
9732.2;0.188
9732.7;0.259
9733.2;0.181
9733.7;0.069
9734.2;0.173
9734.7;0.221
9735.2;0.11
9735.7;0.133
9736.2;0.442
9736.7;0.2
9737.2;0.113
9737.7;0.229
9738.2;0.177
9738.7;0.184
9739.2;0.209
9739.7;0.397
9740.2;0.201
9740.7;0.303
9741.2;0.126
9741.7;0.216
9742.2;0.141
9742.7;0.233
9743.2;0.284
9743.7;0.151
9744.2;0.213
9744.7;0.324
9745.2;0.234
9745.7;0.234
9746.2;0.181
9746.7;0.32
9747.2;0.192
9747.7;0.062
9748.2;0.018
9748.7;0.191
9749.2;0.037
9749.7;0.265
9750.2;0.242
9750.7;0.215
9751.2;0.132
9751.7;0.112
9752.2;0.099
9752.7;0.258
9753.2;0.173
9753.7;0.243
9754.2;0.076
9754.7;0.164
9755.2;0.09
9755.7;0.2
9756.2;0.134
9756.7;0.066
9757.2;0.189
9757.7;0.098
9758.2;0.16
9758.7;0.052
9759.2;0.008
9759.7;0.088
9760.2;0.217
9760.7;0.02
9761.2;0.034
9761.7;0.071
9762.2;0.154
9762.7;0.106
9763.2;0.189
9763.7;0.097
9764.2;0.03
9764.7;0.11
9765.2;0.129
9765.7;0.056
9766.2;0.131
9766.7;0.083
9767.2;0.025
9767.7;0.112
9768.2;0.119
9768.7;0.131
9769.2;0.124
9769.7;0.146
9770.2;0.097
9770.7;0.091
9771.2;0.039
9771.7;0.109
9772.2;0.006
9772.7;0.027
9773.2;0.073
9773.7;0.164
9774.2;0.027
9774.7;0.154
9775.2;0.171
9775.7;0.196
9776.2;0.016
9776.7;0.206
9777.2;0.16
9777.7;0.107
9778.2;0.119
9778.7;0.041
9779.2;0.085
9779.7;0.126
9780.2;0.052
9780.7;0.111
9781.2;0.124
9781.7;0.012
9782.2;0.092
9782.7;0.011
9783.2;0.165
9783.7;0.147
9784.2;0.066
9784.7;0.045
9785.2;0.102
9785.7;0.097
9786.2;0.289
9786.7;0.185
9787.2;0.062
9787.7;0.07
9788.2;0.041
9788.7;0.14
9789.2;0.151
9789.7;0.012
9790.2;0.087
9790.7;0.044
9791.2;0.082
9791.7;0.044
9792.2;0.141
9792.7;0.149
9793.2;0.165
9793.7;0.161
9794.2;0.139
9794.7;0.052
9795.2;0.145
9795.7;0.078
9796.2;0.158
9796.7;0.198
9797.2;0.267
9797.7;0.184
9798.2;0.186
9798.7;0.023
9799.2;0.078
9799.7;0.056
9800.2;0.097
9800.7;0.168
9801.2;0.038
9801.7;0.225
9802.2;0.151
9802.7;0.131
9803.2;0.162
9803.7;0.113
9804.2;0.163
9804.7;0.239
9805.2;0.261
9805.7;0.144
9806.2;0.167
9806.7;0.308
9807.2;0.12
9807.7;0.161
9808.2;0.107
9808.7;0.118
9809.2;0.142
9809.7;0.154
9810.2;0.107
9810.7;0.103
9811.2;0.093
9811.7;0.129
9812.2;0.111
9812.7;0.101
9813.2;0.191
9813.7;0.241
9814.2;0.061
9814.7;0.067
9815.2;0.108
9815.7;0.044
9816.2;0.167
9816.7;0.144
9817.2;0.199
9817.7;0.159
9818.2;0.128
9818.7;0.116
9819.2;0.134
9819.7;0.087
9820.2;0.229
9820.7;0.062
9821.2;0.016
9821.7;0.073
9822.2;0.11
9822.7;0.119
9823.2;0.193
9823.7;0.065
9824.2;0.154
9824.7;0.091
9825.2;0.107
9825.7;0.146
9826.2;0.103
9826.7;0.084
9827.2;0.057
9827.7;0.249
9828.2;0.181
9828.7;0.204
9829.2;0.063
9829.7;0.051
9830.2;0.068
9830.7;0.107
9831.2;0.101
9831.7;0.056
9832.2;0.043
9832.7;0.086
9833.2;0.141
9833.7;0.083
9834.2;0.071
9834.7;0.204
9835.2;0.1
9835.7;0.027
9836.2;0.131
9836.7;0.084
9837.2;0.253
9837.7;0.183
9838.2;0.1
9838.7;0.269
9839.2;0.17
9839.7;0.081
9840.2;0.129
9840.7;0.053
9841.2;0.187
9841.7;0.142
9842.2;0.226
9842.7;0.13
9843.2;0.193
9843.7;0.051
9844.2;0.215
9844.7;0.162
9845.2;0.138
9845.7;0.153
9846.2;0.058
9846.7;0.069
9847.2;0.092
9847.7;0.291
9848.2;0.068
9848.7;0.118
9849.2;0.033
9849.7;0.254
9850.2;0.115
9850.7;0.199
9851.2;0.083
9851.7;0.048
9852.2;0.184
9852.7;0.063
9853.2;0.084
9853.7;0.171
9854.2;0.071
9854.7;0.117
9855.2;0.256
9855.7;0.05
9856.2;0.074
9856.7;0.266
9857.2;0.152
9857.7;0.236
9858.2;0.038
9858.7;0.139
9859.2;0.138
9859.7;0.167
9860.2;0.106
9860.7;0.107
9861.2;0.238
9861.7;0.166
9862.2;0.092
9862.7;0.227
9863.2;0.15
9863.7;0.216
9864.2;0.161
9864.7;0.214
9865.2;0.262
9865.7;0.115
9866.2;0.335
9866.7;0.271
9867.2;0.025
9867.7;0.14
9868.2;0.235
9868.7;0.057
9869.2;0.294
9869.7;0.287
9870.2;0.247
9870.7;0.316
9871.2;0.247
9871.7;0.392
9872.2;0.037
9872.7;0.143
9873.2;0.223
9873.7;0.233
9874.2;0.301
9874.7;0.324
9875.2;0.149
9875.7;0.143
9876.2;0.143
9876.7;0.112
9877.2;0.148
9877.7;0.122
9878.2;0.19
9878.7;0.179
9879.2;0.173
9879.7;0.401
9880.2;0.292
9880.7;0.347
9881.2;0.139
9881.7;0.056
9882.2;0.222
9882.7;0.081
9883.2;0.37
9883.7;0.181
9884.2;0.089
9884.7;0.135
9885.2;0.193
9885.7;0.265
9886.2;0.198
9886.7;0.156
9887.2;0.081
9887.7;0.311
9888.2;0.172
9888.7;0.184
9889.2;0.258
9889.7;0.061
9890.2;0.088
9890.7;0.034
9891.2;0.146
9891.7;0.092
9892.2;0.106
9892.7;0.12
9893.2;0.122
9893.7;0.173
9894.2;0.187
9894.7;0.299
9895.2;0.081
9895.7;0.259
9896.2;0.209
9896.7;0.32
9897.2;0.187
9897.7;0.137
9898.2;0.136
9898.7;0.276
9899.2;0.048
9899.7;0.172
9900.2;0.223
9900.7;0.148
9901.2;0.223
9901.7;0.196
9902.2;0.056
9902.7;0.061
9903.2;0.152
9903.7;0.28
9904.2;0.189
9904.7;0.07
9905.2;0.106
9905.7;0.082
9906.2;0.146
9906.7;0.151
9907.2;0.133
9907.7;0.165
9908.2;0.057
9908.7;0.112
9909.2;0.282
9909.7;0.225
9910.2;0.136
9910.7;0.135
9911.2;0.32
9911.7;0.05
9912.2;0.127
9912.7;0.04
9913.2;0.158
9913.7;0.172
9914.2;0.418
9914.7;0.056
9915.2;0.091
9915.7;0.18
9916.2;0.134
9916.7;0.165
9917.2;0.182
9917.7;0.293
9918.2;0.168
9918.7;0.056
9919.2;0.106
9919.7;0.178
9920.2;0.144
9920.7;0.016
9921.2;0.182
9921.7;0.162
9922.2;0.122
9922.7;0.077
9923.2;0.306
9923.7;0.112
9924.2;0.088
9924.7;0.039
9925.2;0.237
9925.7;0.194
9926.2;0.278
9926.7;0.277
9927.2;0.206
9927.7;0.277
9928.2;0.039
9928.7;0.153
9929.2;0.103
9929.7;0.076
9930.2;0.276
9930.7;0.085
9931.2;0.144
9931.7;0.119
9932.2;0.202
9932.7;0.205
9933.2;0.279
9933.7;0.057
9934.2;0.203
9934.7;0.067
9935.2;0.07
9935.7;0.296
9936.2;0.368
9936.7;0.163
9937.2;0.283
9937.7;0.139
9938.2;0.108
9938.7;0.135
9939.2;0.137
9939.7;0.14
9940.2;0.112
9940.7;0.236
9941.2;0.154
9941.7;0.326
9942.2;0.094
9942.7;0.108
9943.2;0.047
9943.7;0.107
9944.2;0.254
9944.7;0.069
9945.2;0.221
9945.7;0.09
9946.2;0.151
9946.7;0.129
9947.2;0.176
9947.7;0.24
9948.2;0.16
9948.7;0.105
9949.2;0.059
9949.7;0.341
9950.2;0.096
9950.7;0.197
9951.2;0.136
9951.7;0.081
9952.2;0.266
9952.7;0.057
9953.2;0.162
9953.7;0.143
9954.2;0.15
9954.7;0.067
9955.2;0.296
9955.7;0.349
9956.2;0.123
9956.7;0.264
9957.2;0.302
9957.7;0.263
9958.2;0.17
9958.7;0.226
9959.2;0.148
9959.7;0.1
9960.2;0.259
9960.7;0.1
9961.2;0.113
9961.7;0.146
9962.2;0.23
9962.7;0.13
9963.2;0.323
9963.7;0.197
9964.2;0.164
9964.7;0.065
9965.2;0.095
9965.7;0.15
9966.2;0.104
9966.7;0.03
9967.2;0.102
9967.7;0.052
9968.2;0.067
9968.7;0.149
9969.2;0.126
9969.7;0.202
9970.2;0.062
9970.7;0.187
9971.2;0.148
9971.7;0.129
9972.2;0.154
9972.7;0.126
9973.2;0.034
9973.7;0.112
9974.2;0.132
9974.7;0.034
9975.2;0.092
9975.7;0.166
9976.2;0.165
9976.7;0.072
9977.2;0.085
9977.7;0.078
9978.2;0.068
9978.7;0.079
9979.2;0.053
9979.7;0.17
9980.2;0.067
9980.7;0.059
9981.2;0.076
9981.7;0.15
9982.2;0.05
9982.7;0.096
9983.2;0.011
9983.7;0.12
9984.2;0.157
9984.7;0.157
9985.2;0.174
9985.7;0.096
9986.2;0.054
9986.7;0.104
9987.2;0.147
9987.7;0.084
9988.2;0.039
9988.7;0.106
9989.2;0.044
9989.7;0.149
9990.2;0.128
9990.7;0.067
9991.2;0.074
9991.7;0.207
9992.2;0.12
9992.7;0.033
9993.2;0.316
9993.7;0.126
9994.2;0.077
9994.7;0.174
9995.2;0.062
9995.7;0.061
9996.2;0.092
9996.7;0.179
9997.2;0.24
9997.7;0.102
9998.2;0.151
9998.7;0.104
9999.2;0.145
9999.7;0.083
10000.2;0.216
10000.7;0.026
10001.2;0.299
10001.7;0.12
10002.2;0.153
10002.7;0.065
10003.2;0.131
10003.7;0.195
10004.2;0.162
10004.7;0.153
10005.2;0.08
10005.7;0.256
10006.2;0.147
10006.7;0.089
10007.2;0.196
10007.7;0.103
10008.2;0.296
10008.7;0.156
10009.2;0.1
10009.7;0.028
10010.2;0.159
10010.7;0.229
10011.2;0.122
10011.7;0.155
10012.2;0.196
10012.7;0.283
10013.2;0.051
10013.7;0.087
10014.2;0.15
10014.7;0.181
10015.2;0.27
10015.7;0.063
10016.2;0.145
10016.7;0.07
10017.2;0.104
10017.7;0.094
10018.2;0.115
10018.7;0.114
10019.2;0.131
10019.7;0.233
10020.2;0.121
10020.7;0.088
10021.2;0.064
10021.7;0.067
10022.2;0.202
10022.7;0.077
10023.2;0.077
10023.7;0.056
10024.2;0.152
10024.7;0.155
10025.2;0.115
10025.7;0.136
10026.2;0.062
10026.7;0.092
10027.2;0.139
10027.7;0.083
10028.2;0.101
10028.7;0.218
10029.2;0.178
10029.7;0.183
10030.2;0.243
10030.7;0.059
10031.2;0.148
10031.7;0.087
10032.2;0.052
10032.7;0.095
10033.2;0.046
10033.7;0.17
10034.2;0.187
10034.7;0.095
10035.2;0.058
10035.7;0.079
10036.2;0.164
10036.7;0.097
10037.2;0.156
10037.7;0.048
10038.2;0.134
10038.7;0.166
10039.2;0.077
10039.7;0.045
10040.2;0.089
10040.7;0.08
10041.2;0.128
10041.7;0.089
10042.2;0.068
10042.7;0.009
10043.2;0.152
10043.7;0.045
10044.2;0.045
10044.7;0.121
10045.2;0.106
10045.7;0.12
10046.2;0.142
10046.7;0.021
10047.2;0.069
10047.7;0.153
10048.2;0.255
10048.7;0.079
10049.2;0.075
10049.7;0.178
10050.2;0.065
10050.7;0.108
10051.2;0.093
10051.7;0.01
10052.2;0.007
10052.7;0.102
10053.2;0.067
10053.7;0.171
10054.2;0.062
10054.7;0.092
10055.2;0.364
10055.7;0.187
10056.2;0.193
10056.7;0.267
10057.2;0.091
10057.7;0.294
10058.2;0.07
10058.7;0.162
10059.2;0.072
10059.7;0.186
10060.2;0.12
10060.7;0.138
10061.2;0.283
10061.7;0.199
10062.2;0.048
10062.7;0.26
10063.2;0.045
10063.7;0.433
10064.2;0.245
10064.7;0.316
10065.2;0.277
10065.7;0.147
10066.2;0.139
10066.7;0.05
10067.2;0.205
10067.7;0.106
10068.2;0.085
10068.7;0.17
10069.2;0.038
10069.7;0.118
10070.2;0.035
10070.7;0.107
10071.2;0.19
10071.7;0.199
10072.2;0.179
10072.7;0.102
10073.2;0.114
10073.7;0.18
10074.2;0.021
10074.7;0.162
10075.2;0.245
10075.7;0.084
10076.2;0.15
10076.7;0.159
10077.2;0.093
10077.7;0.073
10078.2;0.176
10078.7;0.17
10079.2;0.039
10079.7;0.147
10080.2;0.055
10080.7;0.113
10081.2;0.187
10081.7;0.092
10082.2;0.228
10082.7;0.135
10083.2;0.115
10083.7;0.231
10084.2;0.216
10084.7;0.127
10085.2;0.246
10085.7;0.062
10086.2;0.121
10086.7;0.141
10087.2;0.092
10087.7;0.198
10088.2;0.223
10088.7;0.225
10089.2;0.048
10089.7;0.187
10090.2;0.222
10090.7;0.111
10091.2;0.114
10091.7;0.323
10092.2;0.116
10092.7;0.034
10093.2;0.212
10093.7;0.071
10094.2;0.135
10094.7;0.277
10095.2;0.239
10095.7;0.144
10096.2;0.027
10096.7;0.107
10097.2;0.195
10097.7;0.164
10098.2;0.172
10098.7;0.233
10099.2;0.019
10099.7;0.231
10100.2;0.121
10100.7;0.072
10101.2;0.133
10101.7;0.16
10102.2;0.143
10102.7;0.092
10103.2;0.123
10103.7;0.166
10104.2;0.119
10104.7;0.055
10105.2;0.075
10105.7;0.224
10106.2;0.086
10106.7;0.285
10107.2;0.198
10107.7;0.055
10108.2;0.082
10108.7;0.165
10109.2;0.213
10109.7;0.145
10110.2;0.103
10110.7;0.145
10111.2;0.175
10111.7;0.086
10112.2;0.04
10112.7;0.017
10113.2;0.097
10113.7;0.044
10114.2;0.12
10114.7;0.144
10115.2;0.095
10115.7;0.056
10116.2;0.144
10116.7;0.017
10117.2;0.233
10117.7;0.17
10118.2;0.119
10118.7;0.093
10119.2;0.149
10119.7;0.049
10120.2;0.062
10120.7;0.315
10121.2;0.203
10121.7;0.114
10122.2;0.128
10122.7;0.259
10123.2;0.163
10123.7;0.157
10124.2;0.014
10124.7;0.137
10125.2;0.201
10125.7;0.199
10126.2;0.272
10126.7;0.105
10127.2;0.245
10127.7;0.097
10128.2;0.172
10128.7;0.104
10129.2;0.186
10129.7;0.218
10130.2;0.216
10130.7;0.31
10131.2;0.051
10131.7;0.182
10132.2;0.192
10132.7;0.112
10133.2;0.06
10133.7;0.095
10134.2;0.156
10134.7;0.238
10135.2;0.272
10135.7;0.067
10136.2;0.185
10136.7;0.175
10137.2;0.241
10137.7;0.076
10138.2;0.15
10138.7;0.147
10139.2;0.151
10139.7;0.184
10140.2;0.141
10140.7;0.306
10141.2;0.353
10141.7;0.185
10142.2;0.108
10142.7;0.106
10143.2;0.11
10143.7;0.229
10144.2;0.222
10144.7;0.184
10145.2;0.1
10145.7;0.118
10146.2;0.128
10146.7;0.093
10147.2;0.401
10147.7;0.09
10148.2;0.175
10148.7;0.124
10149.2;0.124
10149.7;0.056
10150.2;0.166
10150.7;0.099
10151.2;0.112
10151.7;0.145
10152.2;0.149
10152.7;0.132
10153.2;0.194
10153.7;0.122
10154.2;0.095
10154.7;0.053
10155.2;0.039
10155.7;0.146
10156.2;0.133
10156.7;0.064
10157.2;0.217
10157.7;0.089
10158.2;0.039
10158.7;0.339
10159.2;0.14
10159.7;0.135
10160.2;0.104
10160.7;0.248
10161.2;0.221
10161.7;0.053
10162.2;0.071
10162.7;0.119
10163.2;0.022
10163.7;0.121
10164.2;0.111
10164.7;0.081
10165.2;0.031
10165.7;0.055
10166.2;0.204
10166.7;0.141
10167.2;0.15
10167.7;0.155
10168.2;0.128
10168.7;0.135
10169.2;0.113
10169.7;0.174
10170.2;0.077
10170.7;0.257
10171.2;0.205
10171.7;0.202
10172.2;0.142
10172.7;0.238
10173.2;0.168
10173.7;0.254
10174.2;0.206
10174.7;0.062
10175.2;0.144
10175.7;0.084
10176.2;0.28
10176.7;0.155
10177.2;0.077
10177.7;0.193
10178.2;0.248
10178.7;0.14
10179.2;0.232
10179.7;0.284
10180.2;0.087
10180.7;0.033
10181.2;0.109
10181.7;0.076
10182.2;0.217
10182.7;0.039
10183.2;0.241
10183.7;0.183
10184.2;0.256
10184.7;0.146
10185.2;0.085
10185.7;0.211
10186.2;0.174
10186.7;0.086
10187.2;0.137
10187.7;0.167
10188.2;0.152
10188.7;0.17
10189.2;0.216
10189.7;0.075
10190.2;0.103
10190.7;0.203
10191.2;0.03
10191.7;0.216
10192.2;0.138
10192.7;0.131
10193.2;0.154
10193.7;0.183
10194.2;0.174
10194.7;0.204
10195.2;0.248
10195.7;0.177
10196.2;0.016
10196.7;0.035
10197.2;0.06
10197.7;0.123
10198.2;0.321
10198.7;0.082
10199.2;0.111
10199.7;0.07
10200.2;0.152
10200.7;0.303
10201.2;0.168
10201.7;0.083
10202.2;0.073
10202.7;0.149
10203.2;0.035
10203.7;0.018
10204.2;0.192
10204.7;0.191
10205.2;0.149
10205.7;0.128
10206.2;0.063
10206.7;0.138
10207.2;0.182
10207.7;0.346
10208.2;0.06
10208.7;0.084
10209.2;0.175
10209.7;0.176
10210.2;0.185
10210.7;0.133
10211.2;0.155
10211.7;0.268
10212.2;0.055
10212.7;0.154
10213.2;0.019
10213.7;0.355
10214.2;0.123
10214.7;0.033
10215.2;0.21
10215.7;0.144
10216.2;0.286
10216.7;0.105
10217.2;0.216
10217.7;0.066
10218.2;0.127
10218.7;0.162
10219.2;0.174
10219.7;0.2
10220.2;0.092
10220.7;0.417
10221.2;0.088
10221.7;0.093
10222.2;0.132
10222.7;0.184
10223.2;0.13
10223.7;0.226
10224.2;0.225
10224.7;0.13
10225.2;0.193
10225.7;0.231
10226.2;0.111
10226.7;0.149
10227.2;0.211
10227.7;0.077
10228.2;0.139
10228.7;0.321
10229.2;0.143
10229.7;0.08
10230.2;0.105
10230.7;0.049
10231.2;0.303
10231.7;0.279
10232.2;0.064
10232.7;0.246
10233.2;0.214
10233.7;0.068
10234.2;0.278
10234.7;0.339
10235.2;0.075
10235.7;0.165
10236.2;0.046
10236.7;0.2
10237.2;0.184
10237.7;0.166
10238.2;0.174
10238.7;0.155
10239.2;0.128
10239.7;0.234
10240.2;0.137
10240.7;0.18
10241.2;0.1
10241.7;0.064
10242.2;0.131
10242.7;0.387
10243.2;0.271
10243.7;0.053
10244.2;0.029
10244.7;0.351
10245.2;0.257
10245.7;0.182
10246.2;0.265
10246.7;0.283
10247.2;0.096
10247.7;0.081
10248.2;0.101
10248.7;0.045
10249.2;0.301
10249.7;0.198
10250.2;0.081
10250.7;0.241
10251.2;0.128
10251.7;0.4
10252.2;0.404
10252.7;0.087
10253.2;0.091
10253.7;0.08
10254.2;0.296
10254.7;0.13
10255.2;0.08
10255.7;0.19
10256.2;0.112
10256.7;0.277
10257.2;0.375
10257.7;0.103
10258.2;0.076
10258.7;0.094
10259.2;0.036
10259.7;0.07
10260.2;0.034
10260.7;0.132
10261.2;0.105
10261.7;0.131
10262.2;0.129
10262.7;0.167
10263.2;0.111
10263.7;0.154
10264.2;0.049
10264.7;0.097
10265.2;0.185
10265.7;0.03
10266.2;0.074
10266.7;0.183
10267.2;0.109
10267.7;0.188
10268.2;0.114
10268.7;0.055
10269.2;0.039
10269.7;0.276
10270.2;0.112
10270.7;0.121
10271.2;0.211
10271.7;0.193
10272.2;0.246
10272.7;0.088
10273.2;0.222
10273.7;0.211
10274.2;0.16
10274.7;0.216
10275.2;0.134
10275.7;0.162
10276.2;0.055
10276.7;0.104
10277.2;0.268
10277.7;0.12
10278.2;0.046
10278.7;0.084
10279.2;0.259
10279.7;0.13
10280.2;0.133
10280.7;0.031
10281.2;0.051
10281.7;0.047
10282.2;0.215
10282.7;0.16
10283.2;0.173
10283.7;0.126
10284.2;0.096
10284.7;0.247
10285.2;0.258
10285.7;0.078
10286.2;0.114
10286.7;0.097
10287.2;0.119
10287.7;0.088
10288.2;0.022
10288.7;0.082
10289.2;0.197
10289.7;0.138
10290.2;0.096
10290.7;0.233
10291.2;0.093
10291.7;0.194
10292.2;0.079
10292.7;0.171
10293.2;0.176
10293.7;0.209
10294.2;0.108
10294.7;0.065
10295.2;0.207
10295.7;0.163
10296.2;0.046
10296.7;0.059
10297.2;0.162
10297.7;0.047
10298.2;0.288
10298.7;0.171
10299.2;0.123
10299.7;0.092
10300.2;0.058
10300.7;0.096
10301.2;0.178
10301.7;0.064
10302.2;0.178
10302.7;0.05
10303.2;0.116
10303.7;0.102
10304.2;0.046
10304.7;0.163
10305.2;0.199
10305.7;0.145
10306.2;0.063
10306.7;0.048
10307.2;0.081
10307.7;0.167
10308.2;0.255
10308.7;0.062
10309.2;0.072
10309.7;0.042
10310.2;0.115
10310.7;0.089
10311.2;0.052
10311.7;0.045
10312.2;0.15
10312.7;0.119
10313.2;0.092
10313.7;0.091
10314.2;0.055
10314.7;0.156
10315.2;0.033
10315.7;0.041
10316.2;0.132
10316.7;0.243
10317.2;0.13
10317.7;0.042
10318.2;0.186
10318.7;0.095
10319.2;0.096
10319.7;0.144
10320.2;0.261
10320.7;0.094
10321.2;0.183
10321.7;0.096
10322.2;0.012
10322.7;0.023
10323.2;0.232
10323.7;0.224
10324.2;0.094
10324.7;0.05
10325.2;0.206
10325.7;0.225
10326.2;0.231
10326.7;0.242
10327.2;0.018
10327.7;0.084
10328.2;0.071
10328.7;0.018
10329.2;0.126
10329.7;0.255
10330.2;0.152
10330.7;0.064
10331.2;0.034
10331.7;0.035
10332.2;0.185
10332.7;0.327
10333.2;0.044
10333.7;0.157
10334.2;0.301
10334.7;0.074
10335.2;0.214
10335.7;0.052
10336.2;0.142
10336.7;0.221
10337.2;0.144
10337.7;0.213
10338.2;0.237
10338.7;0.151
10339.2;0.271
10339.7;0.291
10340.2;0.179
10340.7;0.035
10341.2;0.158
10341.7;0.089
10342.2;0.224
10342.7;0.235
10343.2;0.035
10343.7;0.189
10344.2;0.122
10344.7;0.05
10345.2;0.058
10345.7;0.152
10346.2;0.258
10346.7;0.094
10347.2;0.362
10347.7;0.067
10348.2;0.123
10348.7;0.139
10349.2;0.193
10349.7;0.266
10350.2;0.124
10350.7;0.207
10351.2;0.084
10351.7;0.22
10352.2;0.155
10352.7;0.253
10353.2;0.122
10353.7;0.111
10354.2;0.218
10354.7;0.184
10355.2;0.206
10355.7;0.132
10356.2;0.167
10356.7;0.066
10357.2;0.237
10357.7;0.136
10358.2;0.094
10358.7;0.051
10359.2;0.182
10359.7;0.085
10360.2;0.105
10360.7;0.208
10361.2;0.121
10361.7;0.151
10362.2;0.163
10362.7;0.267
10363.2;0.162
10363.7;0.065
10364.2;0.26
10364.7;0.114
10365.2;0.14
10365.7;0.131
10366.2;0.166
10366.7;0.242
10367.2;0.187
10367.7;0.118
10368.2;0.056
10368.7;0.23
10369.2;0.021
10369.7;0.294
10370.2;0.165
10370.7;0.225
10371.2;0.289
10371.7;0.209
10372.2;0.064
10372.7;0.16
10373.2;0.103
10373.7;0.099
10374.2;0.342
10374.7;0.136
10375.2;0.073
10375.7;0.088
10376.2;0.353
10376.7;0.182
10377.2;0.225
10377.7;0.136
10378.2;0.158
10378.7;0.191
10379.2;0.057
10379.7;0.043
10380.2;0.203
10380.7;0.271
10381.2;0.105
10381.7;0.162
10382.2;0.083
10382.7;0.118
10383.2;0.227
10383.7;0.275
10384.2;0.215
10384.7;0.234
10385.2;0.124
10385.7;0.213
10386.2;0.169
10386.7;0.172
10387.2;0.027
10387.7;0.059
10388.2;0.181
10388.7;0.022
10389.2;0.3
10389.7;0.216
10390.2;0.087
10390.7;0.07
10391.2;0.141
10391.7;0.058
10392.2;0.232
10392.7;0.169
10393.2;0.267
10393.7;0.209
10394.2;0.254
10394.7;0.262
10395.2;0.112
10395.7;0.146
10396.2;0.075
10396.7;0.233
10397.2;0.201
10397.7;0.104
10398.2;0.156
10398.7;0.092
10399.2;0.214
10399.7;0.068
10400.2;0.199
10400.7;0.105
10401.2;0.156
10401.7;0.028
10402.2;0.117
10402.7;0.213
10403.2;0.082
10403.7;0.177
10404.2;0.076
10404.7;0.26
10405.2;0.082
10405.7;0.078
10406.2;0.276
10406.7;0.203
10407.2;0.233
10407.7;0.072
10408.2;0.124
10408.7;0.038
10409.2;0.132
10409.7;0.124
10410.2;0.191
10410.7;0.157
10411.2;0.104
10411.7;0.131
10412.2;0.09
10412.7;0.147
10413.2;0.084
10413.7;0.05
10414.2;0.221
10414.7;0.068
10415.2;0.132
10415.7;0.226
10416.2;0.042
10416.7;0.075
10417.2;0.209
10417.7;0.033
10418.2;0.17
10418.7;0.081
10419.2;0.069
10419.7;0.103
10420.2;0.097
10420.7;0.1
10421.2;0.178
10421.7;0.106
10422.2;0.069
10422.7;0.152
10423.2;0.113
10423.7;0.194
10424.2;0.205
10424.7;0.202
10425.2;0.165
10425.7;0.182
10426.2;0.087
10426.7;0.044
10427.2;0.105
10427.7;0.118
10428.2;0.087
10428.7;0.077
10429.2;0.039
10429.7;0.185
10430.2;0.067
10430.7;0.113
10431.2;0.296
10431.7;0.219
10432.2;0.209
10432.7;0.068
10433.2;0.067
10433.7;0.191
10434.2;0.139
10434.7;0.311
10435.2;0.118
10435.7;0.013
10436.2;0.133
10436.7;0.024
10437.2;0.114
10437.7;0.199
10438.2;0.022
10438.7;0.099
10439.2;0.033
10439.7;0.201
10440.2;0.063
10440.7;0.062
10441.2;0.329
10441.7;0.118
10442.2;0.233
10442.7;0.161
10443.2;0.162
10443.7;0.075
10444.2;0.16
10444.7;0.055
10445.2;0.16
10445.7;0.306
10446.2;0.08
10446.7;0.037
10447.2;0.144
10447.7;0.084
10448.2;0.091
10448.7;0.092
10449.2;0.044
10449.7;0.154
10450.2;0.233
10450.7;0.083
10451.2;0.199
10451.7;0.062
10452.2;0.04
10452.7;0.093
10453.2;0.078
10453.7;0.024
10454.2;0.176
10454.7;0.077
10455.2;0.03
10455.7;0.091
10456.2;0.054
10456.7;0.049
10457.2;0.076
10457.7;0.127
10458.2;0.172
10458.7;0.107
10459.2;0.075
10459.7;0.013
10460.2;0.123
10460.7;0.177
10461.2;0.196
10461.7;0.135
10462.2;0.052
10462.7;0.086
10463.2;0.095
10463.7;0.277
10464.2;0.234
10464.7;0.099
10465.2;0.122
10465.7;0.096
10466.2;0.105
10466.7;0.238
10467.2;0.279
10467.7;0.085
10468.2;0.155
10468.7;0.183
10469.2;0.175
10469.7;0.152
10470.2;0.208
10470.7;0.165
10471.2;0.257
10471.7;0.321
10472.2;0.14
10472.7;0.383
10473.2;0.063
10473.7;0.177
10474.2;0.154
10474.7;0.263
10475.2;0.212
10475.7;0.052
10476.2;0.174
10476.7;0.123
10477.2;0.252
10477.7;0.171
10478.2;0.212
10478.7;0.095
10479.2;0.296
10479.7;0.317
10480.2;0.114
10480.7;0.14
10481.2;0.155
10481.7;0.145
10482.2;0.162
10482.7;0.136
10483.2;0.2
10483.7;0.241
10484.2;0.073
10484.7;0.133
10485.2;0.202
10485.7;0.047
10486.2;0.045
10486.7;0.088
10487.2;0.237
10487.7;0.047
10488.2;0.158
10488.7;0.075
10489.2;0.034
10489.7;0.094
10490.2;0.357
10490.7;0.171
10491.2;0.119
10491.7;0.08
10492.2;0.11
10492.7;0.103
10493.2;0.308
10493.7;0.188
10494.2;0.159
10494.7;0.107
10495.2;0.165
10495.7;0.254
10496.2;0.199
10496.7;0.196
10497.2;0.163
10497.7;0.155
10498.2;0.134
10498.7;0.17
10499.2;0.191
10499.7;0.265
10500.2;0.14
10500.7;0.07
10501.2;0.166
10501.7;0.132
10502.2;0.073
10502.7;0.212
10503.2;0.124
10503.7;0.157
10504.2;0.132
10504.7;0.204
10505.2;0.147
10505.7;0.189
10506.2;0.106
10506.7;0.084
10507.2;0.159
10507.7;0.136
10508.2;0.168
10508.7;0.237
10509.2;0.05
10509.7;0.101
10510.2;0.045
10510.7;0.182
10511.2;0.108
10511.7;0.233
10512.2;0.213
10512.7;0.1
10513.2;0.12
10513.7;0.119
10514.2;0.101
10514.7;0.038
10515.2;0.449
10515.7;0.144
10516.2;0.237
10516.7;0.149
10517.2;0.235
10517.7;0.133
10518.2;0.327
10518.7;0.074
10519.2;0.207
10519.7;0.081
10520.2;0.278
10520.7;0.072
10521.2;0.145
10521.7;0.034
10522.2;0.09
10522.7;0.01
10523.2;0.081
10523.7;0.228
10524.2;0.217
10524.7;0.286
10525.2;0.281
10525.7;0.069
10526.2;0.195
10526.7;0.131
10527.2;0.009
10527.7;0.195
10528.2;0.291
10528.7;0.071
10529.2;0.207
10529.7;0.096
10530.2;0.094
10530.7;0.069
10531.2;0.053
10531.7;0.193
10532.2;0.148
10532.7;0.119
10533.2;0.111
10533.7;0.022
10534.2;0.279
10534.7;0.264
10535.2;0.153
10535.7;0.142
10536.2;0.206
10536.7;0.192
10537.2;0.111
10537.7;0.202
10538.2;0.139
10538.7;0.205
10539.2;0.068
10539.7;0.239
10540.2;0.129
10540.7;0.092
10541.2;0.099
10541.7;0.185
10542.2;0.106
10542.7;0.131
10543.2;0.137
10543.7;0.035
10544.2;0.074
10544.7;0.189
10545.2;0.235
10545.7;0.302
10546.2;0.191
10546.7;0.148
10547.2;0.218
10547.7;0.049
10548.2;0.043
10548.7;0.108
10549.2;0.267
10549.7;0.084
10550.2;0.087
10550.7;0.256
10551.2;0.172
10551.7;0.208
10552.2;0.141
10552.7;0.013
10553.2;0.283
10553.7;0.427
10554.2;0.137
10554.7;0.077
10555.2;0.101
10555.7;0.06
10556.2;0.116
10556.7;0.256
10557.2;0.207
10557.7;0.144
10558.2;0.087
10558.7;0.285
10559.2;0.093
10559.7;0.399
10560.2;0.053
10560.7;0.133
10561.2;0.192
10561.7;0.221
10562.2;0.227
10562.7;0.054
10563.2;0.28
10563.7;0.219
10564.2;0.12
10564.7;0.184
10565.2;0.129
10565.7;0.298
10566.2;0.353
10566.7;0.145
10567.2;0.067
10567.7;0.089
10568.2;0.106
10568.7;0.072
10569.2;0.287
10569.7;0.094
10570.2;0.378
10570.7;0.12
10571.2;0.167
10571.7;0.206
10572.2;0.119
10572.7;0.116
10573.2;0.129
10573.7;0.196
10574.2;0.269
10574.7;0.034
10575.2;0.145
10575.7;0.206
10576.2;0.066
10576.7;0.134
10577.2;0.139
10577.7;0.104
10578.2;0.175
10578.7;0.14
10579.2;0.21
10579.7;0.054
10580.2;0.057
10580.7;0.164
10581.2;0.079
10581.7;0.049
10582.2;0.253
10582.7;0.044
10583.2;0.063
10583.7;0.142
10584.2;0.162
10584.7;0.252
10585.2;0.096
10585.7;0.082
10586.2;0.221
10586.7;0.208
10587.2;0.108
10587.7;0.128
10588.2;0.077
10588.7;0.153
10589.2;0.097
10589.7;0.043
10590.2;0.286
10590.7;0.027
10591.2;0.172
10591.7;0.212
10592.2;0.073
10592.7;0.053
10593.2;0.134
10593.7;0.183
10594.2;0.125
10594.7;0.077
10595.2;0.09
10595.7;0.13
10596.2;0.075
10596.7;0.262
10597.2;0.072
10597.7;0.117
10598.2;0.045
10598.7;0.059
10599.2;0.046
10599.7;0.022
10600.2;0.135
10600.7;0.05
10601.2;0.191
10601.7;0.18
10602.2;0.054
10602.7;0.067
10603.2;0.15
10603.7;0.062
10604.2;0.19
10604.7;0.243
10605.2;0.053
10605.7;0.032
10606.2;0.14
10606.7;0.108
10607.2;0.118
10607.7;0.114
10608.2;0.204
10608.7;0.127
10609.2;0.28
10609.7;0.133
10610.2;0.074
10610.7;0.138
10611.2;0.115
10611.7;0.241
10612.2;0.136
10612.7;0.149
10613.2;0.077
10613.7;0.095
10614.2;0.324
10614.7;0.112
10615.2;0.084
10615.7;0.11
10616.2;0.069
10616.7;0.229
10617.2;0.024
10617.7;0.098
10618.2;0.179
10618.7;0.213
10619.2;0.046
10619.7;0.171
10620.2;0.281
10620.7;0.077
10621.2;0.054
10621.7;0.121
10622.2;0.097
10622.7;0.07
10623.2;0.164
10623.7;0.21
10624.2;0.11
10624.7;0.147
10625.2;0.176
10625.7;0.153
10626.2;0.093
10626.7;0.205
10627.2;0.187
10627.7;0.054
10628.2;0.147
10628.7;0.127
10629.2;0.209
10629.7;0.138
10630.2;0.098
10630.7;0.087
10631.2;0.231
10631.7;0.044
10632.2;0.11
10632.7;0.323
10633.2;0.145
10633.7;0.143
10634.2;0.131
10634.7;0.084
10635.2;0.312
10635.7;0.206
10636.2;0.105
10636.7;0.042
10637.2;0.213
10637.7;0.068
10638.2;0.156
10638.7;0.077
10639.2;0.045
10639.7;0.181
10640.2;0.228
10640.7;0.052
10641.2;0.052
10641.7;0.178
10642.2;0.169
10642.7;0.077
10643.2;0.075
10643.7;0.045
10644.2;0.035
10644.7;0.027
10645.2;0.297
10645.7;0.183
10646.2;0.159
10646.7;0.186
10647.2;0.182
10647.7;0.269
10648.2;0.216
10648.7;0.126
10649.2;0.202
10649.7;0.256
10650.2;0.157
10650.7;0.16
10651.2;0.118
10651.7;0.02
10652.2;0.139
10652.7;0.139
10653.2;0.334
10653.7;0.079
10654.2;0.141
10654.7;0.086
10655.2;0.166
10655.7;0.111
10656.2;0.266
10656.7;0.132
10657.2;0.075
10657.7;0.16
10658.2;0.093
10658.7;0.08
10659.2;0.133
10659.7;0.164
10660.2;0.122
10660.7;0.348
10661.2;0.11
10661.7;0.067
10662.2;0.215
10662.7;0.244
10663.2;0.129
10663.7;0.127
10664.2;0.163
10664.7;0.092
10665.2;0.235
10665.7;0.205
10666.2;0.184
10666.7;0.109
10667.2;0.215
10667.7;0.152
10668.2;0.193
10668.7;0.187
10669.2;0.16
10669.7;0.067
10670.2;0.102
10670.7;0.149
10671.2;0.105
10671.7;0.083
10672.2;0.12
10672.7;0.284
10673.2;0.124
10673.7;0.174
10674.2;0.3
10674.7;0.117
10675.2;0.068
10675.7;0.131
10676.2;0.369
10676.7;0.238
10677.2;0.116
10677.7;0.072
10678.2;0.163
10678.7;0.09
10679.2;0.119
10679.7;0.171
10680.2;0.262
10680.7;0.086
10681.2;0.279
10681.7;0.202
10682.2;0.066
10682.7;0.18
10683.2;0.22
10683.7;0.32
10684.2;0.131
10684.7;0.32
10685.2;0.077
10685.7;0.03
10686.2;0.175
10686.7;0.171
10687.2;0.212
10687.7;0.196
10688.2;0.228
10688.7;0.131
10689.2;0.271
10689.7;0.305
10690.2;0.157
10690.7;0.222
10691.2;0.15
10691.7;0.319
10692.2;0.234
10692.7;0.148
10693.2;0.351
10693.7;0.19
10694.2;0.254
10694.7;0.355
10695.2;0.455
10695.7;0.415
10696.2;0.118
10696.7;0.07
10697.2;0.417
10697.7;0.082
10698.2;0.086
10698.7;0.21
10699.2;0.15
10699.7;0.205
10700.2;0.144
10700.7;0.036
10701.2;0.235
10701.7;0.18
10702.2;0.183
10702.7;0.077
10703.2;0.148
10703.7;0.249
10704.2;0.106
10704.7;0.034
10705.2;0.145
10705.7;0.047
10706.2;0.168
10706.7;0.11
10707.2;0.291
10707.7;0.27
10708.2;0.385
10708.7;0.073
10709.2;0.269
10709.7;0.091
10710.2;0.308
10710.7;0.265
10711.2;0.35
10711.7;0.136
10712.2;0.197
10712.7;0.108
10713.2;0.127
10713.7;0.187
10714.2;0.202
10714.7;0.362
10715.2;0.29
10715.7;0.185
10716.2;0.211
10716.7;0.03
10717.2;0.257
10717.7;0.127
10718.2;0.223
10718.7;0.112
10719.2;0.073
10719.7;0.165
10720.2;0.291
10720.7;0.101
10721.2;0.081
10721.7;0.142
10722.2;0.255
10722.7;0.282
10723.2;0.242
10723.7;0.381
10724.2;0.225
10724.7;0.069
10725.2;0.222
10725.7;0.245
10726.2;0.239
10726.7;0.253
10727.2;0.29
10727.7;0.441
10728.2;0.192
10728.7;0.095
10729.2;0.245
10729.7;0.156
10730.2;0.313
10730.7;0.302
10731.2;0.304
10731.7;0.095
10732.2;0.047
10732.7;0.215
10733.2;0.296
10733.7;0.213
10734.2;0.202
10734.7;0.314
10735.2;0.159
10735.7;0.139
10736.2;0.111
10736.7;0.365
10737.2;0.268
10737.7;0.341
10738.2;0.187
10738.7;0.135
10739.2;0.067
10739.7;0.101
10740.2;0.222
10740.7;0.176
10741.2;0.144
10741.7;0.124
10742.2;0.229
10742.7;0.153
10743.2;0.181
10743.7;0.263
10744.2;0.14
10744.7;0.248
10745.2;0.171
10745.7;0.092
10746.2;0.272
10746.7;0.101
10747.2;0.024
10747.7;0.098
10748.2;0.078
10748.7;0.061
10749.2;0.084
10749.7;0.209
10750.2;0.066
10750.7;0.098
10751.2;0.179
10751.7;0.128
10752.2;0.123
10752.7;0.058
10753.2;0.031
10753.7;0.199
10754.2;0.122
10754.7;0.255
10755.2;0.133
10755.7;0.207
10756.2;0.134
10756.7;0.278
10757.2;0.124
10757.7;0.11
10758.2;0.302
10758.7;0.185
10759.2;0.326
10759.7;0.162
10760.2;0.116
10760.7;0.089
10761.2;0.033
10761.7;0.097
10762.2;0.161
10762.7;0.207
10763.2;0.127
10763.7;0.237
10764.2;0.26
10764.7;0.248
10765.2;0.229
10765.7;0.123
10766.2;0.151
10766.7;0.056
10767.2;0.039
10767.7;0.158
10768.2;0.147
10768.7;0.193
10769.2;0.201
10769.7;0.179
10770.2;0.108
10770.7;0.136
10771.2;0.117
10771.7;0.384
10772.2;0.036
10772.7;0.221
10773.2;0.118
10773.7;0.094
10774.2;0.141
10774.7;0.125
10775.2;0.215
10775.7;0.181
10776.2;0.071
10776.7;0.089
10777.2;0.036
10777.7;0.114
10778.2;0.191
10778.7;0.123
10779.2;0.3
10779.7;0.22
10780.2;0.411
10780.7;0.204
10781.2;0.231
10781.7;0.249
10782.2;0.191
10782.7;0.206
10783.2;0.156
10783.7;0.115
10784.2;0.125
10784.7;0.315
10785.2;0.134
10785.7;0.176
10786.2;0.161
10786.7;0.01
10787.2;0.18
10787.7;0.271
10788.2;0.159
10788.7;0.281
10789.2;0.059
10789.7;0.213
10790.2;0.243
10790.7;0.152
10791.2;0.26
10791.7;0.129
10792.2;0.407
10792.7;0.19
10793.2;0.177
10793.7;0.271
10794.2;0.308
10794.7;0.138
10795.2;0.386
10795.7;0.196
10796.2;0.088
10796.7;0.247
10797.2;0.102
10797.7;0.087
10798.2;0.139
10798.7;0.083
10799.2;0.081
10799.7;0.291
10800.2;0.075
10800.7;0.325
10801.2;0.184
10801.7;0.114
10802.2;0.203
10802.7;0.271
10803.2;0.142
10803.7;0.12
10804.2;0.343
10804.7;0.137
10805.2;0.174
10805.7;0.114
10806.2;0.246
10806.7;0.334
10807.2;0.304
10807.7;0.172
10808.2;0.094
10808.7;0.033
10809.2;0.205
10809.7;0.207
10810.2;0.135
10810.7;0.065
10811.2;0.116
10811.7;0.072
10812.2;0.063
10812.7;0.215
10813.2;0.154
10813.7;0.235
10814.2;0.157
10814.7;0.223
10815.2;0.157
10815.7;0.104
10816.2;0.03
10816.7;0.021
10817.2;0.136
10817.7;0.099
10818.2;0.112
10818.7;0.025
10819.2;0.086
10819.7;0.124
10820.2;0.199
10820.7;0.222
10821.2;0.111
10821.7;0.087
10822.2;0.016
10822.7;0.153
10823.2;0.068
10823.7;0.169
10824.2;0.156
10824.7;0.117
10825.2;0.113
10825.7;0.088
10826.2;0.127
10826.7;0.021
10827.2;0.104
10827.7;0.088
10828.2;0.186
10828.7;0.149
10829.2;0.063
10829.7;0.136
10830.2;0.044
10830.7;0.144
10831.2;0.146
10831.7;0.132
10832.2;0.165
10832.7;0.007
10833.2;0.056
10833.7;0.087
10834.2;0.098
10834.7;0.012
10835.2;0.092
10835.7;0.062
10836.2;0.139
10836.7;0.102
10837.2;0.137
10837.7;0.083
10838.2;0.116
10838.7;0.151
10839.2;0.018
10839.7;0.238
10840.2;0.114
10840.7;0.134
10841.2;0.159
10841.7;0.129
10842.2;0.099
10842.7;0.03
10843.2;0.24
10843.7;0.161
10844.2;0.051
10844.7;0.229
10845.2;0.054
10845.7;0.047
10846.2;0.03
10846.7;0.05
10847.2;0.072
10847.7;0.111
10848.2;0.22
10848.7;0.179
10849.2;0.088
10849.7;0.09
10850.2;0.235
10850.7;0.071
10851.2;0.042
10851.7;0.018
10852.2;0.169
10852.7;0.061
10853.2;0.113
10853.7;0.099
10854.2;0.102
10854.7;0.09
10855.2;0.219
10855.7;0.098
10856.2;0.086
10856.7;0.142
10857.2;0.126
10857.7;0.08
10858.2;0.068
10858.7;0.054
10859.2;0.026
10859.7;0.183
10860.2;0.13
10860.7;0.213
10861.2;0.072
10861.7;0.111
10862.2;0.191
10862.7;0.129
10863.2;0.168
10863.7;0.092
10864.2;0.12
10864.7;0.108
10865.2;0.019
10865.7;0.126
10866.2;0.093
10866.7;0.115
10867.2;0.033
10867.7;0.192
10868.2;0.211
10868.7;0.03
10869.2;0.154
10869.7;0.097
10870.2;0.093
10870.7;0.129
10871.2;0.068
10871.7;0.067
10872.2;0.062
10872.7;0.113
10873.2;0.038
10873.7;0.208
10874.2;0.111
10874.7;0.021
10875.2;0.048
10875.7;0.144
10876.2;0.114
10876.7;0.109
10877.2;0.163
10877.7;0.094
10878.2;0.036
10878.7;0.03
10879.2;0.071
10879.7;0.04
10880.2;0.103
10880.7;0.119
10881.2;0.069
10881.7;0.112
10882.2;0.063
10882.7;0.061
10883.2;0.072
10883.7;0.138
10884.2;0.136
10884.7;0.092
10885.2;0.023
10885.7;0.035
10886.2;0.24
10886.7;0.076
10887.2;0.115
10887.7;0.087
10888.2;0.21
10888.7;0.084
10889.2;0.129
10889.7;0.091
10890.2;0.119
10890.7;0.139
10891.2;0.074
10891.7;0.236
10892.2;0.065
10892.7;0.102
10893.2;0.208
10893.7;0.179
10894.2;0.151
10894.7;0.112
10895.2;0.131
10895.7;0.209
10896.2;0.086
10896.7;0.093
10897.2;0.199
10897.7;0.198
10898.2;0.119
10898.7;0.139
10899.2;0.082
10899.7;0.127
10900.2;0.185
10900.7;0.054
10901.2;0.214
10901.7;0.117
10902.2;0.115
10902.7;0.149
10903.2;0.202
10903.7;0.171
10904.2;0.013
10904.7;0.134
10905.2;0.118
10905.7;0.061
10906.2;0.126
10906.7;0.296
10907.2;0.185
10907.7;0.159
10908.2;0.141
10908.7;0.137
10909.2;0.069
10909.7;0.122
10910.2;0.105
10910.7;0.139
10911.2;0.099
10911.7;0.127
10912.2;0.254
10912.7;0.239
10913.2;0.333
10913.7;0.259
10914.2;0.138
10914.7;0.093
10915.2;0.136
10915.7;0.281
10916.2;0.057
10916.7;0.309
10917.2;0.264
10917.7;0.294
10918.2;0.192
10918.7;0.052
10919.2;0.292
10919.7;0.234
10920.2;0.314
10920.7;0.076
10921.2;0.324
10921.7;0.062
10922.2;0.169
10922.7;0.115
10923.2;0.014
10923.7;0.26
10924.2;0.268
10924.7;0.059
10925.2;0.106
10925.7;0.051
10926.2;0.207
10926.7;0.111
10927.2;0.036
10927.7;0.144
10928.2;0.112
10928.7;0.277
10929.2;0.079
10929.7;0.111
10930.2;0.126
10930.7;0.074
10931.2;0.106
10931.7;0.293
10932.2;0.278
10932.7;0.069
10933.2;0.09
10933.7;0.164
10934.2;0.126
10934.7;0.068
10935.2;0.121
10935.7;0.169
10936.2;0.187
10936.7;0.198
10937.2;0.221
10937.7;0.092
10938.2;0.152
10938.7;0.148
10939.2;0.167
10939.7;0.309
10940.2;0.276
10940.7;0.188
10941.2;0.115
10941.7;0.123
10942.2;0.077
10942.7;0.206
10943.2;0.145
10943.7;0.079
10944.2;0.304
10944.7;0.127
10945.2;0.109
10945.7;0.08
10946.2;0.093
10946.7;0.113
10947.2;0.064
10947.7;0.167
10948.2;0.126
10948.7;0.132
10949.2;0.12
10949.7;0.078
10950.2;0.212
10950.7;0.008
10951.2;0.292
10951.7;0.216
10952.2;0.048
10952.7;0.187
10953.2;0.269
10953.7;0.186
10954.2;0.107
10954.7;0.305
10955.2;0.137
10955.7;0.106
10956.2;0.197
10956.7;0.048
10957.2;0.366
10957.7;0.151
10958.2;0.264
10958.7;0.056
10959.2;0.064
10959.7;0.396
10960.2;0.29
10960.7;0.085
10961.2;0.159
10961.7;0.256
10962.2;0.294
10962.7;0.128
10963.2;0.294
10963.7;0.37
10964.2;0.059
10964.7;0.147
10965.2;0.208
10965.7;0.367
10966.2;0.178
10966.7;0.3
10967.2;0.101
10967.7;0.247
10968.2;0.189
10968.7;0.282
10969.2;0.22
10969.7;0.186
10970.2;0.188
10970.7;0.278
10971.2;0.167
10971.7;0.076
10972.2;0.204
10972.7;0.183
10973.2;0.082
10973.7;0.212
10974.2;0.301
10974.7;0.014
10975.2;0.042
10975.7;0.137
10976.2;0.26
10976.7;0.16
10977.2;0.151
10977.7;0.135
10978.2;0.187
10978.7;0.201
10979.2;0.077
10979.7;0.129
10980.2;0.202
10980.7;0.037
10981.2;0.067
10981.7;0.05
10982.2;0.148
10982.7;0.051
10983.2;0.111
10983.7;0.047
10984.2;0.247
10984.7;0.133
10985.2;0.126
10985.7;0.22
10986.2;0.152
10986.7;0.206
10987.2;0.168
10987.7;0.022
10988.2;0.095
10988.7;0.13
10989.2;0.061
10989.7;0.068
10990.2;0.138
10990.7;0.086
10991.2;0.236
10991.7;0.225
10992.2;0.191
10992.7;0.089
10993.2;0.39
10993.7;0.22
10994.2;0.233
10994.7;0.215
10995.2;0.117
10995.7;0.061
10996.2;0.235
10996.7;0.148
10997.2;0.08
10997.7;0.112
10998.2;0.075
10998.7;0.2
10999.2;0.237
10999.7;0.144
11000.2;0.089
11000.7;0.082
11001.2;0.336
11001.7;0.306
11002.2;0.121
11002.7;0.091
11003.2;0.175
11003.7;0.231
11004.2;0.083
11004.7;0.078
11005.2;0.049
11005.7;0.097
11006.2;0.082
11006.7;0.321
11007.2;0.118
11007.7;0.079
11008.2;0.234
11008.7;0.166
11009.2;0.095
11009.7;0.13
11010.2;0.144
11010.7;0.153
11011.2;0.174
11011.7;0.009
11012.2;0.142
11012.7;0.013
11013.2;0.195
11013.7;0.185
11014.2;0.159
11014.7;0.156
11015.2;0.082
11015.7;0.211
11016.2;0.183
11016.7;0.192
11017.2;0.147
11017.7;0.219
11018.2;0.157
11018.7;0.12
11019.2;0.099
11019.7;0.053
11020.2;0.073
11020.7;0.079
11021.2;0.159
11021.7;0.067
11022.2;0.198
11022.7;0.259
11023.2;0.127
11023.7;0.096
11024.2;0.056
11024.7;0.128
11025.3;0.147
11025.8;0.116
11026.3;0.061
11026.8;0.142
11027.3;0.111
11027.8;0.061
11028.3;0.052
11028.8;0.157
11029.3;0.043
11029.8;0.065
11030.3;0.153
11030.8;0.138
11031.3;0.048
11031.8;0.098
11032.3;0.124
11032.8;0.116
11033.3;0.111
11033.8;0.059
11034.3;0.171
11034.8;0.128
11035.3;0.126
11035.8;0.156
11036.3;0.033
11036.8;0.074
11037.3;0.062
11037.8;0.112
11038.3;0.122
11038.8;0.009
11039.3;0.101
11039.8;0.19
11040.3;0.099
11040.8;0.116
11041.3;0.207
11041.8;0.107
11042.3;0.08
11042.8;0.028
11043.3;0.099
11043.8;0.144
11044.3;0.184
11044.8;0.122
11045.3;0.112
11045.8;0.223
11046.3;0.209
11046.8;0.094
11047.3;0.057
11047.8;0.214
11048.3;0.178
11048.8;0.137
11049.3;0.115
11049.8;0.137
11050.3;0.176
11050.8;0.054
11051.3;0.141
11051.8;0.092
11052.3;0.094
11052.8;0.04
11053.3;0.183
11053.8;0.285
11054.3;0.125
11054.8;0.07
11055.3;0.183
11055.8;0.224
11056.3;0.055
11056.8;0.108
11057.3;0.175
11057.8;0.089
11058.3;0.099
11058.8;0.084
11059.3;0.129
11059.8;0.031
11060.3;0.128
11060.8;0.382
11061.3;0.181
11061.8;0.075
11062.3;0.175
11062.8;0.101
11063.3;0.033
11063.8;0.111
11064.3;0.077
11064.8;0.166
11065.3;0.144
11065.8;0.129
11066.3;0.199
11066.8;0.083
11067.3;0.222
11067.8;0.053
11068.3;0.126
11068.8;0.171
11069.3;0.087
11069.8;0.079
11070.3;0.033
11070.8;0.125
11071.3;0.141
11071.8;0.087
11072.3;0.12
11072.8;0.039
11073.3;0.188
11073.8;0.081
11074.3;0.167
11074.8;0.151
11075.3;0.151
11075.8;0.154
11076.3;0.107
11076.8;0.13
11077.3;0.082
11077.8;0.143
11078.3;0.07
11078.8;0.127
11079.3;0.155
11079.8;0.152
11080.3;0.093
11080.8;0.175
11081.3;0.138
11081.8;0.184
11082.3;0.186
11082.8;0.071
11083.3;0.108
11083.8;0.043
11084.3;0.14
11084.8;0.129
11085.3;0.147
11085.8;0.127
11086.3;0.089
11086.8;0.261
11087.3;0.124
11087.8;0.192
11088.3;0.13
11088.8;0.178
11089.3;0.085
11089.8;0.174
11090.3;0.099
11090.8;0.056
11091.3;0.149
11091.8;0.139
11092.3;0.214
11092.8;0.093
11093.3;0.127
11093.8;0.181
11094.3;0.133
11094.8;0.087
11095.3;0.048
11095.8;0.192
11096.3;0.085
11096.8;0.249
11097.3;0.226
11097.8;0.252
11098.3;0.141
11098.8;0.109
11099.3;0.068
11099.8;0.07
11100.3;0.142
11100.8;0.129
11101.3;0.168
11101.8;0.07
11102.3;0.098
11102.8;0.114
11103.3;0.111
11103.8;0.089
11104.3;0.082
11104.8;0.231
11105.3;0.228
11105.8;0.116
11106.3;0.044
11106.8;0.097
11107.3;0.067
11107.8;0.105
11108.3;0.022
11108.8;0.251
11109.3;0.033
11109.8;0.105
11110.3;0.174
11110.8;0.102
11111.3;0.12
11111.8;0.046
11112.3;0.047
11112.8;0.155
11113.3;0.088
11113.8;0.141
11114.3;0.179
11114.8;0.153
11115.3;0.106
11115.8;0.05
11116.3;0.13
11116.8;0.085
11117.3;0.125
11117.8;0.071
11118.3;0.065
11118.8;0.012
11119.3;0.065
11119.8;0.085
11120.3;0.152
11120.8;0.094
11121.3;0.094
11121.8;0.091
11122.3;0.005
11122.8;0.08
11123.3;0.159
11123.8;0.061
11124.3;0.05
11124.8;0.003
11125.3;0.062
11125.8;0.216
11126.3;0.089
11126.8;0.149
11127.3;0.176
11127.8;0.075
11128.3;0.154
11128.8;0.14
11129.3;0.13
11129.8;0.102
11130.3;0.122
11130.8;0.107
11131.3;0.14
11131.8;0.14
11132.3;0.047
11132.8;0.147
11133.3;0.086
11133.8;0.189
11134.3;0.138
11134.8;0.066
11135.3;0.143
11135.8;0.177
11136.3;0.269
11136.8;0.088
11137.3;0.039
11137.8;0.221
11138.3;0.082
11138.8;0.18
11139.3;0.075
11139.8;0.132
11140.3;0.076
11140.8;0.034
11141.3;0.067
11141.8;0.126
11142.3;0.063
11142.8;0.111
11143.3;0.103
11143.8;0.165
11144.3;0.139
11144.8;0.112
11145.3;0.026
11145.8;0.227
11146.3;0.143
11146.8;0.252
11147.3;0.193
11147.8;0.035
11148.3;0.107
11148.8;0.077
11149.3;0.181
11149.8;0.077
11150.3;0.161
11150.8;0.044
11151.3;0.14
11151.8;0.154
11152.3;0.063
11152.8;0.218
11153.3;0.072
11153.8;0.196
11154.3;0.133
11154.8;0.132
11155.3;0.178
11155.8;0.108
11156.3;0.065
11156.8;0.102
11157.3;0.134
11157.8;0.091
11158.3;0.041
11158.8;0.126
11159.3;0.188
11159.8;0.156
11160.3;0.029
11160.8;0.044
11161.3;0.19
11161.8;0.123
11162.3;0.112
11162.8;0.154
11163.3;0.059
11163.8;0.15
11164.3;0.088
11164.8;0.053
11165.3;0.133
11165.8;0.078
11166.3;0.049
11166.8;0.031
11167.3;0.121
11167.8;0.113
11168.3;0.132
11168.8;0.029
11169.3;0.109
11169.8;0.193
11170.3;0.017
11170.8;0.068
11171.3;0.18
11171.8;0.138
11172.3;0.119
11172.8;0.057
11173.3;0.116
11173.8;0.119
11174.3;0.091
11174.8;0.086
11175.3;0.076
11175.8;0.086
11176.3;0.113
11176.8;0.062
11177.3;0.077
11177.8;0.134
11178.3;0.085
11178.8;0.117
11179.3;0.173
11179.8;0.073
11180.3;0.03
11180.8;0.104
11181.3;0.065
11181.8;0.03
11182.3;0.148
11182.8;0.099
11183.3;0.142
11183.8;0.133
11184.3;0.108
11184.8;0.043
11185.3;0.034
11185.8;0.166
11186.3;0.114
11186.8;0.149
11187.3;0.019
11187.8;0.09
11188.3;0.069
11188.8;0.025
11189.3;0.184
11189.8;0.074
11190.3;0.083
11190.8;0.113
11191.3;0.132
11191.8;0.149
11192.3;0.021
11192.8;0.043
11193.3;0.074
11193.8;0.042
11194.3;0.232
11194.8;0.107
11195.3;0.033
11195.8;0.029
11196.3;0.044
11196.8;0.158
11197.3;0.214
11197.8;0.148
11198.3;0.106
11198.8;0.116
11199.3;0.09
11199.8;0.062
11200.3;0.056
11200.8;0.104
11201.3;0.068
11201.8;0.083
11202.3;0.1
11202.8;0.247
11203.3;0.02
11203.8;0.24
11204.3;0.164
11204.8;0.067
11205.3;0.095
11205.8;0.134
11206.3;0.105
11206.8;0.022
11207.3;0.11
11207.8;0.015
11208.3;0.14
11208.8;0.135
11209.3;0.14
11209.8;0.041
11210.3;0.108
11210.8;0.049
11211.3;0.049
11211.8;0.164
11212.3;0.107
11212.8;0.094
11213.3;0.03
11213.8;0.056
11214.3;0.064
11214.8;0.077
11215.3;0.135
11215.8;0.041
11216.3;0.041
11216.8;0.036
11217.3;0.076
11217.8;0.162
11218.3;0.123
11218.8;0.112
11219.3;0.07
11219.8;0.22
11220.3;0.093
11220.8;0.057
11221.3;0.108
11221.8;0.132
11222.3;0.116
11222.8;0.168
11223.3;0.111
11223.8;0.036
11224.3;0.123
11224.8;0.133
11225.3;0.13
11225.8;0.136
11226.3;0.204
11226.8;0.087
11227.3;0.079
11227.8;0.069
11228.3;0.166
11228.8;0.129
11229.3;0.145
11229.8;0.093
11230.3;0.095
11230.8;0.105
11231.3;0.128
11231.8;0.097
11232.3;0.162
11232.8;0.077
11233.3;0.097
11233.8;0.135
11234.3;0.065
11234.8;0.154
11235.3;0.166
11235.8;0.132
11236.3;0.101
11236.8;0.023
11237.3;0.112
11237.8;0.151
11238.3;0.132
11238.8;0.088
11239.3;0.06
11239.8;0.188
11240.3;0.177
11240.8;0.019
11241.3;0.07
11241.8;0.08
11242.3;0.186
11242.8;0.132
11243.3;0.026
11243.8;0.136
11244.3;0.142
11244.8;0.07
11245.3;0.214
11245.8;0.051
11246.3;0.133
11246.8;0.077
11247.3;0.039
11247.8;0.127
11248.3;0.221
11248.8;0.224
11249.3;0.148
11249.8;0.021
11250.3;0.17
11250.8;0.113
11251.3;0.053
11251.8;0.165
11252.3;0.107
11252.8;0.125
11253.3;0.049
11253.8;0.081
11254.3;0.07
11254.8;0.144
11255.3;0.185
11255.8;0.084
11256.3;0.09
11256.8;0.107
11257.3;0.245
11257.8;0.103
11258.3;0.141
11258.8;0.088
11259.3;0.1
11259.8;0.22
11260.3;0.062
11260.8;0.048
11261.3;0.047
11261.8;0.102
11262.3;0.252
11262.8;0.158
11263.3;0.117
11263.8;0.056
11264.3;0.062
11264.8;0.062
11265.3;0.144
11265.8;0.069
11266.3;0.123
11266.8;0.077
11267.3;0.249
11267.8;0.199
11268.3;0.111
11268.8;0.147
11269.3;0.085
11269.8;0.177
11270.3;0.089
11270.8;0.147
11271.3;0.214
11271.8;0.2
11272.3;0.07
11272.8;0.025
11273.3;0.035
11273.8;0.167
11274.3;0.024
11274.8;0.067
11275.3;0.024
11275.8;0.167
11276.3;0.102
11276.8;0.062
11277.3;0.024
11277.8;0.105
11278.3;0.132
11278.8;0.087
11279.3;0.045
11279.8;0.119
11280.3;0.111
11280.8;0.152
11281.3;0.045
11281.8;0.128
11282.3;0.107
11282.8;0.037
11283.3;0.085
11283.8;0.147
11284.3;0.078
11284.8;0.058
11285.3;0.076
11285.8;0.042
11286.3;0.122
11286.8;0.142
11287.3;0.103
11287.8;0.246
11288.3;0.118
11288.8;0.041
11289.3;0.073
11289.8;0.068
11290.3;0.161
11290.8;0.137
11291.3;0.06
11291.8;0.161
11292.3;0.107
11292.8;0.103
11293.3;0.093
11293.8;0.14
11294.3;0.058
11294.8;0.214
11295.3;0.088
11295.8;0.114
11296.3;0.12
11296.8;0.123
11297.3;0.038
11297.8;0.194
11298.3;0.08
11298.8;0.067
11299.3;0.062
11299.8;0.141
11300.3;0.062
11300.8;0.048
11301.3;0.076
11301.8;0.03
11302.3;0.085
11302.8;0.082
11303.3;0.049
11303.8;0.011
11304.3;0.021
11304.8;0.147
11305.3;0.085
11305.8;0.065
11306.3;0.262
11306.8;0.174
11307.3;0.051
11307.8;0.099
11308.3;0.119
11308.8;0.035
11309.3;0.139
11309.8;0.021
11310.3;0.125
11310.8;0.29
11311.3;0.077
11311.8;0.097
11312.3;0.167
11312.8;0.043
11313.3;0.025
11313.8;0.131
11314.3;0.104
11314.8;0.033
11315.3;0.1
11315.8;0.107
11316.3;0.029
11316.8;0.095
11317.3;0.058
11317.8;0.111
11318.3;0.111
11318.8;0.096
11319.3;0.134
11319.8;0.086
11320.3;0.126
11320.8;0.119
11321.3;0.147
11321.8;0.098
11322.3;0.04
11322.8;0.07
11323.3;0.058
11323.8;0.197
11324.3;0.035
11324.8;0.085
11325.3;0.104
11325.8;0.037
11326.3;0.028
11326.8;0.127
11327.3;0.078
11327.8;0.13
11328.3;0.19
11328.8;0.123
11329.3;0.068
11329.8;0.046
11330.3;0.144
11330.8;0.095
11331.3;0.008
11331.8;0.103
11332.3;0.006
11332.8;0.225
11333.3;0.068
11333.8;0.119
11334.3;0.058
11334.8;0.055
11335.3;0.083
11335.8;0.117
11336.3;0.012
11336.8;0.096
11337.3;0.049
11337.8;0.016
11338.3;0.101
11338.8;0.207
11339.3;0.091
11339.8;0.053
11340.3;0.005
11340.8;0.116
11341.3;0.121
11341.8;0.075
11342.3;0.061
11342.8;0.125
11343.3;0.108
11343.8;0.094
11344.3;0.041
11344.8;0.172
11345.3;0.079
11345.8;0.218
11346.3;0.137
11346.8;0.024
11347.3;0.135
11347.8;0.082
11348.3;0.093
11348.8;0.181
11349.3;0.049
11349.8;0.208
11350.3;0.128
11350.8;0.067
11351.3;0.265
11351.8;0.084
11352.3;0.123
11352.8;0.062
11353.3;0.051
11353.8;0.082
11354.3;0.075
11354.8;0.097
11355.3;0.162
11355.8;0.064
11356.3;0.093
11356.8;0.194
11357.3;0.045
11357.8;0.164
11358.3;0.171
11358.8;0.103
11359.3;0.069
11359.8;0.174
11360.3;0.061
11360.8;0.057
11361.3;0.044
11361.8;0.042
11362.3;0.155
11362.8;0.102
11363.3;0.241
11363.8;0.049
11364.3;0.038
11364.8;0.046
11365.3;0.094
11365.8;0.095
11366.3;0.093
11366.8;0.118
11367.3;0.124
11367.8;0.137
11368.3;0.063
11368.8;0.011
11369.3;0.098
11369.8;0.143
11370.3;0.037
11370.8;0.065
11371.3;0.042
11371.8;0.079
11372.3;0.021
11372.8;0.013
11373.3;0.065
11373.8;0.042
11374.3;0.175
11374.8;0.074
11375.3;0.123
11375.8;0.132
11376.3;0.078
11376.8;0.032
11377.3;0.202
11377.8;0.132
11378.3;0.078
11378.8;0.062
11379.3;0.048
11379.8;0.039
11380.3;0.04
11380.8;0.025
11381.3;0.133
11381.8;0.065
11382.3;0.104
11382.8;0.065
11383.3;0.135
11383.8;0.045
11384.3;0.106
11384.8;0.103
11385.3;0.097
11385.8;0.028
11386.3;0.08
11386.8;0.077
11387.3;0.096
11387.8;0.129
11388.3;0.102
11388.8;0.055
11389.3;0.065
11389.8;0.069
11390.3;0.107
11390.8;0.145
11391.3;0.026
11391.8;0.109
11392.3;0.086
11392.8;0.076
11393.3;0.096
11393.8;0.054
11394.3;0.066
11394.8;0.111
11395.3;0.085
11395.8;0.073
11396.3;0.073
11396.8;0.066
11397.3;0.079
11397.8;0.033
11398.3;0.089
11398.8;0.071
11399.3;0.053
11399.8;0.02
11400.3;0.062
11400.8;0.041
11401.3;0.059
11401.8;0.038
11402.3;0.178
11402.8;0.086
11403.3;0.074
11403.8;0.125
11404.3;0.098
11404.8;0.113
11405.3;0.077
11405.8;0.082
11406.3;0.15
11406.8;0.135
11407.3;0.09
11407.8;0.134
11408.3;0.167
11408.8;0.149
11409.3;0.137
11409.8;0.058
11410.3;0.114
11410.8;0.055
11411.3;0.041
11411.8;0.077
11412.3;0.171
11412.8;0.181
11413.3;0.016
11413.8;0.15
11414.3;0.096
11414.8;0.109
11415.3;0.049
11415.8;0.018
11416.3;0.105
11416.8;0.109
11417.3;0.169
11417.8;0.11
11418.3;0.122
11418.8;0.059
11419.3;0.12
11419.8;0.141
11420.3;0.108
11420.8;0.11
11421.3;0.054
11421.8;0.191
11422.3;0.059
11422.8;0.161
11423.3;0.049
11423.8;0.056
11424.3;0.172
11424.8;0.195
11425.3;0.131
11425.8;0.021
11426.3;0.172
11426.8;0.039
11427.3;0.116
11427.8;0.144
11428.3;0.157
11428.8;0.027
11429.3;0.125
11429.8;0.148
11430.3;0.064
11430.8;0.039
11431.3;0.199
11431.8;0.199
11432.3;0.154
11432.8;0.194
11433.3;0.146
11433.8;0.05
11434.3;0.147
11434.8;0.124
11435.3;0.154
11435.8;0.265
11436.3;0.225
11436.8;0.066
11437.3;0.075
11437.8;0.112
11438.3;0.134
11438.8;0.042
11439.3;0.02
11439.8;0.261
11440.3;0.148
11440.8;0.201
11441.3;0.117
11441.8;0.083
11442.3;0.199
11442.8;0.106
11443.3;0.031
11443.8;0.227
11444.3;0.161
11444.8;0.169
11445.3;0.162
11445.8;0.125
11446.3;0.207
11446.8;0.075
11447.3;0.215
11447.8;0.086
11448.3;0.117
11448.8;0.121
11449.3;0.154
11449.8;0.061
11450.3;0.05
11450.8;0.218
11451.3;0.025
11451.8;0.117
11452.3;0.136
11452.8;0.167
11453.3;0.089
11453.8;0.092
11454.3;0.129
11454.8;0.123
11455.3;0.269
11455.8;0.136
11456.3;0.226
11456.8;0.265
11457.3;0.121
11457.8;0.121
11458.3;0.057
11458.8;0.074
11459.3;0.031
11459.8;0.092
11460.3;0.113
11460.8;0.1
11461.3;0.095
11461.8;0.048
11462.3;0.087
11462.8;0.221
11463.3;0.1
11463.8;0.04
11464.3;0.215
11464.8;0.061
11465.3;0.061
11465.8;0.196
11466.3;0.201
11466.8;0.048
11467.3;0.031
11467.8;0.121
11468.3;0.095
11468.8;0.022
11469.3;0.099
11469.8;0.161
11470.3;0.155
11470.8;0.044
11471.3;0.052
11471.8;0.06
11472.3;0.086
11472.8;0.109
11473.3;0.099
11473.8;0.185
11474.3;0.026
11474.8;0.06
11475.3;0.044
11475.8;0.098
11476.3;0.058
11476.8;0.157
11477.3;0.027
11477.8;0.137
11478.3;0.032
11478.8;0.148
11479.3;0.128
11479.8;0.082
11480.3;0.113
11480.8;0.038
11481.3;0.114
11481.8;0.171
11482.3;0.042
11482.8;0.056
11483.3;0.128
11483.8;0.16
11484.3;0.144
11484.8;0.117
11485.3;0.091
11485.8;0.048
11486.3;0.157
11486.8;0.099
11487.3;0.066
11487.8;0.158
11488.3;0.189
11488.8;0.108
11489.3;0.168
11489.8;0.076
11490.3;0.072
11490.8;0.065
11491.3;0.078
11491.8;0.035
11492.3;0.078
11492.8;0.113
11493.3;0.113
11493.8;0.159
11494.3;0.034
11494.8;0.036
11495.3;0.121
11495.8;0.045
11496.3;0.12
11496.8;0.101
11497.3;0.23
11497.8;0.097
11498.3;0.131
11498.8;0.088
11499.3;0.096
11499.8;0.058
11500.3;0.181
11500.8;0.116
11501.3;0.072
11501.8;0.077
11502.3;0.03
11502.8;0.014
11503.3;0.201
11503.8;0.111
11504.3;0.035
11504.8;0.129
11505.3;0.089
11505.8;0.079
11506.3;0.116
11506.8;0.084
11507.3;0.08
11507.8;0.016
11508.3;0.166
11508.8;0.085
11509.3;0.133
11509.8;0.06
11510.3;0.072
11510.8;0.075
11511.3;0.106
11511.8;0.174
11512.3;0.033
11512.8;0.13
11513.3;0.068
11513.8;0.076
11514.3;0.126
11514.8;0.076
11515.3;0.048
11515.8;0.106
11516.3;0.158
11516.8;0.025
11517.3;0.118
11517.8;0.051
11518.3;0.09
11518.8;0.096
11519.3;0.132
11519.8;0.025
11520.3;0.106
11520.8;0.057
11521.3;0.038
11521.8;0.143
11522.3;0.047
11522.8;0.178
11523.3;0.032
11523.8;0.056
11524.3;0.12
11524.8;0.004
11525.3;0.043
11525.8;0.19
11526.3;0.161
11526.8;0.162
11527.3;0.142
11527.8;0.109
11528.3;0.174
11528.8;0.069
11529.3;0.148
11529.8;0.052
11530.3;0.053
11530.8;0.155
11531.3;0.153
11531.8;0.09
11532.3;0.078
11532.8;0.04
11533.3;0.031
11533.8;0.052
11534.3;0.126
11534.8;0.028
11535.3;0.165
11535.8;0.124
11536.3;0.093
11536.8;0.027
11537.3;0.137
11537.8;0.122
11538.3;0.166
11538.8;0.033
11539.3;0.035
11539.8;0.073
11540.3;0.147
11540.8;0.035
11541.3;0.176
11541.8;0.162
11542.3;0.127
11542.8;0.138
11543.3;0.11
11543.8;0.121
11544.3;0.163
11544.8;0.125
11545.3;0.057
11545.8;0.04
11546.3;0.213
11546.8;0.134
11547.3;0.226
11547.8;0.177
11548.3;0.22
11548.8;0.027
11549.3;0.257
11549.8;0.09
11550.3;0.062
11550.8;0.268
11551.3;0.013
11551.8;0.263
11552.3;0.134
11552.8;0.141
11553.3;0.037
11553.8;0.117
11554.3;0.149
11554.8;0.076
11555.3;0.158
11555.8;0.096
11556.3;0.183
11556.8;0.145
11557.3;0.154
11557.8;0.1
11558.3;0.114
11558.8;0.191
11559.3;0.092
11559.8;0.191
11560.3;0.17
11560.8;0.235
11561.3;0.249
11561.8;0.185
11562.3;0.124
11562.8;0.219
11563.3;0.118
11563.8;0.147
11564.3;0.04
11564.8;0.109
11565.3;0.046
11565.8;0.028
11566.3;0.196
11566.8;0.217
11567.3;0.157
11567.8;0.075
11568.3;0.198
11568.8;0.108
11569.3;0.074
11569.8;0.097
11570.3;0.16
11570.8;0.201
11571.3;0.131
11571.8;0.046
11572.3;0.116
11572.8;0.123
11573.3;0.184
11573.8;0.066
11574.3;0.098
11574.8;0.094
11575.3;0.131
11575.8;0.077
11576.3;0.055
11576.8;0.028
11577.3;0.105
11577.8;0.088
11578.3;0.163
11578.8;0.053
11579.3;0.07
11579.8;0.159
11580.3;0.097
11580.8;0.143
11581.3;0.085
11581.8;0.178
11582.3;0.134
11582.8;0.13
11583.3;0.035
11583.8;0.127
11584.3;0.116
11584.8;0.109
11585.3;0.085
11585.8;0.032
11586.3;0.115
11586.8;0.04
11587.3;0.04
11587.8;0.192
11588.3;0.108
11588.8;0.162
11589.3;0.11
11589.8;0.156
11590.3;0.111
11590.8;0.107
11591.3;0.036
11591.8;0.079
11592.3;0.12
11592.8;0.146
11593.3;0.176
11593.8;0.166
11594.3;0.218
11594.8;0.139
11595.3;0.199
11595.8;0.207
11596.3;0.131
11596.8;0.061
11597.3;0.129
11597.8;0.036
11598.3;0.076
11598.8;0.188
11599.3;0.029
11599.8;0.041
11600.3;0.159
11600.8;0.094
11601.3;0.078
11601.8;0.136
11602.3;0.098
11602.8;0.073
11603.3;0.021
11603.8;0.07
11604.3;0.082
11604.8;0.204
11605.3;0.119
11605.8;0.108
11606.3;0.078
11606.8;0.125
11607.3;0.132
11607.8;0.142
11608.3;0.076
11608.8;0.167
11609.3;0.114
11609.8;0.082
11610.3;0.053
11610.8;0.101
11611.3;0.079
11611.8;0.039
11612.3;0.112
11612.8;0.084
11613.3;0.066
11613.8;0.243
11614.3;0.087
11614.8;0.067
11615.3;0.045
11615.8;0.166
11616.3;0.111
11616.8;0.116
11617.3;0.071
11617.8;0.088
11618.3;0.094
11618.8;0.049
11619.3;0.166
11619.8;0.15
11620.3;0.109
11620.8;0.052
11621.3;0.102
11621.8;0.152
11622.3;0.068
11622.8;0.087
11623.3;0.089
11623.8;0.119
11624.3;0.031
11624.8;0.064
11625.3;0.102
11625.8;0.05
11626.3;0.063
11626.8;0.016
11627.3;0.14
11627.8;0.132
11628.3;0.204
11628.8;0.161
11629.3;0.103
11629.8;0.077
11630.3;0.1
11630.8;0.14
11631.3;0.099
11631.8;0.091
11632.3;0.256
11632.8;0.075
11633.3;0.016
11633.8;0.083
11634.3;0.025
11634.8;0.092
11635.3;0.041
11635.8;0.08
11636.3;0.081
11636.8;0.071
11637.3;0.134
11637.8;0.244
11638.3;0.135
11638.8;0.198
11639.3;0.041
11639.8;0.143
11640.3;0.054
11640.8;0.092
11641.3;0.028
11641.8;0.016
11642.3;0.077
11642.8;0.137
11643.3;0.176
11643.8;0.184
11644.3;0.14
11644.8;0.139
11645.3;0.041
11645.8;0.136
11646.3;0.166
11646.8;0.13
11647.3;0.025
11647.8;0.062
11648.3;0.02
11648.8;0.009
11649.3;0.085
11649.8;0.063
11650.3;0.174
11650.8;0.236
11651.3;0.167
11651.8;0.207
11652.3;0.212
11652.8;0.13
11653.3;0.148
11653.8;0.143
11654.3;0.105
11654.8;0.069
11655.3;0.018
11655.8;0.048
11656.3;0.203
11656.8;0.08
11657.3;0.181
11657.8;0.095
11658.3;0.07
11658.8;0.098
11659.3;0.105
11659.8;0.107
11660.3;0.115
11660.8;0.051
11661.3;0.277
11661.8;0.156
11662.3;0.165
11662.8;0.23
11663.3;0.067
11663.8;0.113
11664.3;0.119
11664.8;0.114
11665.3;0.297
11665.8;0.04
11666.3;0.275
11666.8;0.08
11667.3;0.053
11667.8;0.144
11668.3;0.17
11668.8;0.187
11669.3;0.261
11669.8;0.199
11670.3;0.17
11670.8;0.161
11671.3;0.1
11671.8;0.133
11672.3;0.095
11672.8;0.082
11673.3;0.156
11673.8;0.173
11674.3;0.068
11674.8;0.098
11675.3;0.216
11675.8;0.092
11676.3;0.041
11676.8;0.132
11677.3;0.19
11677.8;0.052
11678.3;0.075
11678.8;0.169
11679.3;0.113
11679.8;0.053
11680.3;0.081
11680.8;0.274
11681.3;0.23
11681.8;0.187
11682.3;0.122
11682.8;0.062
11683.3;0.129
11683.8;0.203
11684.3;0.116
11684.8;0.045
11685.3;0.044
11685.8;0.044
11686.3;0.109
11686.8;0.09
11687.3;0.083
11687.8;0.158
11688.3;0.121
11688.8;0.058
11689.3;0.107
11689.8;0.237
11690.3;0.194
11690.8;0.025
11691.3;0.073
11691.8;0.157
11692.3;0.088
11692.8;0.04
11693.3;0.075
11693.8;0.108
11694.3;0.09
11694.8;0.073
11695.3;0.058
11695.8;0.2
11696.3;0.103
11696.8;0.111
11697.3;0.027
11697.8;0.041
11698.3;0.099
11698.8;0.056
11699.3;0.091
11699.8;0.048
11700.3;0.019
11700.8;0.082
11701.3;0.164
11701.8;0.153
11702.3;0.155
11702.8;0.065
11703.3;0.072
11703.8;0.076
11704.3;0.088
11704.8;0.014
11705.3;0.092
11705.8;0.087
11706.3;0.157
11706.8;0.075
11707.3;0.202
11707.8;0.053
11708.3;0.049
11708.8;0.002
11709.3;0.064
11709.8;0.125
11710.3;0.07
11710.8;0.002
11711.3;0.062
11711.8;0.016
11712.3;0.066
11712.8;0.122
11713.3;0.097
11713.8;0.076
11714.3;0.087
11714.8;0.147
11715.3;0.088
11715.8;0.136
11716.3;0.183
11716.8;0.168
11717.3;0.042
11717.8;0.059
11718.3;0.147
11718.8;0.055
11719.3;0.045
11719.8;0.157
11720.3;0.079
11720.8;0.045
11721.3;0.205
11721.8;0.167
11722.3;0.127
11722.8;0.141
11723.3;0.105
11723.8;0.024
11724.3;0.112
11724.8;0.059
11725.3;0.13
11725.8;0.146
11726.3;0.071
11726.8;0.066
11727.3;0.096
11727.8;0.13
11728.3;0.09
11728.8;0.214
11729.3;0.075
11729.8;0.096
11730.3;0.014
11730.8;0.106
11731.3;0.115
11731.8;0.04
11732.3;0.114
11732.8;0.141
11733.3;0.015
11733.8;0.2
11734.3;0.219
11734.8;0.074
11735.3;0.201
11735.8;0.135
11736.3;0.131
11736.8;0.106
11737.3;0.196
11737.8;0.098
11738.3;0.061
11738.8;0.1
11739.3;0.135
11739.8;0.011
11740.3;0.143
11740.8;0.204
11741.3;0.179
11741.8;0.16
11742.3;0.14
11742.8;0.12
11743.3;0.154
11743.8;0.101
11744.3;0.195
11744.8;0.178
11745.3;0.193
11745.8;0.111
11746.3;0.048
11746.8;0.116
11747.3;0.122
11747.8;0.028
11748.3;0.087
11748.8;0.119
11749.3;0.022
11749.8;0.131
11750.3;0.123
11750.8;0.053
11751.3;0.116
11751.8;0.099
11752.3;0.073
11752.8;0.062
11753.3;0.069
11753.8;0.089
11754.3;0.031
11754.8;0.1
11755.3;0.066
11755.8;0.114
11756.3;0.067
11756.8;0.142
11757.3;0.017
11757.8;0.054
11758.3;0.121
11758.8;0.065
11759.3;0.135
11759.8;0.053
11760.3;0.084
11760.8;0.061
11761.3;0.137
11761.8;0.043
11762.3;0.114
11762.8;0.134
11763.3;0.137
11763.8;0.01
11764.3;0.115
11764.8;0.044
11765.3;0.177
11765.8;0.193
11766.3;0.089
11766.8;0.238
11767.3;0.179
11767.8;0.069
11768.3;0.035
11768.8;0.174
11769.3;0.193
11769.8;0.055
11770.3;0.22
11770.8;0.258
11771.3;0.172
11771.8;0.068
11772.3;0.208
11772.8;0.213
11773.3;0.131
11773.8;0.188
11774.3;0.233
11774.8;0.08
11775.3;0.058
11775.8;0.045
11776.3;0.144
11776.8;0.24
11777.3;0.111
11777.8;0.247
11778.3;0.112
11778.8;0.118
11779.3;0.204
11779.8;0.146
11780.3;0.193
11780.8;0.231
11781.3;0.073
11781.8;0.185
11782.3;0.13
11782.8;0.032
11783.3;0.075
11783.8;0.063
11784.3;0.178
11784.8;0.055
11785.3;0.114
11785.8;0.227
11786.3;0.1
11786.8;0.011
11787.3;0.108
11787.8;0.169
11788.3;0.097
11788.8;0.059
11789.3;0.148
11789.8;0.174
11790.3;0.195
11790.8;0.257
11791.3;0.129
11791.8;0.265
11792.3;0.185
11792.8;0.224
11793.3;0.273
11793.8;0.113
11794.3;0.141
11794.8;0.219
11795.3;0.179
11795.8;0.166
11796.3;0.268
11796.8;0.24
11797.3;0.176
11797.8;0.045
11798.3;0.075
11798.8;0.155
11799.3;0.364
11799.8;0.172
11800.3;0.224
11800.8;0.131
11801.3;0.147
11801.8;0.339
11802.3;0.401
11802.8;0.101
11803.3;0.328
11803.8;0.247
11804.3;0.021
11804.8;0.146
11805.3;0.065
11805.8;0.188
11806.3;0.308
11806.8;0.137
11807.3;0.249
11807.8;0.098
11808.3;0.296
11808.8;0.048
11809.3;0.045
11809.8;0.246
11810.3;0.214
11810.8;0.3
11811.3;0.43
11811.8;0.368
11812.3;0.225
11812.8;0.263
11813.3;0.185
11813.8;0.152
11814.3;0.21
11814.8;0.127
11815.3;0.009
11815.8;0.125
11816.3;0.261
11816.8;0.203
11817.3;0.149
11817.8;0.104
11818.3;0.402
11818.8;0.151
11819.3;0.095
11819.8;0.139
11820.3;0.136
11820.8;0.278
11821.3;0.263
11821.8;0.071
11822.3;0.091
11822.8;0.254
11823.3;0.134
11823.8;0.12
11824.3;0.06
11824.8;0.069
11825.3;0.271
11825.8;0.16
11826.3;0.117
11826.8;0.305
11827.3;0.135
11827.8;0.146
11828.3;0.163
11828.8;0.156
11829.3;0.268
11829.8;0.165
11830.3;0.066
11830.8;0.044
11831.3;0.094
11831.8;0.165
11832.3;0.158
11832.8;0.271
11833.3;0.201
11833.8;0.124
11834.3;0.164
11834.8;0.024
11835.3;0.118
11835.8;0.182
11836.3;0.154
11836.8;0.024
11837.3;0.19
11837.8;0.094
11838.3;0.082
11838.8;0.235
11839.3;0.111
11839.8;0.055
11840.3;0.103
11840.8;0.113
11841.3;0.016
11841.8;0.086
11842.3;0.043
11842.8;0.223
11843.3;0.01
11843.8;0.049
11844.3;0.078
11844.8;0.041
11845.3;0.169
11845.8;0.187
11846.3;0.171
11846.8;0.111
11847.3;0.258
11847.8;0.178
11848.3;0.18
11848.8;0.132
11849.3;0.084
11849.8;0.164
11850.3;0.232
11850.8;0.094
11851.3;0.148
11851.8;0.301
11852.3;0.169
11852.8;0.099
11853.3;0.073
11853.8;0.107
11854.3;0.198
11854.8;0.177
11855.3;0.207
11855.8;0.007
11856.3;0.03
11856.8;0.171
11857.3;0.175
11857.8;0.196
11858.3;0.11
11858.8;0.052
11859.3;0.121
11859.8;0.057
11860.3;0.232
11860.8;0.065
11861.3;0.164
11861.8;0.135
11862.3;0.165
11862.8;0.116
11863.3;0.084
11863.8;0.118
11864.3;0.115
11864.8;0.128
11865.3;0.051
11865.8;0.185
11866.3;0.085
11866.8;0.089
11867.3;0.185
11867.8;0.155
11868.3;0.198
11868.8;0.106
11869.3;0.178
11869.8;0.29
11870.3;0.066
11870.8;0.229
11871.3;0.053
11871.8;0.136
11872.3;0.149
11872.8;0.156
11873.3;0.194
11873.8;0.138
11874.3;0.139
11874.8;0.162
11875.3;0.166
11875.8;0.234
11876.3;0.041
11876.8;0.094
11877.3;0.087
11877.8;0.156
11878.3;0.11
11878.8;0.065
11879.3;0.082
11879.8;0.039
11880.3;0.313
11880.8;0.273
11881.3;0.179
11881.8;0.158
11882.3;0.028
11882.8;0.084
11883.3;0.127
11883.8;0.073
11884.3;0.138
11884.8;0.046
11885.3;0.089
11885.8;0.07
11886.3;0.162
11886.8;0.066
11887.3;0.142
11887.8;0.164
11888.3;0.107
11888.8;0.083
11889.3;0.182
11889.8;0.145
11890.3;0.387
11890.8;0.267
11891.3;0.148
11891.8;0.342
11892.3;0.261
11892.8;0.181
11893.3;0.226
11893.8;0.179
11894.3;0.034
11894.8;0.123
11895.3;0.172
11895.8;0.113
11896.3;0.057
11896.8;0.053
11897.3;0.162
11897.8;0.29
11898.3;0.199
11898.8;0.249
11899.3;0.21
11899.8;0.202
11900.3;0.204
11900.8;0.07
11901.3;0.125
11901.8;0.119
11902.3;0.053
11902.8;0.112
11903.3;0.162
11903.8;0.057
11904.3;0.208
11904.8;0.178
11905.3;0.19
11905.8;0.13
11906.3;0.192
11906.8;0.101
11907.3;0.223
11907.8;0.07
11908.3;0.154
11908.8;0.047
11909.3;0.141
11909.8;0.116
11910.3;0.055
11910.8;0.124
11911.3;0.24
11911.8;0.063
11912.3;0.191
11912.8;0.162
11913.3;0.136
11913.8;0.095
11914.3;0.109
11914.8;0.218
11915.3;0.053
11915.8;0.047
11916.3;0.045
11916.8;0.066
11917.3;0.082
11917.8;0.034
11918.3;0.07
11918.8;0.154
11919.3;0.116
11919.8;0.11
11920.3;0.219
11920.8;0.188
11921.3;0.087
11921.8;0.254
11922.3;0.255
11922.8;0.133
11923.3;0.252
11923.8;0.25
11924.3;0.14
11924.8;0.18
11925.3;0.059
11925.8;0.088
11926.3;0.16
11926.8;0.049
11927.3;0.094
11927.8;0.108
11928.3;0.063
11928.8;0.047
11929.3;0.019
11929.8;0.124
11930.3;0.074
11930.8;0.143
11931.3;0.237
11931.8;0.222
11932.3;0.231
11932.8;0.239
11933.3;0.136
11933.8;0.203
11934.3;0.186
11934.8;0.159
11935.3;0.19
11935.8;0.184
11936.3;0.086
11936.8;0.262
11937.3;0.117
11937.8;0.102
11938.3;0.137
11938.8;0.078
11939.3;0.204
11939.8;0.09
11940.3;0.068
11940.8;0.04
11941.3;0.093
11941.8;0.197
11942.3;0.102
11942.8;0.16
11943.3;0.148
11943.8;0.151
11944.3;0.029
11944.8;0.252
11945.3;0.025
11945.8;0.05
11946.3;0.058
11946.8;0.115
11947.3;0.119
11947.8;0.084
11948.3;0.143
11948.8;0.101
11949.3;0.058
11949.8;0.222
11950.3;0.206
11950.8;0.077
11951.3;0.107
11951.8;0.1
11952.3;0.1
11952.8;0.122
11953.3;0.087
11953.8;0.071
11954.3;0.048
11954.8;0.029
11955.3;0.072
11955.8;0.205
11956.3;0.161
11956.8;0.072
11957.3;0.062
11957.8;0.16
11958.3;0.041
11958.8;0.135
11959.3;0.263
11959.8;0.148
11960.3;0.126
11960.8;0.205
11961.3;0.05
11961.8;0.094
11962.3;0.086
11962.8;0.029
11963.3;0.049
11963.8;0.143
11964.3;0.046
11964.8;0.124
11965.3;0.111
11965.8;0.054
11966.3;0.177
11966.8;0.182
11967.3;0.102
11967.8;0.172
11968.3;0.224
11968.8;0.032
11969.3;0.18
11969.8;0.055
11970.3;0.08
11970.8;0.121
11971.3;0.057
11971.8;0.129
11972.3;0.064
11972.8;0.156
11973.3;0.081
11973.8;0.03
11974.3;0.114
11974.8;0.043
11975.3;0.141
11975.8;0.059
11976.3;0.095
11976.8;0.069
11977.3;0.073
11977.8;0.027
11978.3;0.095
11978.8;0.136
11979.3;0.07
11979.8;0.206
11980.3;0.164
11980.8;0.137
11981.3;0.147
11981.8;0.027
11982.3;0.071
11982.8;0.067
11983.3;0.013
11983.8;0.041
11984.3;0.157
11984.8;0.067
11985.3;0.099
11985.8;0.042
11986.3;0.158
11986.8;0.029
11987.3;0.034
11987.8;0.029
11988.3;0.063
11988.8;0.061
11989.3;0.022
11989.8;0.08
11990.3;0.156
11990.8;0.194
11991.3;0.124
11991.8;0.015
11992.3;0.142
11992.8;0.092
11993.3;0.104
11993.8;0.066
11994.3;0.087
11994.8;0.062
11995.3;0.042
11995.8;0.063
11996.3;0.111
11996.8;0.112
11997.3;0.041
11997.8;0.03
11998.3;0.061
11998.8;0.191
11999.3;0.142
11999.8;0.018
12000.3;0.116
12000.8;0.139
12001.3;0.105
12001.8;0.093
12002.3;0.091
12002.8;0.021
12003.3;0.186
12003.8;0.147
12004.3;0.139
12004.8;0.124
12005.3;0.165
12005.8;0.089
12006.3;0.107
12006.8;0.169
12007.3;0.045
12007.8;0.092
12008.3;0.058
12008.8;0.068
12009.3;0.119
12009.8;0.162
12010.3;0.102
12010.8;0.073
12011.3;0.065
12011.8;0.014
12012.3;0.126
12012.8;0.061
12013.3;0.106
12013.8;0.053
12014.3;0.085
12014.8;0.158
12015.3;0.092
12015.8;0.058
12016.3;0.06
12016.8;0.059
12017.3;0.138
12017.8;0.149
12018.3;0.158
12018.8;0.066
12019.3;0.096
12019.8;0.067
12020.3;0.091
12020.8;0.004
12021.3;0.091
12021.8;0.063
12022.3;0.109
12022.8;0.191
12023.3;0.155
12023.8;0.119
12024.3;0.174
12024.8;0.188
12025.3;0.103
12025.8;0.065
12026.3;0.073
12026.8;0.019
12027.3;0.059
12027.8;0.03
12028.3;0.077
12028.8;0.074
12029.3;0.152
12029.8;0.168
12030.3;0.113
12030.8;0.124
12031.3;0.126
12031.8;0.036
12032.3;0.027
12032.8;0.04
12033.3;0.052
12033.8;0.066
12034.3;0.049
12034.8;0.048
12035.3;0.08
12035.8;0.09
12036.3;0.175
12036.8;0.069
12037.3;0.151
12037.8;0.068
12038.3;0.037
12038.8;0.061
12039.3;0.125
12039.8;0.084
12040.3;0.239
12040.8;0.036
12041.3;0.075
12041.8;0.113
12042.3;0.141
12042.8;0.113
12043.3;0.176
12043.8;0.148
12044.3;0.184
12044.8;0.15
12045.3;0.074
12045.8;0.075
12046.3;0.103
12046.8;0.089
12047.3;0.054
12047.8;0.065
12048.3;0.052
12048.8;0.125
12049.3;0.004
12049.8;0.083
12050.3;0.111
12050.8;0.033
12051.3;0.033
12051.8;0.109
12052.3;0.191
12052.8;0.227
12053.3;0.188
12053.8;0.038
12054.3;0.1
12054.8;0.055
12055.3;0.142
12055.8;0.123
12056.3;0.102
12056.8;0.09
12057.3;0.09
12057.8;0.07
12058.3;0.153
12058.8;0.151
12059.3;0.037
12059.8;0.092
12060.3;0.154
12060.8;0.097
12061.3;0.099
12061.8;0.024
12062.3;0.05
12062.8;0.183
12063.3;0.2
12063.8;0.108
12064.3;0.072
12064.8;0.088
12065.3;0.165
12065.8;0.184
12066.3;0.205
12066.8;0.132
12067.3;0.088
12067.8;0.09
12068.3;0.123
12068.8;0.056
12069.3;0.214
12069.8;0.066
12070.3;0.092
12070.8;0.133
12071.3;0.046
12071.8;0.169
12072.3;0.019
12072.8;0.107
12073.3;0.243
12073.8;0.064
12074.3;0.203
12074.8;0.133
12075.3;0.085
12075.8;0.166
12076.3;0.215
12076.8;0.025
12077.3;0.062
12077.8;0.059
12078.3;0.134
12078.8;0.207
12079.3;0.168
12079.8;0.21
12080.3;0.133
12080.8;0.098
12081.3;0.057
12081.8;0.158
12082.3;0.254
12082.8;0.124
12083.3;0.164
12083.8;0.093
12084.3;0.166
12084.8;0.146
12085.3;0.17
12085.8;0.054
12086.3;0.031
12086.8;0.133
12087.3;0.112
12087.8;0.025
12088.3;0.082
12088.8;0.141
12089.3;0.153
12089.8;0.139
12090.3;0.048
12090.8;0.123
12091.3;0.217
12091.8;0.154
12092.3;0.074
12092.8;0.226
12093.3;0.17
12093.8;0.166
12094.3;0.145
12094.8;0.039
12095.3;0.098
12095.8;0.079
12096.3;0.256
12096.8;0.218
12097.3;0.159
12097.8;0.245
12098.3;0.273
12098.8;0.343
12099.3;0.133
12099.8;0.141
12100.3;0.075
12100.8;0.214
12101.3;0.156
12101.8;0.116
12102.3;0.047
12102.8;0.096
12103.3;0.102
12103.8;0.258
12104.3;0.126
12104.8;0.137
12105.3;0.178
12105.8;0.056
12106.3;0.085
12106.8;0.111
12107.3;0.25
12107.8;0.174
12108.3;0.06
12108.8;0.138
12109.3;0.036
12109.8;0.119
12110.3;0.133
12110.8;0.111
12111.3;0.246
12111.8;0.179
12112.3;0.2
12112.8;0.144
12113.3;0.042
12113.8;0.11
12114.3;0.108
12114.8;0.043
12115.3;0.126
12115.8;0.16
12116.3;0.214
12116.8;0.029
12117.3;0.2
12117.8;0.161
12118.3;0.166
12118.8;0.212
12119.3;0.066
12119.8;0.014
12120.3;0.129
12120.8;0.076
12121.3;0.176
12121.8;0.204
12122.3;0.157
12122.8;0.115
12123.3;0.097
12123.8;0.213
12124.3;0.146
12124.8;0.157
12125.3;0.189
12125.8;0.068
12126.3;0.104
12126.8;0.135
12127.3;0.21
12127.8;0.035
12128.3;0.16
12128.8;0.137
12129.3;0.108
12129.8;0.13
12130.3;0.266
12130.8;0.128
12131.3;0.093
12131.8;0.102
12132.3;0.333
12132.8;0.254
12133.3;0.239
12133.8;0.192
12134.3;0.168
12134.8;0.253
12135.3;0.123
12135.8;0.06
12136.3;0.131
12136.8;0.196
12137.3;0.083
12137.8;0.316
12138.3;0.169
12138.8;0.339
12139.3;0.241
12139.8;0.109
12140.3;0.198
12140.8;0.232
12141.3;0.312
12141.8;0.056
12142.3;0.255
12142.8;0.18
12143.3;0.177
12143.8;0.176
12144.3;0.06
12144.8;0.049
12145.3;0.198
12145.8;0.132
12146.3;0.252
12146.8;0.178
12147.3;0.137
12147.8;0.219
12148.3;0.157
12148.8;0.132
12149.3;0.223
12149.8;0.146
12150.3;0.265
12150.8;0.054
12151.3;0.179
12151.8;0.07
12152.3;0.261
12152.8;0.121
12153.3;0.321
12153.8;0.164
12154.3;0.13
12154.8;0.165
12155.3;0.189
12155.8;0.112
12156.3;0.068
12156.8;0.123
12157.3;0.063
12157.8;0.142
12158.3;0.022
12158.8;0.067
12159.3;0.151
12159.8;0.318
12160.3;0.299
12160.8;0.327
12161.3;0.128
12161.8;0.192
12162.3;0.181
12162.8;0.125
12163.3;0.221
12163.8;0.193
12164.3;0.029
12164.8;0.021
12165.3;0.162
12165.8;0.108
12166.3;0.114
12166.8;0.137
12167.3;0.016
12167.8;0.044
12168.3;0.329
12168.8;0.089
12169.3;0.081
12169.8;0.106
12170.3;0.191
12170.8;0.101
12171.3;0.224
12171.8;0.241
12172.3;0.256
12172.8;0.148
12173.3;0.357
12173.8;0.258
12174.3;0.101
12174.8;0.327
12175.3;0.071
12175.8;0.099
12176.3;0.065
12176.8;0.167
12177.3;0.288
12177.8;0.162
12178.3;0.049
12178.8;0.085
12179.3;0.19
12179.8;0.046
12180.3;0.149
12180.8;0.255
12181.3;0.106
12181.8;0.063
12182.3;0.108
12182.8;0.071
12183.3;0.125
12183.8;0.2
12184.3;0.129
12184.8;0.19
12185.3;0.293
12185.8;0.195
12186.3;0.274
12186.8;0.119
12187.3;0.171
12187.8;0.237
12188.3;0.304
12188.8;0.137
12189.3;0.266
12189.8;0.106
12190.3;0.118
12190.8;0.27
12191.3;0.257
12191.8;0.172
12192.3;0.171
12192.8;0.106
12193.3;0.064
12193.8;0.063
12194.3;0.169
12194.8;0.091
12195.3;0.133
12195.8;0.092
12196.3;0.121
12196.8;0.291
12197.3;0.279
12197.8;0.142
12198.3;0.204
12198.8;0.202
12199.3;0.132
12199.8;0.256
12200.3;0.317
12200.8;0.014
12201.3;0.201
12201.8;0.105
12202.3;0.121
12202.8;0.032
12203.3;0.21
12203.8;0.123
12204.3;0.095
12204.8;0.16
12205.3;0.273
12205.8;0.228
12206.3;0.299
12206.8;0.021
12207.3;0.208
12207.8;0.186
12208.3;0.111
12208.8;0.246
12209.3;0.315
12209.8;0.057
12210.3;0.071
12210.8;0.065
12211.3;0.072
12211.8;0.261
12212.3;0.117
12212.8;0.074
12213.3;0.203
12213.8;0.116
12214.3;0.179
12214.8;0.131
12215.3;0.109
12215.8;0.153
12216.3;0.135
12216.8;0.265
12217.3;0.039
12217.8;0.099
12218.3;0.067
12218.8;0.081
12219.3;0.103
12219.8;0.087
12220.3;0.237
12220.8;0.105
12221.3;0.011
12221.8;0.015
12222.3;0.049
12222.8;0.076
12223.3;0.263
12223.8;0.188
12224.3;0.126
12224.8;0.088
12225.3;0.108
12225.8;0.053
12226.3;0.074
12226.8;0.075
12227.3;0.13
12227.8;0.128
12228.3;0.088
12228.8;0.035
12229.3;0.117
12229.8;0.064
12230.3;0.102
12230.8;0.118
12231.3;0.181
12231.8;0.091
12232.3;0.105
12232.8;0.061
12233.3;0.177
12233.8;0.124
12234.3;0.055
12234.8;0.062
12235.3;0.069
12235.8;0.041
12236.3;0.077
12236.8;0.103
12237.3;0.063
12237.8;0.107
12238.3;0.181
12238.8;0.071
12239.3;0.066
12239.8;0.093
12240.3;0.076
12240.8;0.075
12241.3;0.045
12241.8;0.037
12242.3;0.052
12242.8;0.056
12243.3;0.04
12243.8;0.049
12244.3;0.136
12244.8;0.143
12245.3;0.145
12245.8;0.071
12246.3;0.086
12246.8;0.08
12247.3;0.077
12247.8;0.145
12248.3;0.195
12248.8;0.115
12249.3;0.116
12249.8;0.166
12250.3;0.065
12250.8;0.19
12251.3;0.117
12251.8;0.02
12252.3;0.034
12252.8;0.086
12253.3;0.099
12253.8;0.235
12254.3;0.041
12254.8;0.075
12255.3;0.245
12255.8;0.138
12256.3;0.025
12256.8;0.187
12257.3;0.038
12257.8;0.049
12258.3;0.058
12258.8;0.043
12259.3;0.127
12259.8;0.174
12260.3;0.261
12260.8;0.072
12261.3;0.019
12261.8;0.079
12262.3;0.213
12262.8;0.024
12263.3;0.227
12263.8;0.194
12264.3;0.19
12264.8;0.268
12265.3;0.063
12265.8;0.192
12266.3;0.074
12266.8;0.074
12267.3;0.141
12267.8;0.037
12268.3;0.301
12268.8;0.136
12269.3;0.195
12269.8;0.194
12270.3;0.063
12270.8;0.122
12271.3;0.241
12271.8;0.152
12272.3;0.048
12272.8;0.22
12273.3;0.136
12273.8;0.131
12274.3;0.042
12274.8;0.087
12275.3;0.065
12275.8;0.248
12276.3;0.187
12276.8;0.141
12277.3;0.178
12277.8;0.143
12278.3;0.197
12278.8;0.084
12279.3;0.186
12279.8;0.064
12280.3;0.228
12280.8;0.22
12281.3;0.102
12281.8;0.034
12282.3;0.203
12282.8;0.061
12283.3;0.075
12283.8;0.2
12284.3;0.254
12284.8;0.25
12285.3;0.189
12285.8;0.047
12286.3;0.165
12286.8;0.037
12287.3;0.067
12287.8;0.168
12288.3;0.232
12288.8;0.126
12289.3;0.158
12289.8;0.162
12290.3;0.023
12290.8;0.084
12291.3;0.159
12291.8;0.244
12292.3;0.136
12292.8;0.246
12293.3;0.134
12293.8;0.163
12294.3;0.262
12294.8;0.092
12295.3;0.124
12295.8;0.173
12296.3;0.245
12296.8;0.084
12297.3;0.063
12297.8;0.105
12298.3;0.247
12298.8;0.325
12299.3;0.073
12299.8;0.181
12300.3;0.073
12300.8;0.121
12301.3;0.167
12301.8;0.048
12302.3;0.224
12302.8;0.184
12303.3;0.159
12303.8;0.081
12304.3;0.123
12304.8;0.111
12305.3;0.06
12305.8;0.132
12306.3;0.067
12306.8;0.179
12307.3;0.173
12307.8;0.232
12308.3;0.222
12308.8;0.044
12309.3;0.142
12309.8;0.099
12310.3;0.1
12310.8;0.106
12311.3;0.231
12311.8;0.157
12312.3;0.009
12312.8;0.045
12313.3;0.235
12313.8;0.172
12314.3;0.033
12314.8;0.061
12315.3;0.2
12315.8;0.134
12316.3;0.095
12316.8;0.117
12317.3;0.127
12317.8;0.045
12318.3;0.128
12318.8;0.111
12319.3;0.08
12319.8;0.102
12320.3;0.131
12320.8;0.097
12321.3;0.063
12321.8;0.137
12322.3;0.183
12322.8;0.17
12323.3;0.114
12323.8;0.178
12324.3;0.068
12324.8;0.087
12325.3;0.085
12325.8;0.381
12326.3;0.171
12326.8;0.102
12327.3;0.227
12327.8;0.08
12328.3;0.146
12328.8;0.138
12329.3;0.133
12329.8;0.16
12330.3;0.136
12330.8;0.099
12331.3;0.165
12331.8;0.092
12332.3;0.068
12332.8;0.089
12333.3;0.266
12333.8;0.091
12334.3;0.323
12334.8;0.146
12335.3;0.167
12335.8;0.04
12336.3;0.126
12336.8;0.025
12337.3;0.089
12337.8;0.148
12338.3;0.08
12338.8;0.067
12339.3;0.07
12339.8;0.158
12340.3;0.197
12340.8;0.017
12341.3;0.129
12341.8;0.08
12342.3;0.105
12342.8;0.074
12343.3;0.086
12343.8;0.159
12344.3;0.146
12344.8;0.033
12345.3;0.156
12345.8;0.11
12346.3;0.253
12346.8;0.092
12347.3;0.101
12347.8;0.113
12348.3;0.067
12348.8;0.06
12349.3;0.077
12349.8;0.123
12350.3;0.048
12350.8;0.02
12351.3;0.044
12351.8;0.126
12352.3;0.132
12352.8;0.083
12353.3;0.183
12353.8;0.115
12354.3;0.228
12354.8;0.096
12355.3;0.162
12355.8;0.107
12356.3;0.089
12356.8;0.185
12357.3;0.157
12357.8;0.144
12358.3;0.186
12358.8;0.098
12359.3;0.088
12359.8;0.104
12360.3;0.076
12360.8;0.143
12361.3;0.093
12361.8;0.124
12362.3;0.124
12362.8;0.095
12363.3;0.173
12363.8;0.27
12364.3;0.089
12364.8;0.096
12365.3;0.013
12365.8;0.088
12366.3;0.126
12366.8;0.15
12367.3;0.095
12367.8;0.107
12368.3;0.087
12368.8;0.241
12369.3;0.075
12369.8;0.162
12370.3;0.135
12370.8;0.078
12371.3;0.084
12371.8;0.124
12372.3;0.177
12372.8;0.202
12373.3;0.137
12373.8;0.104
12374.3;0.064
12374.8;0.065
12375.3;0.031
12375.8;0.121
12376.3;0.158
12376.8;0.146
12377.3;0.173
12377.8;0.213
12378.3;0.125
12378.8;0.047
12379.3;0.189
12379.8;0.195
12380.3;0.204
12380.8;0.095
12381.3;0.148
12381.8;0.161
12382.3;0.172
12382.8;0.134
12383.3;0.128
12383.8;0.142
12384.3;0.185
12384.8;0.212
12385.3;0.17
12385.8;0.117
12386.3;0.116
12386.8;0.124
12387.3;0.28
12387.8;0.101
12388.3;0.211
12388.8;0.115
12389.3;0.054
12389.8;0.092
12390.3;0.127
12390.8;0.141
12391.3;0.154
12391.8;0.106
12392.3;0.204
12392.8;0.092
12393.3;0.191
12393.8;0.133
12394.3;0.089
12394.8;0.145
12395.3;0.077
12395.8;0.041
12396.3;0.112
12396.8;0.078
12397.3;0.095
12397.8;0.067
12398.3;0.082
12398.8;0.142
12399.3;0.125
12399.8;0.025
12400.3;0.068
12400.8;0.1
12401.3;0.093
12401.8;0.214
12402.3;0.184
12402.8;0.246
12403.3;0.139
12403.8;0.147
12404.3;0.141
12404.8;0.054
12405.3;0.065
12405.8;0.116
12406.3;0.114
12406.8;0.16
12407.3;0.139
12407.8;0.251
12408.3;0.189
12408.8;0.133
12409.3;0.073
12409.8;0.129
12410.3;0.046
12410.8;0.242
12411.3;0.185
12411.8;0.146
12412.3;0.063
12412.8;0.232
12413.3;0.075
12413.8;0.261
12414.3;0.12
12414.8;0.175
12415.3;0.096
12415.8;0.229
12416.3;0.061
12416.8;0.125
12417.3;0.081
12417.8;0.182
12418.3;0.081
12418.8;0.194
12419.3;0.156
12419.8;0.042
12420.3;0.16
12420.8;0.059
12421.3;0.071
12421.8;0.132
12422.3;0.114
12422.8;0.097
12423.3;0.069
12423.8;0.038
12424.3;0.263
12424.8;0.097
12425.3;0.144
12425.8;0.171
12426.3;0.047
12426.8;0.287
12427.3;0.165
12427.8;0.15
12428.3;0.195
12428.8;0.232
12429.3;0.062
12429.8;0.257
12430.3;0.126
12430.8;0.109
12431.3;0.071
12431.8;0.133
12432.3;0.114
12432.8;0.26
12433.3;0.076
12433.8;0.176
12434.3;0.07
12434.8;0.071
12435.3;0.031
12435.8;0.078
12436.3;0.185
12436.8;0.03
12437.3;0.132
12437.8;0.105
12438.3;0.016
12438.8;0.153
12439.3;0.136
12439.8;0.218
12440.3;0.047
12440.8;0.196
12441.3;0.12
12441.8;0.128
12442.3;0.072
12442.8;0.152
12443.3;0.177
12443.8;0.146
12444.3;0.104
12444.8;0.086
12445.3;0.034
12445.8;0.109
12446.3;0.136
12446.8;0.174
12447.3;0.029
12447.8;0.094
12448.3;0.06
12448.8;0.025
12449.3;0.116
12449.8;0.144
12450.3;0.048
12450.8;0.039
12451.3;0.031
12451.8;0.093
12452.3;0.16
12452.8;0.035
12453.3;0.094
12453.8;0.187
12454.3;0.171
12454.8;0.068
12455.3;0.211
12455.8;0.053
12456.3;0.022
12456.8;0.074
12457.3;0.07
12457.8;0.149
12458.3;0.155
12458.8;0.131
12459.3;0.083
12459.8;0.139
12460.3;0.166
12460.8;0.055
12461.3;0.034
12461.8;0.054
12462.3;0.076
12462.8;0.056
12463.3;0.098
12463.8;0.067
12464.3;0.079
12464.8;0.13
12465.3;0.05
12465.8;0.177
12466.3;0.069
12466.8;0.089
12467.3;0.123
12467.8;0.046
12468.3;0.141
12468.8;0.072
12469.3;0.061
12469.8;0.229
12470.3;0.087
12470.8;0.107
12471.3;0.085
12471.8;0.028
12472.3;0.051
12472.8;0.135
12473.3;0.07
12473.8;0.043
12474.3;0.132
12474.8;0.204
12475.3;0.139
12475.8;0.115
12476.3;0.104
12476.8;0.219
12477.3;0.225
12477.8;0.183
12478.3;0.031
12478.8;0.081
12479.3;0.027
12479.8;0.034
12480.3;0.157
12480.8;0.128
12481.3;0.158
12481.8;0.165
12482.3;0.193
12482.8;0.076
12483.3;0.037
12483.8;0.071
12484.3;0.252
12484.8;0.09
12485.3;0.09
12485.8;0.126
12486.3;0.025
12486.8;0.242
12487.3;0.091
12487.8;0.034
12488.3;0.045
12488.8;0.097
12489.3;0.055
12489.8;0.318
12490.3;0.107
12490.8;0.152
12491.3;0.177
12491.8;0.029
12492.3;0.156
12492.8;0.087
12493.3;0.103
12493.8;0.264
12494.3;0.223
12494.8;0.182
12495.3;0.219
12495.8;0.159
12496.3;0.142
12496.8;0.161
12497.3;0.072
12497.8;0.089
12498.3;0.091
12498.8;0.176
12499.3;0.164
12499.8;0.138
12500.3;0.205
12500.8;0.098
12501.3;0.109
12501.8;0.146
12502.3;0.136
12502.8;0.098
12503.3;0.12
12503.8;0.157
12504.3;0.188
12504.8;0.206
12505.3;0.166
12505.8;0.194
12506.3;0.211
12506.8;0.136
12507.3;0.128
12507.8;0.239
12508.3;0.083
12508.8;0.254
12509.3;0.129
12509.8;0.079
12510.3;0.148
12510.8;0.3
12511.3;0.198
12511.8;0.189
12512.3;0.141
12512.8;0.078
12513.3;0.187
12513.8;0.185
12514.3;0.162
12514.8;0.07
12515.3;0.23
12515.8;0.063
12516.3;0.119
12516.8;0.016
12517.3;0.088
12517.8;0.074
12518.3;0.272
12518.8;0.1
12519.3;0.167
12519.8;0.241
12520.3;0.139
12520.8;0.156
12521.3;0.093
12521.8;0.098
12522.3;0.181
12522.8;0.141
12523.3;0.216
12523.8;0.078
12524.3;0.065
12524.8;0.069
12525.3;0.142
12525.8;0.103
12526.3;0.141
12526.8;0.105
12527.3;0.074
12527.8;0.071
12528.3;0.175
12528.8;0.102
12529.3;0.118
12529.8;0.149
12530.3;0.18
12530.8;0.091
12531.3;0.158
12531.8;0.062
12532.3;0.045
12532.8;0.138
12533.3;0.046
12533.8;0.1
12534.3;0.111
12534.8;0.043
12535.3;0.057
12535.8;0.086
12536.3;0.152
12536.8;0.104
12537.3;0.099
12537.8;0.172
12538.3;0.035
12538.8;0.091
12539.3;0.214
12539.8;0.036
12540.3;0.181
12540.8;0.199
12541.3;0.14
12541.8;0.153
12542.3;0.092
12542.8;0.06
12543.3;0.102
12543.8;0.083
12544.3;0.009
12544.8;0.128
12545.3;0.105
12545.8;0.167
12546.3;0.092
12546.8;0.153
12547.3;0.154
12547.8;0.057
12548.3;0.111
12548.8;0.019
12549.3;0.068
12549.8;0.196
12550.3;0.087
12550.8;0.137
12551.3;0.108
12551.8;0.076
12552.3;0.23
12552.8;0.182
12553.3;0.155
12553.8;0.149
12554.3;0.042
12554.8;0.051
12555.3;0.116
12555.8;0.099
12556.3;0.146
12556.8;0.221
12557.3;0.121
12557.8;0.164
12558.3;0.059
12558.8;0.157
12559.3;0.087
12559.8;0.073
12560.3;0.135
12560.8;0.081
12561.3;0.179
12561.8;0.188
12562.3;0.133
12562.8;0.11
12563.3;0.129
12563.8;0.253
12564.3;0.068
12564.8;0.164
12565.3;0.155
12565.8;0.153
12566.3;0.079
12566.8;0.178
12567.3;0.201
12567.8;0.238
12568.3;0.076
12568.8;0.137
12569.3;0.076
12569.8;0.099
12570.3;0.06
12570.8;0.215
12571.3;0.027
12571.8;0.124
12572.3;0.112
12572.8;0.137
12573.3;0.034
12573.8;0.148
12574.3;0.094
12574.8;0.199
12575.3;0.06
12575.8;0.192
12576.3;0.101
12576.8;0.087
12577.3;0.035
12577.8;0.088
12578.3;0.142
12578.8;0.153
12579.3;0.055
12579.8;0.13
12580.3;0.06
12580.8;0.033
12581.3;0.109
12581.8;0.096
12582.3;0.054
12582.8;0.149
12583.3;0.05
12583.8;0.146
12584.3;0.06
12584.8;0.244
12585.3;0.075
12585.8;0.038
12586.3;0.13
12586.8;0.096
12587.3;0.033
12587.8;0.117
12588.3;0.043
12588.8;0.113
12589.3;0.123
12589.8;0.043
12590.3;0.194
12590.8;0.147
12591.3;0.042
12591.8;0.028
12592.3;0.012
12592.8;0.152
12593.3;0.024
12593.8;0.099
12594.3;0.063
12594.8;0.035
12595.3;0.05
12595.8;0.049
12596.3;0.029
12596.8;0.113
12597.3;0.114
12597.8;0.063
12598.3;0.07
12598.8;0.134
12599.3;0.194
12599.8;0.127
12600.3;0.042
12600.8;0.13
12601.3;0.038
12601.8;0.128
12602.3;0.073
12602.8;0.014
12603.3;0.113
12603.8;0.065
12604.3;0.058
12604.8;0.098
12605.3;0.048
12605.8;0.057
12606.3;0.052
12606.8;0.094
12607.3;0.116
12607.8;0.101
12608.3;0.135
12608.8;0.081
12609.3;0.076
12609.8;0.047
12610.3;0.107
12610.8;0.007
12611.3;0.041
12611.8;0.035
12612.3;0.024
12612.8;0.089
12613.3;0.028
12613.8;0.16
12614.3;0.126
12614.8;0.147
12615.3;0.169
12615.8;0.063
12616.3;0.102
12616.8;0.08
12617.3;0.072
12617.8;0.076
12618.3;0.171
12618.8;0.042
12619.3;0.064
12619.8;0.028
12620.3;0.02
12620.8;0.097
12621.3;0.128
12621.8;0.238
12622.3;0.103
12622.8;0.063
12623.3;0.066
12623.8;0.057
12624.3;0.059
12624.8;0.142
12625.3;0.03
12625.8;0.054
12626.3;0.108
12626.8;0.04
12627.3;0.056
12627.8;0.024
12628.3;0.015
12628.8;0.027
12629.3;0.043
12629.8;0.093
12630.3;0.078
12630.8;0.086
12631.3;0.14
12631.8;0.097
12632.3;0.097
12632.8;0.154
12633.3;0.054
12633.8;0.09
12634.3;0.02
12634.8;0.057
12635.3;0.103
12635.8;0.03
12636.3;0.041
12636.8;0.091
12637.3;0.034
12637.8;0.155
12638.3;0.082
12638.8;0.095
12639.3;0.057
12639.8;0.052
12640.3;0.093
12640.8;0.034
12641.3;0.118
12641.8;0.101
12642.3;0.052
12642.8;0.118
12643.3;0.037
12643.8;0.104
12644.3;0.109
12644.8;0.083
12645.3;0.102
12645.8;0.085
12646.3;0.034
12646.8;0.098
12647.3;0.198
12647.8;0.04
12648.3;0.068
12648.8;0.039
12649.3;0.084
12649.8;0.105
12650.3;0.124
12650.8;0.017
12651.3;0.097
12651.8;0.032
12652.3;0.044
12652.8;0.056
12653.3;0.118
12653.8;0.062
12654.3;0.082
12654.8;0.076
12655.3;0.05
12655.8;0.125
12656.3;0.127
12656.8;0.023
12657.3;0.045
12657.8;0.037
12658.3;0.033
12658.8;0.013
12659.3;0.057
12659.8;0.072
12660.3;0.152
12660.8;0.12
12661.3;0.096
12661.8;0.054
12662.3;0.068
12662.8;0.116
12663.3;0.086
12663.8;0.072
12664.3;0.089
12664.8;0.039
12665.3;0.088
12665.8;0.033
12666.3;0.13
12666.8;0.059
12667.3;0.071
12667.8;0.054
12668.3;0.016
12668.8;0.056
12669.3;0.054
12669.8;0.032
12670.3;0.046
12670.8;0.109
12671.3;0.076
12671.8;0.161
12672.3;0.019
12672.8;0.058
12673.3;0.095
12673.8;0.022
12674.3;0.101
12674.8;0.053
12675.3;0.072
12675.8;0.133
12676.3;0.031
12676.8;0.049
12677.3;0.08
12677.8;0.082
12678.3;0.112
12678.8;0.044
12679.3;0.014
12679.8;0.057
12680.3;0.045
12680.8;0.113
12681.3;0.106
12681.8;0.012
12682.3;0.124
12682.8;0.033
12683.3;0.063
12683.8;0.031
12684.3;0.027
12684.8;0.107
12685.3;0.127
12685.8;0.101
12686.3;0.088
12686.8;0.069
12687.3;0.113
12687.8;0.086
12688.3;0.098
12688.8;0.109
12689.3;0.088
12689.8;0.092
12690.3;0.085
12690.8;0.144
12691.3;0.111
12691.8;0.034
12692.3;0.088
12692.8;0.032
12693.3;0.112
12693.8;0.073
12694.3;0.017
12694.8;0.01
12695.3;0.027
12695.8;0.19
12696.3;0.077
12696.8;0.11
12697.3;0.13
12697.8;0.132
12698.3;0.045
12698.8;0.042
12699.3;0.136
12699.8;0.118
12700.3;0.073
12700.8;0.047
12701.3;0.011
12701.8;0.166
12702.3;0.06
12702.8;0.16
12703.3;0.055
12703.8;0.168
12704.3;0.083
12704.8;0.045
12705.3;0.14
12705.8;0.082
12706.3;0.044
12706.8;0.039
12707.3;0.203
12707.8;0.128
12708.3;0.042
12708.8;0.108
12709.3;0.132
12709.8;0.097
12710.3;0.204
12710.8;0.042
12711.3;0.07
12711.8;0.051
12712.3;0.105
12712.8;0.196
12713.3;0.108
12713.8;0.1
12714.3;0.028
12714.8;0.072
12715.3;0.076
12715.8;0.12
12716.3;0.142
12716.8;0.033
12717.3;0.203
12717.8;0.076
12718.3;0.188
12718.8;0.021
12719.3;0.041
12719.8;0.077
12720.3;0.054
12720.8;0.135
12721.3;0.092
12721.8;0.145
12722.3;0.05
12722.8;0.249
12723.3;0.086
12723.8;0.172
12724.3;0.056
12724.8;0.093
12725.3;0.128
12725.8;0.132
12726.3;0.065
12726.8;0.076
12727.3;0.083
12727.8;0.068
12728.3;0.074
12728.8;0.039
12729.3;0.034
12729.8;0.107
12730.3;0.123
12730.8;0.085
12731.3;0.083
12731.8;0.308
12732.3;0.095
12732.8;0.215
12733.3;0.086
12733.8;0.042
12734.3;0.244
12734.8;0.104
12735.3;0.068
12735.8;0.176
12736.3;0.03
12736.8;0.143
12737.3;0.073
12737.8;0.138
12738.3;0.125
12738.8;0.019
12739.3;0.275
12739.8;0.154
12740.3;0.04
12740.8;0.122
12741.3;0.089
12741.8;0.005
12742.3;0.136
12742.8;0.078
12743.3;0.082
12743.8;0.177
12744.3;0.045
12744.8;0.139
12745.3;0.068
12745.8;0.078
12746.3;0.159
12746.8;0.061
12747.3;0.058
12747.8;0.112
12748.3;0.083
12748.8;0.062
12749.3;0.164
12749.8;0.08
12750.3;0.242
12750.8;0.065
12751.3;0.11
12751.8;0.071
12752.3;0.086
12752.8;0.075
12753.3;0.072
12753.8;0.202
12754.3;0.124
12754.8;0.084
12755.3;0.158
12755.8;0.15
12756.3;0.049
12756.8;0.166
12757.3;0.061
12757.8;0.057
12758.3;0.173
12758.8;0.073
12759.3;0.17
12759.8;0.092
12760.3;0.115
12760.8;0.101
12761.3;0.154
12761.8;0.12
12762.3;0.139
12762.8;0.102
12763.3;0.179
12763.8;0.051
12764.3;0.108
12764.8;0.174
12765.3;0.051
12765.8;0.132
12766.3;0.094
12766.8;0.053
12767.3;0.133
12767.8;0.065
12768.3;0.044
12768.8;0.086
12769.3;0.096
12769.8;0.194
12770.3;0.067
12770.8;0.071
12771.3;0.085
12771.8;0.075
12772.3;0.155
12772.8;0.06
12773.3;0.126
12773.8;0.121
12774.3;0.082
12774.8;0.172
12775.3;0.051
12775.8;0.075
12776.3;0.108
12776.8;0.147
12777.3;0.1
12777.8;0.113
12778.3;0.051
12778.8;0.112
12779.3;0.066
12779.8;0.12
12780.3;0.042
12780.8;0.066
12781.3;0.088
12781.8;0.137
12782.3;0.017
12782.8;0.009
12783.3;0.139
12783.8;0.1
12784.3;0.241
12784.8;0.072
12785.3;0.155
12785.8;0.086
12786.3;0.065
12786.8;0.098
12787.3;0.057
12787.8;0.18
12788.3;0.076
12788.8;0.112
12789.3;0.056
12789.8;0.158
12790.3;0.018
12790.8;0.221
12791.3;0.088
12791.8;0.029
12792.3;0.114
12792.8;0.127
12793.3;0.019
12793.8;0.067
12794.3;0.104
12794.8;0.167
12795.3;0.042
12795.8;0.158
12796.3;0.226
12796.8;0.07
12797.3;0.035
12797.8;0.072
12798.3;0.061
12798.8;0.234
12799.3;0.11
12799.8;0.226
12800.3;0.08
12800.8;0.108
12801.3;0.059
12801.8;0.096
12802.3;0.128
12802.8;0.075
12803.3;0.063
12803.8;0.138
12804.3;0.062
12804.8;0.035
12805.3;0.139
12805.8;0.173
12806.3;0.033
12806.8;0.12
12807.3;0.016
12807.8;0.086
12808.3;0.064
12808.8;0.036
12809.3;0.148
12809.8;0.035
12810.3;0.102
12810.8;0.148
12811.3;0.092
12811.8;0.173
12812.3;0.118
12812.8;0.022
12813.3;0.032
12813.8;0.074
12814.3;0.088
12814.8;0.12
12815.3;0.141
12815.8;0.079
12816.3;0.03
12816.8;0.147
12817.3;0.173
12817.8;0.056
12818.3;0.095
12818.8;0.108
12819.3;0.088
12819.8;0.284
12820.3;0.078
12820.8;0.079
12821.3;0.097
12821.8;0.075
12822.3;0.126
12822.8;0.091
12823.3;0.055
12823.8;0.127
12824.3;0.01
12824.8;0.086
12825.3;0.093
12825.8;0.056
12826.3;0.165
12826.8;0.02
12827.3;0.078
12827.8;0.084
12828.3;0.06
12828.8;0.148
12829.3;0.272
12829.8;0.114
12830.3;0.067
12830.8;0.124
12831.3;0.057
12831.8;0.108
12832.3;0.074
12832.8;0.159
12833.3;0.051
12833.8;0.067
12834.3;0.111
12834.8;0.15
12835.3;0.116
12835.8;0.083
12836.3;0.043
12836.8;0.106
12837.3;0.151
12837.8;0.141
12838.3;0.085
12838.8;0.073
12839.3;0.046
12839.8;0.227
12840.3;0.109
12840.8;0.14
12841.3;0.07
12841.8;0.108
12842.3;0.327
12842.8;0.051
12843.3;0.064
12843.8;0.187
12844.3;0.069
12844.8;0.188
12845.3;0.122
12845.8;0.086
12846.3;0.019
12846.8;0.02
12847.3;0.034
12847.8;0.217
12848.3;0.102
12848.8;0.094
12849.3;0.037
12849.8;0.122
12850.3;0.173
12850.8;0.131
12851.3;0.173
12851.8;0.142
12852.3;0.065
12852.8;0.206
12853.3;0.159
12853.8;0.079
12854.3;0.024
12854.8;0.16
12855.3;0.072
12855.8;0.147
12856.3;0.09
12856.8;0.115
12857.3;0.064
12857.8;0.062
12858.3;0.171
12858.8;0.073
12859.3;0.07
12859.8;0.116
12860.3;0.062
12860.8;0.128
12861.3;0.098
12861.8;0.074
12862.3;0.056
12862.8;0.208
12863.3;0.101
12863.8;0.158
12864.3;0.055
12864.8;0.068
12865.3;0.078
12865.8;0.087
12866.3;0.191
12866.8;0.087
12867.3;0.059
12867.8;0.198
12868.3;0.141
12868.8;0.231
12869.3;0.082
12869.8;0.071
12870.3;0.168
12870.8;0.114
12871.3;0.051
12871.8;0.074
12872.3;0.122
12872.8;0.104
12873.3;0.122
12873.8;0.103
12874.3;0.086
12874.8;0.101
12875.3;0.039
12875.8;0.121
12876.3;0.059
12876.8;0.138
12877.3;0.201
12877.8;0.132
12878.3;0.151
12878.8;0.143
12879.3;0.074
12879.8;0.222
12880.3;0.133
12880.8;0.092
12881.3;0.12
12881.8;0.19
12882.3;0.117
12882.8;0.199
12883.3;0.065
12883.8;0.066
12884.3;0.109
12884.8;0.147
12885.3;0.156
12885.8;0.226
12886.3;0.1
12886.8;0.215
12887.3;0.081
12887.8;0.288
12888.3;0.022
12888.8;0.1
12889.3;0.122
12889.8;0.079
12890.3;0.156
12890.8;0.117
12891.3;0.245
12891.8;0.075
12892.3;0.131
12892.8;0.232
12893.3;0.055
12893.8;0.255
12894.3;0.055
12894.8;0.087
12895.3;0.066
12895.8;0.077
12896.3;0.148
12896.8;0.151
12897.3;0.161
12897.8;0.05
12898.3;0.162
12898.8;0.178
12899.3;0.079
12899.8;0.034
12900.3;0.075
12900.8;0.185
12901.3;0.056
12901.8;0.208
12902.3;0.021
12902.8;0.239
12903.3;0.118
12903.8;0.144
12904.3;0.366
12904.8;0.039
12905.3;0.205
12905.8;0.049
12906.3;0.121
12906.8;0.163
12907.3;0.136
12907.8;0.129
12908.3;0.173
12908.8;0.06
12909.3;0.194
12909.8;0.02
12910.3;0.16
12910.8;0.167
12911.3;0.04
12911.8;0.148
12912.3;0.179
12912.8;0.189
12913.3;0.136
12913.8;0.113
12914.3;0.139
12914.8;0.201
12915.3;0.099
12915.8;0.074
12916.3;0.096
12916.8;0.112
12917.3;0.139
12917.8;0.143
12918.3;0.219
12918.8;0.138
12919.3;0.283
12919.8;0.088
12920.3;0.172
12920.8;0.135
12921.3;0.068
12921.8;0.064
12922.3;0.17
12922.8;0.027
12923.3;0.122
12923.8;0.14
12924.3;0.082
12924.8;0.049
12925.3;0.132
12925.8;0.221
12926.3;0.099
12926.8;0.048
12927.3;0.07
12927.8;0.107
12928.3;0.327
12928.8;0.115
12929.3;0.26
12929.8;0.107
12930.3;0.265
12930.8;0.149
12931.3;0.109
12931.8;0.046
12932.3;0.058
12932.8;0.146
12933.3;0.174
12933.8;0.19
12934.3;0.184
12934.8;0.187
12935.3;0.179
12935.8;0.085
12936.3;0.042
12936.8;0.153
12937.3;0.086
12937.8;0.092
12938.3;0.178
12938.8;0.144
12939.3;0.158
12939.8;0.333
12940.3;0.237
12940.8;0.169
12941.3;0.122
12941.8;0.054
12942.3;0.078
12942.8;0.211
12943.3;0.141
12943.8;0.12
12944.3;0.209
12944.8;0.175
12945.3;0.145
12945.8;0.096
12946.3;0.253
12946.8;0.112
12947.3;0.139
12947.8;0.238
12948.3;0.331
12948.8;0.296
12949.3;0.133
12949.8;0.063
12950.3;0.189
12950.8;0.144
12951.3;0.157
12951.8;0.196
12952.3;0.105
12952.8;0.103
12953.3;0.131
12953.8;0.097
12954.3;0.082
12954.8;0.199
12955.3;0.054
12955.8;0.236
12956.3;0.115
12956.8;0.233
12957.3;0.157
12957.8;0.088
12958.3;0.112
12958.8;0.15
12959.3;0.291
12959.8;0.049
12960.3;0.212
12960.8;0.146
12961.3;0.132
12961.8;0.186
12962.3;0.078
12962.8;0.274
12963.3;0.131
12963.8;0.317
12964.3;0.154
12964.8;0.251
12965.3;0.087
12965.8;0.029
12966.3;0.073
12966.8;0.088
12967.3;0.048
12967.8;0.097
12968.3;0.141
12968.8;0.178
12969.3;0.146
12969.8;0.201
12970.3;0.098
12970.8;0.223
12971.3;0.228
12971.8;0.23
12972.3;0.067
12972.8;0.167
12973.3;0.214
12973.8;0.046
12974.3;0.133
12974.8;0.126
12975.3;0.097
12975.8;0.104
12976.3;0.079
12976.8;0.15
12977.3;0.126
12977.8;0.184
12978.3;0.102
12978.8;0.112
12979.3;0.251
12979.8;0.222
12980.3;0.179
12980.8;0.089
12981.3;0.172
12981.8;0.098
12982.3;0.216
12982.8;0.168
12983.3;0.184
12983.8;0.12
12984.3;0.085
12984.8;0.111
12985.3;0.053
12985.8;0.255
12986.3;0.091
12986.8;0.16
12987.3;0.324
12987.8;0.17
12988.3;0.187
12988.8;0.095
12989.3;0.141
12989.8;0.068
12990.3;0.306
12990.8;0.069
12991.3;0.16
12991.8;0.103
12992.3;0.157
12992.8;0.037
12993.3;0.147
12993.8;0.139
12994.3;0.031
12994.8;0.129
12995.3;0.089
12995.8;0.005
12996.3;0.211
12996.8;0.153
12997.3;0.079
12997.8;0.141
12998.3;0.241
12998.8;0.054
12999.3;0.045
12999.8;0.096
13000.3;0.033
13000.8;0.045
13001.3;0.146
13001.8;0.115
13002.3;0.07
13002.8;0.217
13003.3;0.285
13003.8;0.136
13004.3;0.064
13004.8;0.156
13005.3;0.033
13005.8;0.208
13006.3;0.158
13006.8;0.035
13007.3;0.057
13007.8;0.109
13008.3;0.241
13008.8;0.059
13009.3;0.074
13009.8;0.152
13010.3;0.174
13010.8;0.16
13011.3;0.046
13011.8;0.012
13012.3;0.252
13012.8;0.15
13013.3;0.039
13013.8;0.325
13014.3;0.157
13014.8;0.137
13015.3;0.106
13015.8;0.15
13016.3;0.157
13016.8;0.102
13017.3;0.101
13017.8;0.2
13018.3;0.079
13018.8;0.074
13019.3;0.179
13019.8;0.1
13020.3;0.146
13020.8;0.122
13021.3;0.148
13021.8;0.173
13022.3;0.207
13022.8;0.156
13023.3;0.068
13023.8;0.184
13024.3;0.125
13024.8;0.113
13025.3;0.225
13025.8;0.075
13026.3;0.119
13026.8;0.162
13027.3;0.137
13027.8;0.102
13028.3;0.192
13028.8;0.126
13029.3;0.084
13029.8;0.084
13030.3;0.163
13030.8;0.151
13031.3;0.14
13031.8;0.193
13032.3;0.047
13032.8;0.116
13033.3;0.146
13033.8;0.137
13034.3;0.008
13034.8;0.02
13035.3;0.045
13035.8;0.224
13036.3;0.247
13036.8;0.04
13037.3;0.154
13037.8;0.133
13038.3;0.077
13038.8;0.243
13039.3;0.052
13039.8;0.146
13040.3;0.061
13040.8;0.067
13041.3;0.225
13041.8;0.108
13042.3;0.166
13042.8;0.122
13043.3;0.073
13043.8;0.194
13044.3;0.185
13044.8;0.059
13045.3;0.052
13045.8;0.13
13046.3;0.036
13046.8;0.173
13047.3;0.082
13047.8;0.184
13048.3;0.147
13048.8;0.16
13049.3;0.155
13049.8;0.03
13050.3;0.174
13050.8;0.244
13051.3;0.124
13051.8;0.213
13052.3;0.171
13052.8;0.025
13053.3;0.078
13053.8;0.086
13054.3;0.039
13054.8;0.102
13055.3;0.127
13055.8;0.197
13056.3;0.08
13056.8;0.229
13057.3;0.143
13057.8;0.084
13058.3;0.243
13058.8;0.122
13059.3;0.211
13059.8;0.294
13060.3;0.147
13060.8;0.073
13061.3;0.192
13061.8;0.074
13062.3;0.081
13062.8;0.181
13063.3;0.058
13063.8;0.163
13064.3;0.156
13064.8;0.103
13065.3;0.153
13065.8;0.035
13066.3;0.239
13066.8;0.285
13067.3;0.167
13067.8;0.016
13068.3;0.067
13068.8;0.135
13069.3;0.287
13069.8;0.132
13070.3;0.156
13070.8;0.047
13071.3;0.178
13071.8;0.138
13072.3;0.099
13072.8;0.109
13073.3;0.022
13073.8;0.163
13074.3;0.282
13074.8;0.159
13075.3;0.214
13075.8;0.063
13076.3;0.338
13076.8;0.151
13077.3;0.048
13077.8;0.052
13078.3;0.187
13078.8;0.12
13079.3;0.183
13079.8;0.139
13080.3;0.099
13080.8;0.22
13081.3;0.22
13081.8;0.13
13082.3;0.161
13082.8;0.155
13083.3;0.095
13083.8;0.139
13084.3;0.21
13084.8;0.127
13085.3;0.156
13085.8;0.146
13086.3;0.261
13086.8;0.062
13087.3;0.124
13087.8;0.171
13088.3;0.075
13088.8;0.057
13089.3;0.124
13089.8;0.131
13090.3;0.086
13090.8;0.045
13091.3;0.2
13091.8;0.089
13092.3;0.095
13092.8;0.07
13093.3;0.111
13093.8;0.138
13094.3;0.115
13094.8;0.31
13095.3;0.181
13095.8;0.146
13096.3;0.081
13096.8;0.084
13097.3;0.105
13097.8;0.212
13098.3;0.029
13098.8;0.06
13099.3;0.107
13099.8;0.077
13100.3;0.075
13100.8;0.164
13101.3;0.089
13101.8;0.142
13102.3;0.121
13102.8;0.131
13103.3;0.058
13103.8;0.08
13104.3;0.092
13104.8;0.09
13105.3;0.137
13105.8;0.076
13106.3;0.109
13106.8;0.066
13107.3;0.05
13107.8;0.04
13108.3;0.05
13108.8;0.032
13109.3;0.005
13109.8;0.194
13110.3;0.013
13110.8;0.128
13111.3;0.158
13111.8;0.078
13112.3;0.103
13112.8;0.037
13113.3;0.09
13113.8;0.165
13114.3;0.109
13114.8;0.034
13115.3;0.093
13115.8;0.042
13116.3;0.084
13116.8;0.048
13117.3;0.105
13117.8;0.193
13118.3;0.062
13118.8;0.094
13119.3;0.125
13119.8;0.008
13120.3;0.259
13120.8;0.127
13121.3;0.051
13121.8;0.102
13122.3;0.052
13122.8;0.172
13123.3;0.108
13123.8;0.096
13124.3;0.132
13124.8;0.046
13125.3;0.157
13125.8;0.067
13126.3;0.063
13126.8;0.069
13127.3;0.028
13127.8;0.084
13128.3;0.162
13128.8;0.068
13129.3;0.163
13129.8;0.097
13130.3;0.006
13130.8;0.072
13131.3;0.156
13131.8;0.097
13132.3;0.165
13132.8;0.036
13133.3;0.038
13133.8;0.08
13134.3;0.127
13134.8;0.141
13135.3;0.047
13135.8;0.144
13136.3;0.068
13136.8;0.033
13137.3;0.081
13137.8;0.107
13138.3;0.125
13138.8;0.075
13139.3;0.151
13139.8;0.074
13140.3;0.137
13140.8;0.093
13141.3;0.074
13141.8;0.096
13142.3;0.031
13142.8;0.076
13143.3;0.051
13143.8;0.04
13144.3;0.096
13144.8;0.108
13145.3;0.139
13145.8;0.037
13146.3;0.01
13146.8;0.13
13147.3;0.103
13147.8;0.024
13148.3;0.074
13148.8;0.048
13149.3;0.109
13149.8;0.055
13150.3;0.123
13150.8;0.047
13151.3;0.156
13151.8;0.117
13152.3;0.115
13152.8;0.086
13153.3;0.133
13153.8;0.071
13154.3;0.099
13154.8;0.226
13155.3;0.066
13155.8;0.025
13156.3;0.024
13156.8;0.153
13157.3;0.095
13157.8;0.131
13158.3;0.091
13158.8;0.057
13159.3;0.022
13159.8;0.06
13160.3;0.087
13160.8;0.113
13161.3;0.146
13161.8;0.133
13162.3;0.104
13162.8;0.128
13163.3;0.079
13163.8;0.09
13164.3;0.165
13164.8;0.049
13165.3;0.094
13165.8;0.112
13166.3;0.039
13166.8;0.126
13167.3;0.081
13167.8;0.2
13168.3;0.114
13168.8;0.179
13169.3;0.144
13169.8;0.137
13170.3;0.029
13170.8;0.193
13171.3;0.132
13171.8;0.136
13172.3;0.099
13172.8;0.074
13173.3;0.232
13173.8;0.229
13174.3;0.097
13174.8;0.09
13175.3;0.097
13175.8;0.046
13176.3;0.081
13176.8;0.221
13177.3;0.087
13177.8;0.055
13178.3;0.234
13178.8;0.172
13179.3;0.16
13179.8;0.027
13180.3;0.151
13180.8;0.057
13181.3;0.113
13181.8;0.227
13182.3;0.08
13182.8;0.13
13183.3;0.073
13183.8;0.061
13184.3;0.115
13184.8;0.156
13185.3;0.068
13185.8;0.066
13186.3;0.005
13186.8;0.104
13187.3;0.098
13187.8;0.109
13188.3;0.185
13188.8;0.045
13189.3;0.066
13189.8;0.165
13190.3;0.064
13190.8;0.136
13191.3;0.161
13191.8;0.058
13192.3;0.096
13192.8;0.139
13193.3;0.106
13193.8;0.154
13194.3;0.056
13194.8;0.183
13195.3;0.097
13195.8;0.118
13196.3;0.122
13196.8;0.086
13197.3;0.129
13197.8;0.149
13198.3;0.035
13198.8;0.081
13199.3;0.128
13199.8;0.102
13200.3;0.118
13200.8;0.12
13201.3;0.088
13201.8;0.133
13202.3;0.08
13202.8;0.134
13203.3;0.043
13203.8;0.245
13204.3;0.098
13204.8;0.044
13205.3;0.15
13205.8;0.122
13206.3;0.164
13206.8;0.097
13207.3;0.261
13207.8;0.087
13208.3;0.104
13208.8;0.133
13209.3;0.061
13209.8;0.098
13210.3;0.082
13210.8;0.164
13211.3;0.126
13211.8;0.123
13212.3;0.119
13212.8;0.049
13213.3;0.137
13213.8;0.116
13214.3;0.051
13214.8;0.155
13215.3;0.153
13215.8;0.06
13216.3;0.127
13216.8;0.073
13217.3;0.116
13217.8;0.038
13218.3;0.116
13218.8;0.045
13219.3;0.048
13219.8;0.073
13220.3;0.058
13220.8;0.06
13221.3;0.074
13221.8;0.105
13222.3;0.081
13222.8;0.027
13223.3;0.095
13223.8;0.009
13224.3;0.07
13224.8;0.032
13225.3;0.102
13225.8;0.079
13226.3;0.098
13226.8;0.085
13227.3;0.107
13227.8;0.084
13228.3;0.068
13228.8;0.034
13229.3;0.097
13229.8;0.048
13230.3;0.042
13230.8;0.103
13231.3;0.029
13231.8;0.049
13232.3;0.039
13232.8;0.102
13233.3;0.083
13233.8;0.065
13234.3;0.008
13234.8;0.097
13235.3;0.068
13235.8;0.048
13236.3;0.133
13236.8;0.085
13237.3;0.128
13237.8;0.013
13238.3;0.143
13238.8;0.12
13239.3;0.029
13239.8;0.085
13240.3;0.148
13240.8;0.123
13241.3;0.082
13241.8;0.104
13242.3;0.043
13242.8;0.135
13243.3;0.066
13243.8;0.07
13244.3;0.106
13244.8;0.06
13245.3;0.057
13245.8;0.141
13246.3;0.041
13246.8;0.06
13247.3;0.064
13247.8;0.088
13248.3;0.079
13248.8;0.108
13249.3;0.122
13249.8;0.144
13250.3;0.064
13250.8;0.09
13251.3;0.045
13251.8;0.1
13252.3;0.114
13252.8;0.038
13253.3;0.104
13253.8;0.087
13254.3;0.033
13254.8;0.19
13255.3;0.051
13255.8;0.044
13256.3;0.097
13256.8;0.136
13257.3;0.139
13257.8;0.108
13258.3;0.042
13258.8;0.071
13259.3;0.043
13259.8;0.119
13260.3;0.175
13260.8;0.222
13261.3;0.041
13261.8;0.067
13262.3;0.114
13262.8;0.174
13263.3;0.106
13263.8;0.277
13264.3;0.027
13264.8;0.151
13265.3;0.148
13265.8;0.102
13266.3;0.035
13266.8;0.056
13267.3;0.113
13267.8;0.103
13268.3;0.164
13268.8;0.152
13269.3;0.113
13269.8;0.13
13270.3;0.099
13270.8;0.193
13271.3;0.097
13271.8;0.23
13272.3;0.104
13272.8;0.13
13273.3;0.118
13273.8;0.028
13274.3;0.146
13274.8;0.084
13275.3;0.014
13275.8;0.097
13276.3;0.034
13276.8;0.119
13277.3;0.067
13277.8;0.173
13278.3;0.214
13278.8;0.157
13279.3;0.254
13279.8;0.104
13280.3;0.019
13280.8;0.098
13281.3;0.13
13281.8;0.068
13282.3;0.122
13282.8;0.232
13283.3;0.071
13283.8;0.187
13284.3;0.062
13284.8;0.131
13285.3;0.07
13285.8;0.117
13286.3;0.222
13286.8;0.077
13287.3;0.134
13287.8;0.061
13288.3;0.081
13288.8;0.193
13289.3;0.127
13289.8;0.178
13290.3;0.063
13290.8;0.023
13291.3;0.175
13291.8;0.031
13292.3;0.098
13292.8;0.167
13293.3;0.151
13293.8;0.092
13294.3;0.112
13294.8;0.06
13295.3;0.063
13295.8;0.066
13296.3;0.064
13296.8;0.17
13297.3;0.118
13297.8;0.105
13298.3;0.08
13298.8;0.046
13299.3;0.097
13299.8;0.023
13300.3;0.147
13300.8;0.143
13301.3;0.091
13301.8;0.109
13302.3;0.121
13302.8;0.058
13303.3;0.242
13303.8;0.072
13304.3;0.02
13304.8;0.096
13305.3;0.048
13305.8;0.205
13306.3;0.095
13306.8;0.157
13307.3;0.055
13307.8;0.257
13308.3;0.122
13308.8;0.111
13309.3;0.074
13309.8;0.076
13310.3;0.047
13310.8;0.177
13311.3;0.171
13311.8;0.125
13312.3;0.138
13312.8;0.16
13313.3;0.086
13313.8;0.104
13314.3;0.059
13314.8;0.099
13315.3;0.069
13315.8;0.115
13316.3;0.162
13316.8;0.141
13317.3;0.059
13317.8;0.118
13318.3;0.087
13318.8;0.092
13319.3;0.092
13319.8;0.033
13320.3;0.043
13320.8;0.055
13321.3;0.09
13321.8;0.112
13322.3;0.122
13322.8;0.188
13323.3;0.044
13323.8;0.06
13324.3;0.095
13324.8;0.029
13325.3;0.107
13325.8;0.115
13326.3;0.025
13326.8;0.081
13327.3;0.161
13327.8;0.119
13328.3;0.057
13328.8;0.036
13329.3;0.045
13329.8;0.057
13330.3;0.076
13330.8;0.09
13331.3;0.018
13331.8;0.143
13332.3;0.033
13332.8;0.175
13333.3;0.045
13333.8;0.1
13334.3;0.026
13334.8;0.044
13335.3;0.082
13335.8;0.145
13336.3;0.113
13336.8;0.085
13337.3;0.114
13337.8;0.035
13338.3;0.043
13338.8;0.098
13339.3;0.076
13339.8;0.111
13340.3;0.033
13340.8;0.03
13341.3;0.018
13341.8;0.028
13342.3;0.04
13342.8;0.113
13343.3;0.056
13343.8;0.084
13344.3;0.084
13344.8;0.188
13345.3;0.16
13345.8;0.191
13346.3;0.07
13346.8;0.186
13347.3;0.086
13347.8;0.101
13348.3;0.047
13348.8;0.028
13349.3;0.08
13349.8;0.096
13350.3;0.096
13350.8;0.072
13351.3;0.124
13351.8;0.126
13352.3;0.161
13352.8;0.036
13353.3;0.039
13353.8;0.032
13354.3;0.041
13354.8;0.094
13355.3;0.032
13355.8;0.089
13356.3;0.034
13356.8;0.166
13357.3;0.054
13357.8;0.082
13358.3;0.087
13358.8;0.06
13359.3;0.046
13359.8;0.134
13360.3;0.058
13360.8;0.158
13361.3;0.115
13361.8;0.102
13362.3;0.015
13362.8;0.08
13363.3;0.044
13363.8;0.113
13364.3;0.17
13364.8;0.063
13365.3;0.082
13365.8;0.102
13366.3;0.153
13366.8;0.061
13367.3;0.153
13367.8;0.079
13368.3;0.125
13368.8;0.113
13369.3;0.093
13369.8;0.097
13370.3;0.089
13370.8;0.131
13371.3;0.104
13371.8;0.107
13372.3;0.164
13372.8;0.185
13373.3;0.111
13373.8;0.104
13374.3;0.191
13374.8;0.06
13375.3;0.156
13375.8;0.178
13376.3;0.098
13376.8;0.097
13377.3;0.022
13377.8;0.058
13378.3;0.144
13378.8;0.119
13379.3;0.19
13379.8;0.086
13380.3;0.043
13380.8;0.104
13381.3;0.172
13381.8;0.124
13382.3;0.142
13382.8;0.029
13383.3;0.076
13383.8;0.059
13384.3;0.215
13384.8;0.167
13385.3;0.181
13385.8;0.048
13386.3;0.04
13386.8;0.099
13387.3;0.168
13387.8;0.209
13388.3;0.121
13388.8;0.168
13389.3;0.075
13389.8;0.118
13390.3;0.077
13390.8;0.081
13391.3;0.135
13391.8;0.036
13392.3;0.188
13392.8;0.163
13393.3;0.05
13393.8;0.09
13394.3;0.056
13394.8;0.229
13395.3;0.092
13395.8;0.118
13396.3;0.042
13396.8;0.193
13397.3;0.069
13397.8;0.077
13398.3;0.091
13398.8;0.083
13399.3;0.21
13399.8;0.062
13400.3;0.048
13400.8;0.107
13401.3;0.112
13401.8;0.173
13402.3;0.12
13402.8;0.11
13403.3;0.054
13403.8;0.152
13404.3;0.086
13404.8;0.06
13405.3;0.092
13405.8;0.19
13406.3;0.08
13406.8;0.044
13407.3;0.084
13407.8;0.086
13408.3;0.051
13408.8;0.111
13409.3;0.097
13409.8;0.241
13410.3;0.083
13410.8;0.08
13411.3;0.129
13411.8;0.078
13412.3;0.029
13412.8;0.067
13413.3;0.124
13413.8;0.072
13414.3;0.086
13414.8;0.171
13415.3;0.071
13415.8;0.106
13416.3;0.042
13416.8;0.064
13417.3;0.033
13417.8;0.124
13418.3;0.06
13418.8;0.055
13419.3;0.099
13419.8;0.061
13420.3;0.074
13420.8;0.062
13421.3;0.139
13421.8;0.07
13422.3;0.033
13422.8;0.093
13423.3;0.099
13423.8;0.046
13424.3;0.109
13424.8;0.04
13425.3;0.076
13425.8;0.08
13426.3;0.083
13426.8;0.155
13427.3;0.19
13427.8;0.057
13428.3;0.051
13428.8;0.082
13429.3;0.163
13429.8;0.073
13430.3;0.136
13430.8;0.083
13431.3;0.059
13431.8;0.099
13432.3;0.132
13432.8;0.132
13433.3;0.079
13433.8;0.062
13434.3;0.024
13434.8;0.177
13435.3;0.073
13435.8;0.134
13436.3;0.155
13436.8;0.067
13437.3;0.083
13437.8;0.044
13438.3;0.074
13438.8;0.168
13439.3;0.189
13439.8;0.098
13440.3;0.101
13440.8;0.146
13441.3;0.102
13441.8;0.057
13442.3;0.102
13442.8;0.073
13443.3;0.037
13443.8;0.169
13444.3;0.087
13444.8;0.012
13445.3;0.059
13445.8;0.081
13446.3;0.094
13446.8;0.106
13447.3;0.049
13447.8;0.134
13448.3;0.065
13448.8;0.206
13449.3;0.116
13449.8;0.092
13450.3;0.155
13450.8;0.081
13451.3;0.062
13451.8;0.051
13452.3;0.042
13452.8;0.029
13453.3;0.056
13453.8;0.121
13454.3;0.131
13454.8;0.099
13455.3;0.11
13455.8;0.232
13456.3;0.097
13456.8;0.128
13457.3;0.075
13457.8;0.111
13458.3;0.135
13458.8;0.102
13459.3;0.159
13459.8;0.127
13460.3;0.046
13460.8;0.123
13461.3;0.105
13461.8;0.088
13462.3;0.089
13462.8;0.014
13463.3;0.044
13463.8;0.086
13464.3;0.047
13464.8;0.14
13465.3;0.038
13465.8;0.11
13466.3;0.109
13466.8;0.028
13467.3;0.063
13467.8;0.058
13468.3;0.104
13468.8;0.117
13469.3;0.053
13469.8;0.105
13470.3;0.098
13470.8;0.086
13471.3;0.089
13471.8;0.037
13472.3;0.073
13472.8;0.02
13473.3;0.075
13473.8;0.073
13474.3;0.043
13474.8;0.069
13475.3;0.084
13475.8;0.038
13476.3;0.084
13476.8;0.082
13477.3;0.065
13477.8;0.118
13478.3;0.079
13478.8;0.055
13479.3;0.098
13479.8;0.056
13480.3;0.075
13480.8;0.015
13481.3;0.071
13481.8;0.133
13482.3;0.143
13482.8;0.108
13483.3;0.156
13483.8;0.069
13484.3;0.024
13484.8;0.115
13485.3;0.042
13485.8;0.072
13486.3;0.063
13486.8;0.128
13487.3;0.039
13487.8;0.119
13488.3;0.072
13488.8;0.017
13489.3;0.048
13489.8;0.056
13490.3;0.076
13490.8;0.118
13491.3;0.019
13491.8;0.022
13492.3;0.135
13492.8;0.087
13493.3;0.056
13493.8;0.094
13494.3;0.064
13494.8;0.035
13495.3;0.042
13495.8;0.06
13496.3;0.007
13496.8;0.055
13497.3;0.088
13497.8;0.119
13498.3;0.052
13498.8;0.045
13499.3;0.117
13499.8;0.027
13500.3;0.074
13500.8;0.051
13501.3;0.076
13501.8;0.034
13502.3;0.079
13502.8;0.055
13503.3;0.047
13503.8;0.094
13504.3;0.063
13504.8;0.105
13505.3;0.032
13505.8;0.034
13506.3;0.039
13506.8;0.076
13507.3;0.101
13507.8;0.048
13508.3;0.051
13508.8;0.044
13509.3;0.074
13509.8;0.094
13510.3;0.114
13510.8;0.115
13511.3;0.036
13511.8;0.015
13512.3;0.066
13512.8;0.07
13513.3;0.071
13513.8;0.061
13514.3;0.072
13514.8;0.082
13515.3;0.097
13515.8;0.047
13516.3;0.095
13516.8;0.048
13517.3;0.085
13517.8;0.059
13518.3;0.04
13518.8;0.084
13519.3;0.022
13519.8;0.045
13520.3;0.069
13520.8;0.15
13521.3;0.015
13521.8;0.159
13522.3;0.069
13522.8;0.042
13523.3;0.059
13523.8;0.044
13524.3;0.07
13524.8;0.035
13525.3;0.039
13525.8;0.009
13526.3;0.097
13526.8;0.064
13527.3;0.015
13527.8;0.115
13528.3;0.107
13528.8;0.068
13529.3;0.108
13529.8;0.107
13530.3;0.016
13530.8;0.055
13531.3;0.129
13531.8;0.062
13532.3;0.057
13532.8;0.062
13533.3;0.111
13533.8;0.158
13534.3;0.045
13534.8;0.114
13535.3;0.037
13535.8;0.197
13536.3;0.089
13536.8;0.075
13537.3;0.114
13537.8;0.076
13538.3;0.061
13538.8;0.022
13539.3;0.029
13539.8;0.072
13540.3;0.19
13540.8;0.121
13541.3;0.136
13541.8;0.061
13542.3;0.045
13542.8;0.161
13543.3;0.091
13543.8;0.03
13544.3;0.122
13544.8;0.045
13545.3;0.078
13545.8;0.04
13546.3;0.118
13546.8;0.049
13547.3;0.112
13547.8;0.084
13548.3;0.118
13548.8;0.053
13549.3;0.069
13549.8;0.041
13550.3;0.115
13550.8;0.138
13551.3;0.072
13551.8;0.054
13552.3;0.051
13552.8;0.113
13553.3;0.177
13553.8;0.06
13554.3;0.096
13554.8;0.114
13555.3;0.055
13555.8;0.109
13556.3;0.099
13556.8;0.038
13557.3;0.075
13557.8;0.034
13558.3;0.041
13558.8;0.152
13559.3;0.003
13559.8;0.187
13560.3;0.029
13560.8;0.169
13561.3;0.055
13561.8;0.053
13562.3;0.082
13562.8;0.032
13563.3;0.016
13563.8;0.176
13564.3;0.016
13564.8;0.065
13565.3;0.115
13565.8;0.034
13566.3;0.076
13566.8;0.24
13567.3;0.091
13567.8;0.15
13568.3;0.111
13568.8;0.043
13569.3;0.094
13569.8;0.09
13570.3;0.048
13570.8;0.045
13571.3;0.026
13571.8;0.127
13572.3;0.051
13572.8;0.064
13573.3;0.064
13573.8;0.043
13574.3;0.082
13574.8;0.093
13575.3;0.074
13575.8;0.104
13576.3;0.04
13576.8;0.038
13577.3;0.055
13577.8;0.108
13578.3;0.061
13578.8;0.077
13579.3;0.026
13579.8;0.031
13580.3;0.054
13580.8;0.1
13581.3;0.072
13581.8;0.088
13582.3;0.131
13582.8;0.056
13583.3;0.073
13583.8;0.068
13584.3;0.026
13584.8;0.087
13585.3;0.024
13585.8;0.059
13586.3;0.107
13586.8;0.123
13587.3;0.101
13587.8;0.096
13588.3;0.1
13588.8;0.147
13589.3;0.016
13589.8;0.056
13590.3;0.053
13590.8;0.033
13591.3;0.048
13591.8;0.059
13592.3;0.037
13592.8;0.039
13593.3;0.03
13593.8;0.098
13594.3;0.076
13594.8;0.034
13595.3;0.056
13595.8;0.052
13596.3;0.117
13596.8;0.05
13597.3;0.077
13597.8;0.061
13598.3;0.068
13598.8;0.045
13599.3;0.15
13599.8;0.077
13600.3;0.08
13600.8;0.042
13601.3;0.051
13601.8;0.078
13602.3;0.005
13602.8;0.05
13603.3;0.112
13603.8;0.057
13604.3;0.086
13604.8;0.081
13605.3;0.011
13605.8;0.032
13606.3;0.034
13606.8;0.039
13607.3;0.091
13607.8;0.057
13608.3;0.104
13608.8;0.054
13609.3;0.088
13609.8;0.037
13610.3;0.044
13610.8;0.074
13611.3;0.094
13611.8;0.076
13612.3;0.1
13612.8;0.016
13613.3;0.049
13613.8;0.04
13614.3;0.091
13614.8;0.047
13615.3;0.095
13615.8;0.08
13616.3;0.018
13616.8;0.065
13617.3;0.044
13617.8;0.077
13618.3;0.046
13618.8;0.115
13619.3;0.011
13619.8;0.055
13620.3;0.101
13620.8;0.067
13621.3;0.056
13621.8;0.124
13622.3;0.072
13622.8;0.009
13623.3;0.063
13623.8;0.015
13624.3;0.042
13624.8;0.028
13625.3;0.064
13625.8;0.066
13626.3;0.026
13626.8;0.09
13627.3;0.095
13627.8;0.06
13628.3;0.061
13628.8;0.018
13629.3;0.032
13629.8;0.182
13630.3;0.071
13630.8;0.121
13631.3;0.086
13631.8;0.054
13632.3;0.053
13632.8;0.081
13633.3;0.074
13633.8;0.055
13634.3;0.037
13634.8;0.066
13635.3;0.034
13635.8;0.102
13636.3;0.047
13636.8;0.125
13637.3;0.1
13637.8;0.08
13638.3;0.093
13638.8;0.057
13639.3;0.07
13639.8;0.022
13640.3;0.048
13640.8;0.072
13641.3;0.149
13641.8;0.092
13642.3;0.051
13642.8;0.048
13643.3;0.093
13643.8;0.042
13644.3;0.023
13644.8;0.043
13645.3;0.04
13645.8;0.147
13646.3;0.041
13646.8;0.052
13647.3;0.079
13647.8;0.09
13648.3;0.055
13648.8;0.091
13649.3;0.073
13649.8;0.073
13650.3;0.022
13650.8;0.039
13651.3;0.048
13651.8;0.067
13652.3;0.067
13652.8;0.029
13653.3;0.086
13653.8;0.082
13654.3;0.037
13654.8;0.166
13655.3;0.091
13655.8;0.057
13656.3;0.088
13656.8;0.026
13657.3;0.042
13657.8;0.049
13658.3;0.154
13658.8;0.069
13659.3;0.06
13659.8;0.073
13660.3;0.061
13660.8;0.057
13661.3;0.068
13661.8;0.047
13662.3;0.059
13662.8;0.039
13663.3;0.061
13663.8;0.057
13664.3;0.106
13664.8;0.021
13665.3;0.028
13665.8;0.036
13666.3;0.055
13666.8;0.034
13667.3;0.06
13667.8;0.037
13668.3;0.098
13668.8;0.091
13669.3;0.084
13669.8;0.042
13670.3;0.019
13670.8;0.091
13671.3;0.081
13671.8;0.115
13672.3;0.087
13672.8;0.093
13673.3;0.039
13673.8;0.07
13674.3;0.09
13674.8;0.052
13675.3;0.065
13675.8;0.104
13676.3;0.084
13676.8;0.06
13677.3;0.076
13677.8;0.083
13678.3;0.074
13678.8;0.072
13679.3;0.032
13679.8;0.092
13680.3;0.045
13680.8;0.075
13681.3;0.035
13681.8;0.057
13682.3;0.084
13682.8;0.058
13683.3;0.004
13683.8;0.022
13684.3;0.037
13684.8;0.127
13685.3;0.068
13685.8;0.047
13686.3;0.024
13686.8;0.096
13687.3;0.112
13687.8;0.055
13688.3;0.095
13688.8;0.025
13689.3;0.03
13689.8;0.012
13690.3;0.112
13690.8;0.035
13691.3;0.134
13691.8;0.158
13692.3;0.05
13692.8;0.107
13693.3;0.083
13693.8;0.07
13694.3;0.071
13694.8;0.105
13695.3;0.028
13695.8;0.047
13696.3;0.05
13696.8;0.152
13697.3;0.049
13697.8;0.019
13698.3;0.031
13698.8;0.063
13699.3;0.067
13699.8;0.048
13700.3;0.097
13700.8;0.048
13701.3;0.061
13701.8;0.017
13702.3;0.169
13702.8;0.13
13703.3;0.003
13703.8;0.056
13704.3;0.005
13704.8;0.05
13705.3;0.076
13705.8;0.006
13706.3;0.027
13706.8;0.047
13707.3;0.08
13707.8;0.013
13708.3;0.041
13708.8;0.013
13709.3;0.008
13709.8;0.172
13710.3;0.014
13710.8;0.055
13711.3;0.075
13711.8;0.056
13712.3;0.063
13712.8;0.081
13713.3;0.03
13713.8;0.051
13714.3;0.014
13714.8;0.066
13715.3;0.063
13715.8;0.036
13716.3;0.064
13716.8;0.064
13717.3;0.07
13717.8;0.081
13718.3;0.047
13718.8;0.137
13719.3;0.032
13719.8;0.13
13720.3;0.067
13720.8;0.001
13721.3;0.073
13721.8;0.011
13722.3;0.059
13722.8;0.028
13723.3;0.11
13723.8;0.052
13724.3;0.102
13724.8;0.066
13725.3;0.046
13725.8;0.019
13726.3;0.045
13726.8;0.069
13727.3;0.01
13727.8;0.06
13728.3;0.069
13728.8;0.121
13729.3;0.117
13729.8;0.093
13730.3;0.039
13730.8;0.072
13731.3;0.08
13731.8;0.089
13732.3;0.057
13732.8;0.064
13733.3;0.102
13733.8;0.007
13734.3;0.01
13734.8;0.029
13735.3;0.046
13735.8;0.031
13736.3;0.052
13736.8;0.103
13737.3;0.128
13737.8;0.123
13738.3;0.059
13738.8;0.068
13739.3;0.056
13739.8;0.061
13740.3;0.038
13740.8;0.126
13741.3;0.083
13741.8;0.031
13742.3;0.037
13742.8;0.014
13743.3;0.01
13743.8;0.029
13744.3;0.036
13744.8;0.059
13745.3;0.036
13745.8;0.13
13746.3;0.011
13746.8;0.091
13747.3;0.081
13747.8;0.139
13748.3;0.16
13748.8;0.054
13749.3;0.009
13749.8;0.047
13750.3;0.064
13750.8;0.059
13751.3;0.043
13751.8;0.085
13752.3;0.088
13752.8;0.079
13753.3;0.045
13753.8;0.131
13754.3;0.065
13754.8;0.063
13755.3;0.157
13755.8;0.099
13756.3;0.06
13756.8;0.055
13757.3;0.038
13757.8;0.039
13758.3;0.071
13758.8;0.06
13759.3;0.025
13759.8;0.05
13760.3;0.079
13760.8;0.1
13761.3;0.045
13761.8;0.017
13762.3;0.005
13762.8;0.028
13763.3;0.055
13763.8;0.073
13764.3;0.098
13764.8;0.145
13765.3;0.072
13765.8;0.025
13766.3;0.06
13766.8;0.081
13767.3;0.043
13767.8;0.041
13768.3;0.102
13768.8;0.119
13769.3;0.101
13769.8;0.107
13770.3;0.097
13770.8;0.062
13771.3;0.096
13771.8;0.097
13772.3;0.049
13772.8;0.179
13773.3;0.009
13773.8;0.068
13774.3;0.088
13774.8;0.05
13775.3;0.137
13775.8;0.049
13776.3;0.101
13776.8;0.061
13777.3;0.126
13777.8;0.057
13778.3;0.066
13778.8;0.056
13779.3;0.055
13779.8;0.12
13780.3;0.118
13780.8;0.11
13781.3;0.061
13781.8;0.074
13782.3;0.083
13782.8;0.055
13783.3;0.132
13783.8;0.05
13784.3;0.054
13784.8;0.057
13785.3;0.072
13785.8;0.071
13786.3;0.147
13786.8;0.102
13787.3;0.113
13787.8;0.163
13788.3;0.105
13788.8;0.071
13789.3;0.068
13789.8;0.073
13790.3;0.041
13790.8;0.129
13791.3;0.14
13791.8;0.026
13792.3;0.064
13792.8;0.041
13793.3;0.053
13793.8;0.142
13794.3;0.157
13794.8;0.032
13795.3;0.148
13795.8;0.098
13796.3;0.019
13796.8;0.01
13797.3;0.032
13797.8;0.064
13798.3;0.09
13798.8;0.143
13799.3;0.092
13799.8;0.004
13800.3;0.022
13800.8;0.062
13801.3;0.062
13801.8;0.134
13802.3;0.081
13802.8;0.059
13803.3;0.117
13803.8;0.071
13804.3;0.118
13804.8;0.049
13805.3;0.15
13805.8;0.075
13806.3;0.064
13806.8;0.174
13807.3;0.067
13807.8;0.029
13808.3;0.016
13808.8;0.042
13809.3;0.108
13809.8;0.037
13810.3;0.093
13810.8;0.034
13811.3;0.077
13811.8;0.123
13812.3;0.111
13812.8;0.054
13813.3;0.088
13813.8;0.05
13814.3;0.033
13814.8;0.066
13815.3;0.034
13815.8;0.054
13816.3;0.13
13816.8;0.006
13817.3;0.054
13817.8;0.115
13818.3;0.087
13818.8;0.06
13819.3;0.061
13819.8;0.144
13820.3;0.087
13820.8;0.097
13821.3;0.14
13821.8;0.078
13822.3;0.073
13822.8;0.044
13823.3;0.122
13823.8;0.104
13824.3;0.109
13824.8;0.032
13825.3;0.093
13825.8;0.044
13826.3;0.09
13826.8;0.09
13827.3;0.081
13827.8;0.071
13828.3;0.135
13828.8;0.141
13829.3;0.077
13829.8;0.089
13830.3;0.072
13830.8;0.048
13831.3;0.107
13831.8;0.142
13832.3;0.04
13832.8;0.061
13833.3;0.083
13833.8;0.075
13834.3;0.081
13834.8;0.128
13835.3;0.11
13835.8;0.068
13836.3;0.013
13836.8;0.119
13837.3;0.142
13837.8;0.077
13838.3;0.041
13838.8;0.086
13839.3;0.115
13839.8;0.145
13840.3;0.121
13840.8;0.018
13841.3;0.012
13841.8;0.045
13842.3;0.04
13842.8;0.086
13843.3;0.059
13843.8;0.074
13844.3;0.036
13844.8;0.133
13845.3;0.053
13845.8;0.102
13846.3;0.112
13846.8;0.039
13847.3;0.091
13847.8;0.142
13848.3;0.06
13848.8;0.038
13849.3;0.132
13849.8;0.01
13850.3;0.061
13850.8;0.119
13851.3;0.103
13851.8;0.147
13852.3;0.069
13852.8;0.043
13853.3;0.062
13853.8;0.009
13854.3;0.161
13854.8;0.12
13855.3;0.089
13855.8;0.152
13856.3;0.106
13856.8;0.074
13857.3;0.031
13857.8;0.021
13858.3;0.153
13858.8;0.14
13859.3;0.065
13859.8;0.03
13860.3;0.094
13860.8;0.048
13861.3;0.121
13861.8;0.14
13862.3;0.063
13862.8;0.072
13863.3;0.109
13863.8;0.086
13864.3;0.1
13864.8;0.114
13865.3;0.114
13865.8;0.057
13866.3;0.137
13866.8;0.081
13867.3;0.045
13867.8;0.12
13868.3;0.076
13868.8;0.039
13869.3;0.16
13869.8;0.11
13870.3;0.048
13870.8;0.067
13871.3;0.028
13871.8;0.036
13872.3;0.063
13872.8;0.018
13873.3;0.058
13873.8;0.094
13874.3;0.087
13874.8;0.052
13875.3;0.044
13875.8;0.046
13876.3;0.021
13876.8;0.033
13877.3;0.175
13877.8;0.122
13878.3;0.069
13878.8;0.087
13879.3;0.08
13879.8;0.084
13880.3;0.037
13880.8;0.101
13881.3;0.019
13881.8;0.089
13882.3;0.086
13882.8;0.086
13883.3;0.053
13883.8;0.043
13884.3;0.123
13884.8;0.037
13885.3;0.071
13885.8;0.087
13886.3;0.064
13886.8;0.096
13887.3;0.061
13887.8;0.053
13888.3;0.097
13888.8;0.041
13889.3;0.112
13889.8;0.074
13890.3;0.196
13890.8;0.039
13891.3;0.08
13891.8;0.087
13892.3;0.062
13892.8;0.105
13893.3;0.056
13893.8;0.008
13894.3;0.101
13894.8;0.069
13895.3;0.044
13895.8;0.022
13896.3;0.128
13896.8;0.073
13897.3;0.027
13897.8;0.084
13898.3;0.138
13898.8;0.064
13899.3;0.131
13899.8;0.09
13900.3;0.034
13900.8;0.092
13901.3;0.062
13901.8;0.027
13902.3;0.054
13902.8;0.058
13903.3;0.05
13903.8;0.07
13904.3;0.087
13904.8;0.101
13905.3;0.071
13905.8;0.062
13906.3;0.049
13906.8;0.036
13907.3;0.117
13907.8;0.09
13908.3;0.127
13908.8;0.071
13909.3;0.021
13909.8;0.079
13910.3;0.131
13910.8;0.024
13911.3;0.057
13911.8;0.05
13912.3;0.076
13912.8;0.08
13913.3;0.027
13913.8;0.129
13914.3;0.055
13914.8;0.083
13915.3;0.084
13915.8;0.066
13916.3;0.061
13916.8;0.097
13917.3;0.059
13917.8;0.087
13918.3;0.07
13918.8;0.081
13919.3;0.04
13919.8;0.022
13920.3;0.12
13920.8;0.13
13921.3;0.042
13921.8;0.103
13922.3;0.049
13922.8;0.03
13923.3;0.113
13923.8;0.087
13924.3;0.056
13924.8;0.08
13925.3;0.004
13925.8;0.078
13926.3;0.162
13926.8;0.02
13927.3;0.039
13927.8;0.016
13928.3;0.101
13928.8;0.066
13929.3;0.07
13929.8;0.039
13930.3;0.024
13930.8;0.087
13931.3;0.138
13931.8;0.072
13932.3;0.086
13932.8;0.09
13933.3;0.106
13933.8;0.06
13934.3;0.086
13934.8;0.032
13935.3;0.101
13935.8;0.054
13936.3;0.101
13936.8;0.028
13937.3;0.095
13937.8;0.035
13938.3;0.025
13938.8;0.057
13939.3;0.063
13939.8;0.026
13940.3;0.109
13940.8;0.083
13941.3;0.121
13941.8;0.108
13942.3;0.056
13942.8;0.061
13943.3;0.083
13943.8;0.078
13944.3;0.108
13944.8;0.065
13945.3;0.093
13945.8;0.073
13946.3;0.073
13946.8;0.092
13947.3;0.093
13947.8;0.064
13948.3;0.087
13948.8;0.024
13949.3;0.03
13949.8;0.043
13950.3;0.033
13950.8;0.067
13951.3;0.075
13951.8;0.07
13952.3;0.123
13952.8;0.144
13953.3;0.108
13953.8;0.092
13954.3;0.073
13954.8;0.045
13955.3;0.069
13955.8;0.06
13956.3;0.101
13956.8;0.052
13957.3;0.082
13957.8;0.075
13958.3;0.036
13958.8;0.083
13959.3;0.062
13959.8;0.045
13960.3;0.072
13960.8;0.046
13961.3;0.13
13961.8;0.048
13962.3;0.076
13962.8;0.033
13963.3;0.067
13963.8;0.044
13964.3;0.026
13964.8;0.062
13965.3;0.029
13965.8;0.049
13966.3;0.105
13966.8;0.128
13967.3;0.125
13967.8;0.05
13968.3;0.055
13968.8;0.047
13969.3;0.13
13969.8;0.077
13970.3;0.129
13970.8;0.047
13971.3;0.099
13971.8;0.032
13972.3;0.077
13972.8;0.056
13973.3;0.043
13973.8;0.044
13974.3;0.094
13974.8;0.094
13975.3;0.116
13975.8;0.058
13976.3;0.039
13976.8;0.086
13977.3;0.145
13977.8;0.026
13978.3;0.106
13978.8;0.054
13979.3;0.06
13979.8;0.089
13980.3;0.045
13980.8;0.093
13981.3;0.111
13981.8;0.062
13982.3;0.072
13982.8;0.072
13983.3;0.049
13983.8;0.097
13984.3;0.048
13984.8;0.105
13985.3;0.092
13985.8;0.097
13986.3;0.131
13986.8;0.09
13987.3;0.049
13987.8;0.101
13988.3;0.061
13988.8;0.04
13989.3;0.004
13989.8;0.049
13990.3;0.035
13990.8;0.039
13991.3;0.066
13991.8;0.109
13992.3;0.031
13992.8;0.049
13993.3;0.056
13993.8;0.1
13994.3;0.087
13994.8;0.026
13995.3;0.08
13995.8;0.091
13996.3;0.015
13996.8;0.162
13997.3;0.022
13997.8;0.09
13998.3;0.04
13998.8;0.046
13999.3;0.044
13999.8;0.09
14000.3;0.056
14000.8;0.09
14001.3;0.042
14001.8;0.06
14002.3;0.047
14002.8;0.018
14003.3;0.069
14003.8;0.091
14004.3;0.038
14004.8;0.091
14005.3;0.087
14005.8;0.053
14006.3;0.098
14006.8;0.021
14007.3;0.105
14007.8;0.044
14008.3;0.072
14008.8;0.063
14009.3;0.028
14009.8;0.054
14010.3;0.145
14010.8;0.077
14011.3;0.039
14011.8;0.088
14012.3;0.1
14012.8;0.052
14013.3;0.102
14013.8;0.046
14014.3;0.029
14014.8;0.005
14015.3;0.112
14015.8;0.093
14016.3;0.042
14016.8;0.016
14017.3;0.101
14017.8;0.053
14018.3;0.103
14018.8;0.062
14019.3;0.058
14019.8;0.051
14020.3;0.091
14020.8;0.008
14021.3;0.12
14021.8;0.035
14022.3;0.038
14022.8;0.09
14023.3;0.085
14023.8;0.047
14024.3;0.115
14024.8;0.065
14025.3;0.043
14025.8;0.019
14026.3;0.072
14026.8;0.089
14027.3;0.089
14027.8;0.076
14028.3;0.03
14028.8;0.013
14029.3;0.12
14029.8;0.049
14030.3;0.064
14030.8;0.046
14031.3;0.057
14031.8;0.032
14032.3;0.028
14032.8;0.037
14033.3;0.017
14033.8;0.06
14034.3;0.051
14034.8;0.018
14035.3;0.072
14035.8;0.049
14036.3;0.04
14036.8;0.07
14037.3;0.021
14037.8;0.021
14038.3;0.081
14038.8;0.022
14039.3;0.079
14039.8;0.055
14040.3;0.035
14040.8;0.042
14041.3;0.036
14041.8;0.089
14042.3;0.086
14042.8;0.108
14043.3;0.06
14043.8;0.093
14044.3;0.027
14044.8;0.067
14045.3;0.055
14045.8;0.043
14046.3;0.073
14046.8;0.114
14047.3;0.007
14047.8;0.07
14048.3;0.058
14048.8;0.09
14049.3;0.02
14049.8;0.071
14050.3;0.119
14050.8;0.018
14051.3;0.092
14051.8;0.069
14052.3;0.021
14052.8;0.081
14053.3;0.133
14053.8;0.132
14054.3;0.008
14054.8;0.041
14055.3;0.016
14055.8;0.069
14056.3;0.056
14056.8;0.135
14057.3;0.06
14057.8;0.038
14058.3;0.005
14058.8;0.057
14059.3;0.003
14059.8;0.072
14060.3;0.066
14060.8;0.062
14061.3;0.06
14061.8;0.037
14062.3;0.033
14062.8;0.089
14063.3;0.084
14063.8;0.025
14064.3;0.047
14064.8;0.013
14065.3;0.047
14065.8;0.018
14066.3;0.039
14066.8;0.132
14067.3;0.074
14067.8;0.088
14068.3;0.06
14068.8;0.081
14069.3;0.023
14069.8;0.092
14070.3;0.036
14070.8;0.102
14071.3;0.063
14071.8;0.084
14072.3;0.085
14072.8;0.056
14073.3;0.027
14073.8;0.047
14074.3;0.061
14074.8;0.049
14075.3;0.069
14075.8;0.032
14076.3;0.055
14076.8;0.033
14077.3;0.05
14077.8;0.105
14078.3;0.083
14078.8;0.024
14079.3;0.055
14079.8;0.086
14080.3;0.067
14080.8;0.037
14081.3;0.021
14081.8;0.062
14082.3;0.034
14082.8;0.008
14083.3;0.061
14083.8;0.021
14084.3;0.037
14084.8;0.056
14085.3;0.023
14085.8;0.038
14086.3;0.062
14086.8;0.085
14087.3;0.065
14087.8;0.061
14088.3;0.038
14088.8;0.027
14089.3;0.066
14089.8;0.068
14090.3;0.079
14090.8;0.015
14091.3;0.062
14091.8;0.074
14092.3;0.095
14092.8;0.079
14093.3;0.07
14093.8;0.034
14094.3;0.033
14094.8;0.019
14095.3;0.072
14095.8;0.051
14096.3;0.062
14096.8;0.075
14097.3;0.07
14097.8;0.066
14098.3;0.03
14098.8;0.048
14099.3;0.028
14099.8;0.122
14100.3;0.06
14100.8;0.024
14101.3;0.06
14101.8;0.109
14102.3;0.046
14102.8;0.037
14103.3;0.043
14103.8;0.062
14104.3;0.033
14104.8;0.063
14105.3;0.061
14105.8;0.03
14106.3;0.016
14106.8;0.028
14107.3;0.045
14107.8;0.077
14108.3;0.034
14108.8;0.076
14109.3;0.042
14109.8;0.033
14110.3;0.056
14110.8;0.07
14111.3;0.038
14111.8;0.036
14112.3;0.022
14112.8;0.047
14113.3;0.078
14113.8;0.056
14114.3;0.056
14114.8;0.054
14115.3;0.034
14115.8;0.086
14116.3;0.147
14116.8;0.067
14117.3;0.111
14117.8;0.043
14118.3;0.101
14118.8;0.063
14119.3;0.074
14119.8;0.032
14120.3;0.079
14120.8;0.06
14121.3;0.056
14121.8;0.067
14122.3;0.029
14122.8;0.036
14123.3;0.117
14123.8;0.047
14124.3;0.042
14124.8;0.11
14125.3;0.067
14125.8;0.054
14126.3;0.095
14126.8;0.096
14127.3;0.022
14127.8;0.086
14128.3;0.015
14128.8;0.08
14129.3;0.059
14129.8;0.049
14130.3;0.006
14130.8;0.02
14131.3;0.062
14131.8;0.026
14132.3;0.019
14132.8;0.018
14133.3;0.09
14133.8;0.006
14134.3;0.056
14134.8;0.059
14135.3;0.069
14135.8;0.058
14136.3;0.041
14136.8;0.045
14137.3;0.018
14137.8;0.04
14138.3;0.026
14138.8;0.02
14139.3;0.086
14139.8;0.108
14140.3;0.027
14140.8;0.064
14141.3;0.03
14141.8;0.028
14142.3;0.059
14142.8;0.045
14143.3;0.034
14143.8;0.11
14144.3;0.062
14144.8;0.005
14145.3;0.036
14145.8;0.055
14146.3;0.006
14146.8;0.072
14147.3;0.058
14147.8;0.025
14148.3;0.018
14148.8;0.053
14149.3;0.013
14149.8;0.009
14150.3;0.039
14150.8;0.06
14151.3;0.078
14151.8;0.023
14152.3;0.043
14152.8;0.016
14153.3;0.076
14153.8;0.048
14154.3;0.025
14154.8;0.034
14155.3;0.021
14155.8;0.05
14156.3;0.043
14156.8;0.038
14157.3;0.037
14157.8;0.037
14158.3;0.048
14158.8;0.022
14159.3;0.025
14159.8;0.073
14160.3;0.073
14160.8;0.045
14161.3;0.02
14161.8;0.052
14162.3;0.096
14162.8;0.005
14163.3;0.047
14163.8;0.052
14164.3;0.078
14164.8;0.017
14165.3;0.059
14165.8;0.069
14166.3;0.016
14166.8;0.042
14167.3;0.039
14167.8;0.012
14168.3;0.026
14168.8;0.023
14169.3;0.061
14169.8;0.046
14170.3;0.018
14170.8;0.033
14171.3;0.013
14171.8;0.07
14172.3;0.034
14172.8;0.044
14173.3;0.032
14173.8;0.048
14174.3;0.057
14174.8;0.053
14175.3;0.011
14175.8;0.013
14176.3;0.057
14176.8;0.037
14177.3;0.018
14177.8;0.024
14178.3;0.043
14178.8;0.003
14179.3;0.021
14179.8;0.066
14180.3;0.027
14180.8;0.026
14181.3;0.086
14181.8;0.067
14182.3;0.038
14182.8;0.047
14183.3;0.074
14183.8;0.035
14184.3;0.033
14184.8;0.031
14185.3;0.036
14185.8;0.041
14186.3;0.023
14186.8;0.044
14187.3;0.05
14187.8;0.054
14188.3;0.076
14188.8;0.026
14189.3;0.037
14189.8;0.019
14190.3;0.009
14190.8;0.018
14191.3;0.046
14191.8;0.03
14192.3;0.029
14192.8;0.091
14193.3;0.029
14193.8;0.01
14194.3;0.022
14194.8;0.083
14195.3;0.044
14195.8;0.023
14196.3;0.07
14196.8;0.055
14197.3;0.053
14197.8;0.025
14198.3;0.077
14198.8;0.08
14199.3;0.012
14199.8;0.047
14200.3;0.053
14200.8;0.035
14201.3;0.039
14201.8;0.018
14202.3;0.059
14202.8;0.053
14203.3;0.035
14203.8;0.058
14204.3;0.087
14204.8;0.036
14205.3;0.036
14205.8;0.083
14206.3;0.086
14206.8;0.013
14207.3;0.01
14207.8;0.022
14208.3;0.046
14208.8;0.076
14209.3;0.046
14209.8;0.087
14210.3;0.024
14210.8;0.037
14211.3;0.063
14211.8;0.083
14212.3;0.052
14212.8;0.095
14213.3;0.058
14213.8;0.032
14214.3;0.008
14214.8;0.015
14215.3;0.07
14215.8;0.068
14216.3;0.041
14216.8;0.039
14217.3;0.042
14217.8;0.047
14218.3;0.062
14218.8;0.022
14219.3;0.037
14219.8;0.045
14220.3;0.055
14220.8;0.045
14221.3;0.048
14221.8;0.01
14222.3;0.008
14222.8;0.079
14223.3;0.018
14223.8;0.056
14224.3;0.093
14224.8;0.065
14225.3;0.034
14225.8;0.033
14226.3;0.024
14226.8;0.055
14227.3;0.129
14227.8;0.018
14228.3;0.026
14228.8;0.032
14229.3;0.036
14229.8;0.043
14230.3;0.046
14230.8;0.036
14231.3;0.049
14231.8;0.07
14232.3;0.081
14232.8;0.008
14233.3;0.028
14233.8;0.032
14234.3;0.037
14234.8;0.047
14235.3;0.06
14235.8;0.031
14236.3;0.045
14236.8;0.03
14237.3;0.074
14237.8;0.021
14238.3;0.095
14238.8;0.029
14239.3;0.038
14239.8;0.081
14240.3;0.122
14240.8;0.01
14241.3;0.046
14241.8;0.091
14242.3;0.058
14242.8;0.026
14243.3;0.054
14243.8;0.078
14244.3;0.013
14244.8;0.035
14245.3;0.03
14245.8;0.015
14246.3;0.046
14246.8;0.055
14247.3;0.123
14247.8;0.043
14248.3;0.038
14248.8;0.008
14249.3;0.018
14249.8;0.08
14250.3;0.055
14250.8;0.018
14251.3;0.039
14251.8;0.039
14252.3;0.113
14252.8;0.053
14253.3;0.074
14253.8;0.073
14254.3;0.011
14254.8;0.046
14255.3;0.011
14255.8;0.068
14256.3;0.055
14256.8;0.034
14257.3;0.07
14257.8;0.036
14258.3;0.094
14258.8;0.064
14259.3;0.042
14259.8;0.017
14260.3;0.054
14260.8;0.053
14261.3;0.086
14261.8;0.044
14262.3;0.052
14262.8;0.087
14263.3;0.052
14263.8;0.032
14264.3;0.052
14264.8;0.057
14265.3;0.108
14265.8;0.029
14266.3;0.083
14266.8;0.072
14267.3;0.031
14267.8;0.053
14268.3;0.059
14268.8;0.056
14269.3;0.056
14269.8;0.023
14270.3;0.056
14270.8;0.059
14271.3;0.024
14271.8;0.041
14272.3;0.087
14272.8;0.068
14273.3;0.098
14273.8;0.063
14274.3;0.096
14274.8;0.027
14275.3;0.087
14275.8;0.05
14276.3;0.056
14276.8;0.034
14277.3;0.041
14277.8;0.038
14278.3;0.038
14278.8;0.07
14279.3;0.081
14279.8;0.013
14280.3;0.031
14280.8;0.037
14281.3;0.059
14281.8;0.043
14282.3;0.044
14282.8;0.021
14283.3;0.032
14283.8;0.07
14284.3;0.039
14284.8;0.088
14285.3;0.043
14285.8;0.04
14286.3;0.073
14286.8;0.014
14287.3;0.016
14287.8;0.047
14288.3;0.041
14288.8;0.067
14289.3;0.092
14289.8;0.065
14290.3;0.054
14290.8;0.041
14291.3;0.025
14291.8;0.022
14292.3;0.044
14292.8;0.094
14293.3;0.058
14293.8;0.051
14294.3;0.012
14294.8;0.082
14295.3;0.045
14295.8;0.112
14296.3;0.029
14296.8;0.091
14297.3;0.043
14297.8;0.042
14298.3;0.104
14298.8;0.05
14299.3;0.07
14299.8;0.042
14300.3;0.074
14300.8;0.034
14301.3;0.012
14301.8;0.048
14302.3;0.111
14302.8;0.084
14303.3;0.075
14303.8;0.051
14304.3;0.047
14304.8;0.094
14305.3;0.015
14305.8;0.059
14306.3;0.102
14306.8;0.035
14307.3;0.032
14307.8;0.042
14308.3;0.015
14308.8;0.049
14309.3;0.039
14309.8;0.035
14310.3;0.079
14310.8;0.032
14311.3;0.044
14311.8;0.025
14312.3;0.108
14312.8;0.122
14313.3;0.04
14313.8;0.073
14314.3;0.059
14314.8;0.065
14315.3;0.058
14315.8;0.033
14316.3;0.033
14316.8;0.026
14317.3;0.079
14317.8;0.064
14318.3;0.037
14318.8;0.069
14319.3;0.029
14319.8;0.046
14320.3;0.045
14320.8;0.026
14321.3;0.019
14321.8;0.049
14322.3;0.029
14322.8;0.12
14323.3;0.082
14323.8;0.061
14324.3;0.048
14324.8;0.056
14325.3;0.043
14325.8;0.056
14326.3;0.094
14326.8;0.037
14327.3;0.064
14327.8;0.061
14328.3;0.025
14328.8;0.071
14329.3;0.035
14329.8;0.053
14330.3;0.096
14330.8;0.056
14331.3;0.05
14331.8;0.081
14332.3;0.043
14332.8;0.079
14333.3;0.047
14333.8;0.046
14334.3;0.019
14334.8;0.052
14335.3;0.071
14335.8;0.047
14336.3;0.054
14336.8;0.04
14337.3;0.069
14337.8;0.017
14338.3;0.053
14338.8;0.077
14339.3;0.045
14339.8;0.012
14340.3;0.041
14340.8;0.039
14341.3;0.047
14341.8;0.037
14342.3;0.054
14342.8;0.109
14343.3;0.063
14343.8;0.092
14344.3;0.071
14344.8;0.045
14345.3;0.035
14345.8;0.026
14346.3;0.033
14346.8;0.124
14347.3;0.023
14347.8;0.075
14348.3;0.058
14348.8;0.089
14349.3;0.092
14349.8;0.093
14350.3;0.029
14350.8;0.048
14351.3;0.08
14351.8;0.069
14352.3;0.073
14352.8;0.005
14353.3;0.051
14353.8;0.05
14354.3;0.021
14354.8;0.086
14355.3;0.025
14355.8;0.055
14356.3;0.027
14356.8;0.021
14357.3;0.048
14357.8;0.056
14358.3;0.073
14358.8;0.04
14359.3;0.049
14359.8;0.062
14360.3;0.061
14360.8;0.035
14361.3;0.021
14361.8;0.073
14362.3;0.011
14362.8;0.053
14363.3;0.049
14363.8;0.047
14364.3;0.048
14364.8;0.035
14365.3;0.042
14365.8;0.028
14366.3;0.106
14366.8;0.038
14367.3;0.041
14367.8;0.036
14368.3;0.059
14368.8;0.028
14369.3;0.091
14369.8;0.018
14370.3;0.052
14370.8;0.059
14371.3;0.043
14371.8;0.08
14372.3;0.029
14372.8;0.021
14373.3;0.06
14373.8;0.081
14374.3;0.045
14374.8;0.081
14375.3;0.051
14375.8;0.058
14376.3;0.048
14376.8;0.061
14377.3;0.118
14377.8;0.046
14378.3;0.028
14378.8;0.036
14379.3;0.08
14379.8;0.033
14380.3;0.028
14380.8;0.042
14381.3;0.023
14381.8;0.046
14382.3;0.072
14382.8;0.044
14383.3;0.075
14383.8;0.051
14384.3;0.012
14384.8;0.073
14385.3;0.048
14385.8;0.074
14386.3;0.023
14386.8;0.015
14387.3;0.017
14387.8;0.044
14388.3;0.051
14388.8;0.066
14389.3;0.1
14389.8;0.035
14390.3;0.044
14390.8;0.037
14391.3;0.02
14391.8;0.077
14392.3;0.01
14392.8;0.08
14393.3;0.025
14393.8;0.077
14394.3;0.035
14394.8;0.083
14395.3;0.036
14395.8;0.007
14396.3;0.018
14396.8;0.008
14397.3;0.039
14397.8;0.015
14398.3;0.077
14398.8;0.021
14399.3;0.127
14399.8;0.067
14400.3;0.07
14400.8;0.046
14401.3;0.042
14401.8;0.026
14402.3;0.065
14402.8;0.045
14403.3;0.004
14403.8;0.014
14404.3;0.042
14404.8;0.078
14405.3;0.029
14405.8;0.037
14406.3;0.025
14406.8;0.038
14407.3;0.045
14407.8;0.091
14408.3;0.075
14408.8;0.024
14409.3;0.102
14409.8;0.026
14410.3;0.114
14410.8;0.046
14411.3;0.071
14411.8;0.053
14412.3;0.023
14412.8;0.037
14413.3;0.04
14413.8;0.082
14414.3;0.052
14414.8;0.066
14415.3;0.039
14415.8;0.03
14416.3;0.056
14416.8;0.088
14417.3;0.084
14417.8;0.025
14418.3;0.089
14418.8;0.048
14419.3;0.033
14419.8;0.042
14420.3;0.06
14420.8;0.021
14421.3;0.068
14421.8;0.048
14422.3;0.089
14422.8;0.045
14423.3;0.037
14423.8;0.006
14424.3;0.045
14424.8;0.053
14425.3;0.062
14425.8;0.012
14426.3;0.008
14426.8;0.011
14427.3;0.059
14427.8;0.127
14428.3;0.079
14428.8;0.028
14429.3;0.025
14429.8;0.029
14430.3;0.038
14430.8;0.047
14431.3;0.077
14431.8;0.061
14432.3;0.039
14432.8;0.046
14433.3;0.015
14433.8;0.051
14434.3;0.059
14434.8;0.04
14435.3;0.034
14435.8;0.076
14436.3;0.056
14436.8;0.023
14437.3;0.063
14437.8;0.032
14438.3;0.06
14438.8;0.041
14439.3;0.104
14439.8;0.062
14440.3;0.032
14440.8;0.018
14441.3;0.031
14441.8;0.067
14442.3;0.044
14442.8;0.04
14443.3;0.029
14443.8;0.054
14444.3;0.033
14444.8;0.059
14445.3;0.013
14445.8;0.039
14446.3;0.031
14446.8;0.005
14447.3;0.008
14447.8;0.062
14448.3;0.027
14448.8;0.068
14449.3;0.054
14449.8;0.038
14450.3;0.064
14450.8;0.02
14451.3;0.061
14451.8;0.039
14452.3;0.041
14452.8;0.055
14453.3;0.016
14453.8;0.048
14454.3;0.056
14454.8;0.023
14455.3;0.06
14455.8;0.013
14456.3;0.028
14456.8;0.051
14457.3;0.063
14457.8;0.027
14458.3;0.012
14458.8;0.028
14459.3;0.027
14459.8;0.04
14460.3;0.029
14460.8;0.04
14461.3;0.044
14461.8;0.049
14462.3;0.042
14462.8;0.031
14463.3;0.07
14463.8;0.022
14464.3;0.074
14464.8;0.033
14465.3;0.071
14465.8;0.026
14466.3;0.032
14466.8;0.069
14467.3;0.018
14467.8;0.038
14468.3;0.039
14468.8;0.038
14469.3;0.028
14469.8;0.037
14470.3;0.05
14470.8;0.058
14471.3;0.06
14471.8;0.018
14472.3;0.018
14472.8;0.016
14473.3;0.086
14473.8;0.058
14474.3;0.062
14474.8;0.092
14475.3;0.018
14475.8;0.033
14476.3;0.042
14476.8;0.084
14477.3;0.05
14477.8;0.02
14478.3;0.027
14478.8;0.071
14479.3;0.025
14479.8;0.077
14480.3;0.024
14480.8;0.008
14481.3;0.025
14481.8;0.047
14482.3;0.042
14482.8;0.061
14483.3;0.008
14483.8;0.047
14484.3;0.077
14484.8;0.044
14485.3;0.035
14485.8;0.013
14486.3;0.014
14486.8;0.067
14487.3;0.006
14487.8;0.034
14488.3;0.017
14488.8;0.032
14489.3;0.038
14489.8;0.074
14490.3;0.071
14490.8;0.046
14491.3;0.031
14491.8;0.009
14492.3;0.057
14492.8;0.063
14493.3;0.048
14493.8;0.037
14494.3;0.063
14494.8;0.051
14495.3;0.033
14495.8;0.059
14496.3;0.088
14496.8;0.085
14497.3;0.121
14497.8;0.06
14498.3;0.062
14498.8;0.026
14499.3;0.032
14499.8;0.047
14500.3;0.049
14500.8;0.055
14501.3;0.04
14501.8;0.049
14502.3;0.056
14502.8;0.111
14503.3;0.054
14503.8;0.078
14504.3;0.106
14504.8;0.035
14505.3;0.042
14505.8;0.088
14506.3;0.026
14506.8;0.028
14507.3;0.03
14507.8;0.03
14508.3;0.054
14508.8;0.062
14509.3;0.057
14509.8;0.009
14510.3;0.097
14510.8;0.039
14511.3;0.084
14511.8;0.08
14512.3;0.097
14512.8;0.04
14513.3;0.037
14513.8;0.116
14514.3;0.033
14514.8;0.018
14515.3;0.036
14515.8;0.041
14516.3;0.035
14516.8;0.112
14517.3;0.104
14517.8;0.012
14518.3;0.047
14518.8;0.077
14519.3;0.048
14519.8;0.066
14520.3;0.058
14520.8;0.014
14521.3;0.079
14521.8;0.016
14522.3;0.028
14522.8;0.035
14523.3;0.059
14523.8;0.028
14524.3;0.099
14524.8;0.027
14525.3;0.015
14525.8;0.067
14526.3;0.059
14526.8;0.061
14527.3;0.034
14527.8;0.063
14528.3;0.079
14528.8;0.072
14529.3;0.042
14529.8;0.053
14530.3;0.029
14530.8;0.052
14531.3;0.116
14531.8;0.097
14532.3;0.024
14532.8;0.106
14533.3;0.027
14533.8;0.015
14534.3;0.032
14534.8;0.078
14535.3;0.037
14535.8;0.051
14536.3;0.041
14536.8;0.058
14537.3;0.026
14537.8;0.021
14538.3;0.065
14538.8;0.076
14539.3;0.089
14539.8;0.031
14540.3;0.041
14540.8;0.028
14541.3;0.015
14541.8;0.003
14542.3;0.039
14542.8;0.109
14543.3;0.074
14543.8;0.07
14544.3;0.077
14544.8;0.029
14545.3;0.053
14545.8;0.006
14546.3;0.033
14546.8;0.023
14547.3;0.016
14547.8;0.075
14548.3;0.049
14548.8;0.067
14549.3;0.022
14549.8;0.055
14550.3;0.042
14550.8;0.05
14551.3;0.087
14551.8;0.072
14552.3;0.027
14552.8;0.031
14553.3;0.076
14553.8;0.021
14554.3;0.009
14554.8;0.058
14555.3;0.021
14555.8;0.017
14556.3;0.036
14556.8;0.066
14557.3;0.04
14557.8;0.026
14558.3;0.041
14558.8;0.077
14559.3;0.06
14559.8;0.029
14560.3;0.025
14560.8;0.009
14561.3;0.038
14561.8;0.017
14562.3;0.009
14562.8;0.042
14563.3;0.056
14563.8;0.025
14564.3;0.019
14564.8;0.058
14565.3;0.041
14565.8;0.017
14566.3;0.035
14566.8;0.047
14567.3;0.007
14567.8;0.049
14568.3;0.039
14568.8;0.028
14569.3;0.017
14569.8;0.01
14570.3;0.048
14570.8;0.093
14571.3;0.097
14571.8;0.073
14572.3;0.011
14572.8;0.043
14573.3;0.066
14573.8;0.038
14574.3;0.053
14574.8;0.085
14575.3;0.057
14575.8;0.088
14576.3;0.023
14576.8;0.024
14577.3;0.006
14577.8;0.053
14578.3;0.09
14578.8;0.044
14579.3;0.044
14579.8;0.06
14580.3;0.044
14580.8;0.032
14581.3;0.059
14581.8;0.078
14582.3;0.025
14582.8;0.058
14583.3;0.06
14583.8;0.069
14584.3;0.057
14584.8;0.05
14585.3;0.032
14585.8;0.065
14586.3;0.085
14586.8;0.072
14587.3;0.094
14587.8;0.051
14588.3;0.056
14588.8;0.049
14589.3;0.028
14589.8;0.052
14590.3;0.064
14590.8;0.046
14591.3;0.053
14591.8;0.072
14592.3;0.103
14592.8;0.044
14593.3;0.039
14593.8;0.038
14594.3;0.073
14594.8;0.018
14595.3;0.025
14595.8;0.016
14596.3;0.081
14596.8;0.031
14597.3;0.072
14597.8;0.101
14598.3;0.028
14598.8;0.051
14599.3;0.081
14599.8;0.089
14600.3;0.079
14600.8;0.061
14601.3;0.011
14601.8;0.076
14602.3;0.057
14602.8;0.028
14603.3;0.038
14603.8;0.077
14604.3;0.046
14604.8;0.089
14605.3;0.024
14605.8;0.028
14606.3;0.087
14606.8;0.081
14607.3;0.078
14607.8;0.083
14608.3;0.052
14608.8;0.064
14609.3;0.021
14609.8;0.04
14610.3;0.06
14610.8;0.04
14611.3;0.042
14611.8;0.069
14612.3;0.034
14612.8;0.021
14613.3;0.1
14613.8;0.075
14614.3;0.02
14614.8;0.026
14615.3;0.121
14615.8;0.096
14616.3;0.012
14616.8;0.081
14617.3;0.104
14617.8;0.01
14618.3;0.007
14618.8;0.034
14619.3;0.045
14619.8;0.058
14620.3;0.1
14620.8;0.093
14621.3;0.059
14621.8;0.077
14622.3;0.132
14622.8;0.086
14623.3;0.052
14623.8;0.081
14624.3;0.091
14624.8;0.103
14625.3;0.026
14625.8;0.092
14626.3;0.059
14626.8;0.029
14627.3;0.042
14627.8;0.085
14628.3;0.043
14628.8;0.025
14629.3;0.053
14629.8;0.072
14630.3;0.104
14630.8;0.025
14631.3;0.066
14631.8;0.033
14632.3;0.002
14632.8;0.039
14633.3;0.074
14633.8;0.023
14634.3;0.081
14634.8;0.105
14635.3;0.121
14635.8;0.015
14636.3;0.101
14636.8;0.063
14637.3;0.127
14637.8;0.043
14638.3;0.071
14638.8;0.085
14639.3;0.028
14639.8;0.032
14640.3;0.051
14640.8;0.019
14641.3;0.035
14641.8;0.064
14642.3;0.057
14642.8;0.066
14643.3;0.126
14643.8;0.104
14644.3;0.022
14644.8;0.057
14645.3;0.017
14645.8;0.152
14646.3;0.091
14646.8;0.093
14647.3;0.063
14647.8;0.103
14648.3;0.071
14648.8;0.009
14649.3;0.062
14649.8;0.083
14650.3;0.065
14650.8;0.05
14651.3;0.103
14651.8;0.036
14652.3;0.04
14652.8;0.053
14653.3;0.057
14653.8;0.016
14654.3;0.113
14654.8;0.044
14655.3;0.117
14655.8;0.033
14656.3;0.05
14656.8;0.054
14657.3;0.022
14657.8;0.055
14658.3;0.124
14658.8;0.079
14659.3;0.039
14659.8;0.039
14660.3;0.048
14660.8;0.086
14661.3;0.032
14661.8;0.039
14662.3;0.028
14662.8;0.053
14663.3;0.021
14663.8;0.097
14664.3;0.044
14664.8;0.024
14665.3;0.082
14665.8;0.107
14666.3;0.049
14666.8;0.082
14667.3;0.068
14667.8;0.069
14668.3;0.148
14668.8;0.081
14669.3;0.107
14669.8;0.108
14670.3;0.041
14670.8;0.078
14671.3;0.027
14671.8;0.059
14672.3;0.037
14672.8;0.07
14673.3;0.092
14673.8;0.06
14674.3;0.078
14674.8;0.037
14675.3;0.108
14675.8;0.019
14676.3;0.097
14676.8;0.089
14677.3;0.072
14677.8;0.058
14678.3;0.076
14678.8;0.106
14679.3;0.012
14679.8;0.056
14680.3;0.085
14680.8;0.05
14681.3;0.054
14681.8;0.069
14682.3;0.028
14682.8;0.061
14683.3;0.061
14683.8;0.109
14684.3;0.075
14684.8;0.011
14685.3;0.099
14685.8;0.045
14686.3;0.03
14686.8;0.043
14687.3;0.044
14687.8;0.041
14688.3;0.01
14688.8;0.114
14689.3;0.077
14689.8;0.076
14690.3;0.043
14690.8;0.057
14691.3;0.072
14691.8;0.043
14692.3;0.024
14692.8;0.049
14693.3;0.046
14693.8;0.028
14694.3;0.039
14694.8;0.028
14695.3;0.034
14695.8;0.047
14696.3;0.035
14696.8;0.06
14697.3;0.045
14697.8;0.114
14698.3;0.039
14698.8;0.046
14699.3;0.023
14699.8;0.049
14700.3;0.098
14700.8;0.03
14701.3;0.081
14701.8;0.061
14702.3;0.039
14702.8;0.027
14703.3;0.059
14703.8;0.107
14704.3;0.022
14704.8;0.067
14705.3;0.048
14705.8;0.077
14706.3;0.031
14706.8;0.029
14707.3;0.082
14707.8;0.101
14708.3;0.103
14708.8;0.106
14709.3;0.052
14709.8;0.045
14710.3;0.022
14710.8;0.091
14711.3;0.046
14711.8;0.029
14712.3;0.064
14712.8;0.076
14713.3;0.031
14713.8;0.052
14714.3;0.103
14714.8;0.033
14715.3;0.014
14715.8;0.077
14716.3;0.102
14716.8;0.046
14717.3;0.076
14717.8;0.086
14718.3;0.068
14718.8;0.062
14719.3;0.072
14719.8;0.089
14720.3;0.083
14720.8;0.089
14721.3;0.099
14721.8;0.054
14722.3;0.031
14722.8;0.089
14723.3;0.121
14723.8;0.059
14724.3;0.039
14724.8;0.044
14725.3;0.053
14725.8;0.032
14726.3;0.096
14726.8;0.092
14727.3;0.018
14727.8;0.055
14728.3;0.065
14728.8;0.038
14729.3;0.086
14729.8;0.016
14730.3;0.111
14730.8;0.041
14731.3;0.085
14731.8;0.032
14732.3;0.059
14732.8;0.062
14733.3;0.087
14733.8;0.071
14734.3;0.084
14734.8;0.048
14735.3;0.084
14735.8;0.03
14736.3;0.047
14736.8;0.048
14737.3;0.068
14737.8;0.025
14738.3;0.051
14738.8;0.061
14739.3;0.071
14739.8;0.022
14740.3;0.066
14740.8;0.036
14741.3;0.008
14741.8;0.065
14742.3;0.024
14742.8;0.09
14743.3;0.039
14743.8;0.026
14744.3;0.045
14744.8;0.086
14745.3;0.023
14745.8;0.072
14746.3;0.027
14746.8;0.07
14747.3;0.047
14747.8;0.021
14748.3;0.062
14748.8;0.048
14749.3;0.037
14749.8;0.048
14750.3;0.025
14750.8;0.02
14751.3;0.013
14751.8;0.045
14752.3;0.033
14752.8;0.009
14753.3;0.101
14753.8;0.086
14754.3;0.068
14754.8;0.078
14755.3;0.089
14755.8;0.102
14756.3;0.062
14756.8;0.021
14757.3;0.056
14757.8;0.108
14758.3;0.017
14758.8;0.05
14759.3;0.072
14759.8;0.033
14760.3;0.048
14760.8;0.05
14761.3;0.069
14761.8;0.032
14762.3;0.021
14762.8;0.015
14763.3;0.022
14763.8;0.071
14764.3;0.065
14764.8;0.047
14765.3;0.069
14765.8;0.027
14766.3;0.083
14766.8;0.086
14767.3;0.028
14767.8;0.041
14768.3;0.052
14768.8;0.03
14769.3;0.069
14769.8;0.022
14770.3;0.042
14770.8;0.08
14771.3;0.061
14771.8;0.08
14772.3;0.016
14772.8;0.021
14773.3;0.048
14773.8;0.067
14774.3;0.054
14774.8;0.05
14775.3;0.034
14775.8;0.031
14776.3;0.027
14776.8;0.006
14777.3;0.071
14777.8;0.027
14778.3;0.034
14778.8;0.026
14779.3;0.019
14779.8;0.046
14780.3;0.039
14780.8;0.045
14781.3;0.053
14781.8;0.02
14782.3;0.021
14782.8;0.043
14783.3;0.052
14783.8;0.054
14784.3;0.062
14784.8;0.045
14785.3;0.057
14785.8;0.057
14786.3;0.028
14786.8;0.073
14787.3;0.01
14787.8;0.035
14788.3;0.018
14788.8;0.022
14789.3;0.008
14789.8;0.019
14790.3;0.053
14790.8;0.011
14791.3;0.103
14791.8;0.038
14792.3;0.047
14792.8;0.031
14793.3;0.066
14793.8;0.033
14794.3;0.051
14794.8;0.097
14795.3;0.052
14795.8;0.072
14796.3;0.057
14796.8;0.03
14797.3;0.005
14797.8;0.057
14798.3;0.049
14798.8;0.044
14799.3;0.11
14799.8;0.053
14800.3;0.017
14800.8;0.114
14801.3;0.028
14801.8;0.086
14802.3;0.029
14802.8;0.058
14803.3;0.048
14803.8;0.024
14804.3;0.01
14804.8;0.048
14805.3;0.041
14805.8;0.007
14806.3;0.078
14806.8;0.026
14807.3;0.03
14807.8;0.066
14808.3;0.071
14808.8;0.056
14809.3;0.016
14809.8;0.012
14810.3;0.071
14810.8;0.02
14811.3;0.076
14811.8;0.034
14812.3;0.067
14812.8;0.022
14813.3;0.04
14813.8;0.085
14814.3;0.046
14814.8;0.086
14815.3;0.061
14815.8;0.049
14816.3;0.004
14816.8;0.099
14817.3;0.067
14817.8;0.014
14818.3;0.067
14818.8;0.091
14819.3;0.065
14819.8;0.072
14820.3;0.055
14820.8;0.026
14821.3;0.083
14821.8;0.032
14822.3;0.047
14822.8;0.084
14823.3;0.036
14823.8;0.06
14824.3;0.032
14824.8;0.061
14825.3;0.039
14825.8;0.089
14826.3;0.087
14826.8;0.023
14827.3;0.116
14827.8;0.019
14828.3;0.037
14828.8;0.068
14829.3;0.044
14829.8;0.063
14830.3;0.042
14830.8;0.094
14831.3;0.062
14831.8;0.032
14832.3;0.024
14832.8;0.035
14833.3;0.012
14833.8;0.021
14834.3;0.008
14834.8;0.054
14835.3;0.046
14835.8;0.069
14836.3;0.079
14836.8;0.026
14837.3;0.044
14837.8;0.002
14838.3;0.037
14838.8;0.052
14839.3;0.031
14839.8;0.061
14840.3;0.032
14840.8;0.029
14841.3;0.046
14841.8;0.028
14842.3;0.031
14842.8;0.04
14843.3;0.021
14843.8;0.063
14844.3;0.015
14844.8;0.045
14845.3;0.004
14845.8;0.011
14846.3;0.051
14846.8;0.009
14847.3;0.024
14847.8;0.045
14848.3;0.028
14848.8;0.055
14849.3;0.066
14849.8;0.017
14850.3;0.012
14850.8;0.012
14851.3;0.026
14851.8;0.027
14852.3;0.023
14852.8;0.047
14853.3;0.025
14853.8;0.025
14854.3;0.046
14854.8;0.08
14855.3;0.014
14855.8;0.033
14856.3;0.016
14856.8;0.031
14857.3;0.023
14857.8;0.048
14858.3;0.04
14858.8;0.032
14859.3;0.027
14859.8;0.031
14860.3;0.036
14860.8;0.013
14861.3;0.066
14861.8;0.085
14862.3;0.006
14862.8;0.009
14863.3;0.058
14863.8;0.077
14864.3;0.049
14864.8;0.004
14865.3;0.054
14865.8;0.021
14866.3;0.01
14866.8;0.047
14867.3;0.015
14867.8;0.036
14868.3;0.032
14868.8;0.068
14869.3;0.006
14869.8;0.007
14870.3;0.036
14870.8;0.049
14871.3;0.009
14871.8;0.011
14872.3;0.028
14872.8;0.072
14873.3;0.017
14873.8;0.059
14874.3;0.013
14874.8;0.013
14875.3;0.028
14875.8;0.022
14876.3;0.031
14876.8;0.005
14877.3;0.022
14877.8;0.033
14878.3;0.041
14878.8;0.033
14879.3;0.025
14879.8;0.033
14880.3;0.025
14880.8;0.006
14881.3;0.057
14881.8;0.05
14882.3;0.028
14882.8;0.042
14883.3;0.033
14883.8;0.04
14884.3;0.012
14884.8;0.037
14885.3;0.02
14885.8;0.003
14886.3;0.022
14886.8;0.064
14887.3;0.006
14887.8;0.023
14888.3;0.049
14888.8;0.028
14889.3;0.035
14889.8;0.031
14890.3;0.018
14890.8;0.016
14891.3;0.04
14891.8;0.021
14892.3;0.033
14892.8;0.059
14893.3;0.044
14893.8;0.041
14894.3;0.037
14894.8;0.006
14895.3;0.015
14895.8;0.02
14896.3;0.027
14896.8;0.003
14897.3;0.015
14897.8;0.038
14898.3;0.027
14898.8;0.054
14899.3;0.075
14899.8;0.071
14900.3;0.02
14900.8;0.03
14901.3;0.034
14901.8;0.014
14902.3;0.015
14902.8;0.02
14903.3;0.043
14903.8;0.03
14904.3;0.026
14904.8;0.039
14905.3;0.035
14905.8;0.035
14906.3;0.006
14906.8;0.036
14907.3;0.06
14907.8;0.025
14908.3;0.042
14908.8;0.026
14909.3;0.045
14909.8;0.045
14910.3;0.06
14910.8;0.057
14911.3;0.06
14911.8;0.058
14912.3;0.049
14912.8;0.08
14913.3;0.005
14913.8;0.033
14914.3;0.038
14914.8;0.035
14915.3;0.058
14915.8;0.049
14916.3;0.067
14916.8;0.009
14917.3;0.03
14917.8;0.065
14918.3;0.064
14918.8;0.048
14919.3;0.058
14919.8;0.04
14920.3;0.05
14920.8;0.046
14921.3;0.109
14921.8;0.068
14922.3;0.046
14922.8;0.035
14923.3;0.038
14923.8;0.109
14924.3;0.025
14924.8;0.05
14925.3;0.055
14925.8;0.025
14926.3;0.042
14926.8;0.083
14927.3;0.068
14927.8;0.058
14928.3;0.005
14928.8;0.043
14929.3;0.046
14929.8;0.029
14930.3;0.012
14930.8;0.042
14931.3;0.054
14931.8;0.049
14932.3;0.088
14932.8;0.024
14933.3;0.077
14933.8;0.08
14934.3;0.029
14934.8;0.029
14935.3;0.027
14935.8;0.07
14936.3;0.059
14936.8;0.019
14937.3;0.092
14937.8;0.033
14938.3;0.021
14938.8;0.028
14939.3;0.063
14939.8;0.041
14940.3;0.079
14940.8;0.076
14941.3;0.032
14941.8;0.069
14942.3;0.009
14942.8;0.071
14943.3;0.033
14943.8;0.063
14944.3;0.066
14944.8;0.007
14945.3;0.057
14945.8;0.034
14946.3;0.03
14946.8;0.047
14947.3;0.09
14947.8;0.019
14948.3;0.032
14948.8;0.022
14949.3;0.042
14949.8;0.014
14950.3;0.075
14950.8;0.029
14951.3;0.058
14951.8;0.054
14952.3;0.066
14952.8;0.019
14953.3;0.07
14953.8;0.067
14954.3;0.02
14954.8;0.062
14955.3;0.064
14955.8;0.059
14956.3;0.023
14956.8;0.046
14957.3;0.03
14957.8;0.053
14958.3;0.074
14958.8;0.094
14959.3;0.016
14959.8;0.018
14960.3;0.031
14960.8;0.047
14961.3;0.075
14961.8;0.071
14962.3;0.033
14962.8;0.066
14963.3;0.049
14963.8;0.019
14964.3;0.034
14964.8;0.027
14965.3;0.031
14965.8;0.047
14966.3;0.051
14966.8;0.08
14967.3;0.017
14967.8;0.02
14968.3;0.013
14968.8;0.009
14969.3;0.073
14969.8;0.023
14970.3;0.023
14970.8;0.063
14971.3;0.048
14971.8;0.053
14972.3;0.023
14972.8;0.041
14973.3;0.011
14973.8;0.062
14974.3;0.037
14974.8;0.016
14975.3;0.036
14975.8;0.013
14976.3;0.036
14976.8;0.063
14977.3;0.057
14977.8;0.007
14978.3;0.014
14978.8;0.015
14979.3;0.071
14979.8;0.045
14980.3;0.04
14980.8;0.066
14981.3;0.026
14981.8;0.067
14982.3;0.026
14982.8;0.03
14983.3;0.044
14983.8;0.067
14984.3;0.035
14984.8;0.035
14985.3;0.04
14985.8;0.03
14986.3;0.01
14986.8;0.011
14987.3;0.046
14987.8;0.03
14988.3;0.043
14988.8;0.042
14989.3;0.012
14989.8;0.029
14990.3;0.037
14990.8;0.015
14991.3;0.034
14991.8;0.046
14992.3;0.048
14992.8;0.083
14993.3;0.043
14993.8;0.078
14994.3;0.004
14994.8;0.031
14995.3;0.066
14995.8;0.021
14996.3;0.018
14996.8;0.045
14997.3;0.06
14997.8;0.02
14998.3;0.003
14998.8;0.075
14999.3;0.075
14999.8;0.029
15000.3;0.087
15000.8;0.044
15001.3;0.015
15001.8;0.014
15002.3;0.008
15002.8;0.054
15003.3;0.011
15003.8;0.075
15004.3;0.024
15004.8;0.051
15005.3;0.058
15005.8;0.032
15006.3;0.015
15006.8;0.043
15007.3;0.024
15007.8;0.047
15008.3;0.037
15008.8;0.053
15009.3;0.086
15009.8;0.087
15010.3;0.021
15010.8;0.045
15011.3;0.049
15011.8;0.017
15012.3;0.076
15012.8;0.03
15013.3;0.071
15013.8;0.034
15014.3;0.044
15014.8;0.037
15015.3;0.056
15015.8;0.032
15016.3;0.065
15016.8;0.023
15017.3;0.031
15017.8;0.034
15018.3;0.013
15018.8;0.017
15019.3;0.038
15019.8;0.005
15020.3;0.038
15020.8;0.043
15021.3;0.033
15021.8;0.033
15022.3;0.046
15022.8;0.045
15023.3;0.056
15023.8;0.043
15024.3;0.062
15024.8;0.052
15025.3;0.042
15025.8;0.059
15026.3;0.012
15026.8;0.057
15027.3;0.02
15027.8;0.028
15028.3;0.003
15028.8;0.022
15029.3;0.041
15029.8;0.03
15030.3;0.016
15030.8;0.029
15031.3;0.049
15031.8;0.033
15032.3;0.031
15032.8;0.032
15033.3;0.071
15033.8;0.033
15034.3;0.017
15034.8;0.042
15035.3;0.019
15035.8;0.011
15036.3;0.065
15036.8;0.038
15037.3;0.047
15037.8;0.042
15038.3;0.022
15038.8;0.011
15039.3;0.027
15039.8;0.037
15040.3;0.068
15040.8;0.028
15041.3;0.022
15041.8;0.038
15042.3;0.02
15042.8;0.015
15043.3;0.027
15043.8;0.037
15044.3;0.035
15044.8;0.012
15045.3;0.047
15045.8;0.02
15046.3;0.024
15046.8;0.019
15047.3;0.036
15047.8;0.028
15048.3;0.014
15048.8;0.079
15049.3;0.055
15049.8;0.047
15050.3;0.032
15050.8;0.026
15051.3;0.024
15051.8;0.043
15052.3;0.078
15052.8;0.026
15053.3;0.015
15053.8;0.04
15054.3;0.037
15054.8;0.074
15055.3;0.07
15055.8;0.022
15056.3;0.035
15056.8;0.021
15057.3;0.027
15057.8;0.032
15058.3;0.03
15058.8;0.05
15059.3;0.015
15059.8;0.037
15060.3;0.028
15060.8;0.06
15061.3;0.003
15061.8;0.035
15062.3;0.013
15062.8;0.04
15063.3;0.067
15063.8;0.032
15064.3;0.033
15064.8;0.038
15065.3;0.016
15065.8;0.036
15066.3;0.019
15066.8;0.042
15067.3;0.015
15067.8;0.037
15068.3;0.085
15068.8;0.032
15069.3;0.034
15069.8;0.017
15070.3;0.029
15070.8;0.023
15071.3;0.06
15071.8;0.051
15072.3;0.013
15072.8;0.031
15073.3;0.048
15073.8;0.02
15074.3;0.054
15074.8;0.05
15075.3;0.023
15075.8;0.043
15076.3;0.014
15076.8;0.031
15077.3;0.03
15077.8;0.03
15078.3;0.035
15078.8;0.02
15079.3;0.042
15079.8;0.03
15080.3;0.02
15080.8;0.017
15081.3;0.021
15081.8;0.02
15082.3;0.028
15082.8;0.001
15083.3;0.019
15083.8;0.012
15084.3;0.008
15084.8;0.018
15085.3;0.04
15085.8;0.036
15086.3;0.009
15086.8;0.025
15087.3;0.03
15087.8;0.018
15088.3;0.017
15088.8;0.05
15089.3;0.015
15089.8;0.016
15090.3;0.019
15090.8;0.014
15091.3;0.008
15091.8;0.041
15092.3;0.059
15092.8;0.045
15093.3;0.008
15093.8;0.012
15094.3;0.024
15094.8;0.006
15095.3;0.045
15095.8;0.032
15096.3;0.038
15096.8;0.039
15097.3;0.008
15097.8;0.014
15098.3;0.037
15098.8;0.009
15099.3;0.038
15099.8;0.023
15100.3;0.015
15100.8;0.025
15101.3;0.021
15101.8;0.009
15102.3;0.004
15102.8;0.038
15103.3;0.026
15103.8;0.032
15104.3;0.032
15104.8;0.022
15105.3;0.028
15105.8;0.013
15106.3;0.029
15106.8;0.05
15107.3;0.031
15107.8;0.023
15108.3;0.044
15108.8;0.026
15109.3;0.054
15109.8;0.031
15110.3;0.041
15110.8;0.014
15111.3;0.023
15111.8;0.065
15112.3;0.018
15112.8;0.026
15113.3;0.034
15113.8;0.023
15114.3;0.022
15114.8;0.047
15115.3;0.03
15115.8;0.053
15116.3;0.043
15116.8;0.046
15117.3;0.047
15117.8;0.019
15118.3;0.04
15118.8;0.012
15119.3;0.021
15119.8;0.023
15120.3;0.037
15120.8;0.045
15121.3;0.038
15121.8;0.014
15122.3;0.038
15122.8;0.038
15123.3;0.058
15123.8;0.025
15124.3;0.022
15124.8;0.032
15125.3;0.034
15125.8;0.072
15126.3;0.035
15126.8;0.046
15127.3;0.031
15127.8;0.041
15128.3;0.026
15128.8;0.023
15129.3;0.048
15129.8;0.028
15130.3;0.057
15130.8;0.018
15131.3;0.073
15131.8;0.056
15132.3;0.029
15132.8;0.035
15133.3;0.027
15133.8;0.059
15134.3;0.026
15134.8;0.054
15135.3;0.015
15135.8;0.043
15136.3;0.022
15136.8;0.019
15137.3;0.046
15137.8;0.009
15138.3;0.03
15138.8;0.056
15139.3;0.061
15139.8;0.037
15140.3;0.026
15140.8;0.031
15141.3;0.038
15141.8;0.027
15142.3;0.004
15142.8;0.038
15143.3;0.032
15143.8;0.016
15144.3;0.016
15144.8;0.02
15145.3;0.074
15145.8;0.054
15146.3;0.018
15146.8;0.011
15147.3;0.015
15147.8;0.014
15148.3;0.027
15148.8;0.068
15149.3;0.019
15149.8;0.01
15150.3;0.02
15150.8;0.068
15151.3;0.039
15151.8;0.022
15152.3;0.023
15152.8;0.024
15153.3;0.04
15153.8;0.009
15154.3;0.032
15154.8;0.02
15155.3;0.02
15155.8;0.016
15156.3;0.017
15156.8;0.036
15157.3;0.025
15157.8;0.032
15158.3;0.001
15158.8;0.014
15159.3;0.04
15159.8;0.013
15160.3;0.035
15160.8;0.019
15161.3;0.013
15161.8;0.014
15162.3;0.015
15162.8;0.03
15163.3;0.046
15163.8;0.051
15164.3;0.063
15164.8;0.033
15165.3;0.05
15165.8;0.042
15166.3;0.044
15166.8;0.033
15167.3;0.016
15167.8;0.012
15168.3;0.057
15168.8;0.025
15169.3;0.046
15169.8;0.014
15170.3;0.058
15170.8;0.033
15171.3;0.072
15171.8;0.042
15172.3;0.045
15172.8;0.057
15173.3;0.037
15173.8;0.038
15174.3;0.032
15174.8;0.003
15175.3;0.006
15175.8;0.051
15176.3;0.06
15176.8;0.028
15177.3;0.047
15177.8;0.056
15178.3;0.02
15178.8;0.044
15179.3;0.076
15179.8;0.004
15180.3;0.056
15180.8;0.018
15181.3;0.029
15181.8;0.037
15182.3;0.085
15182.8;0.019
15183.3;0.018
15183.8;0.014
15184.3;0.028
15184.8;0.059
15185.3;0.076
15185.8;0.054
15186.3;0.026
15186.8;0.033
15187.3;0.012
15187.8;0.03
15188.3;0.062
15188.8;0.017
15189.3;0.023
15189.8;0.055
15190.3;0.05
15190.8;0.038
15191.3;0.051
15191.8;0.038
15192.3;0.056
15192.8;0.057
15193.3;0.031
15193.8;0.003
15194.3;0.08
15194.8;0.031
15195.3;0.022
15195.8;0.041
15196.3;0.024
15196.8;0.03
15197.3;0.026
15197.8;0.058
15198.3;0.032
15198.8;0.027
15199.3;0.033
15199.8;0.026
15200.3;0.015
15200.8;0.032
15201.3;0.027
15201.8;0.034
15202.3;0.047
15202.8;0.026
15203.3;0.038
15203.8;0.035
15204.3;0.037
15204.8;0.004
15205.3;0.043
15205.8;0.02
15206.3;0.02
15206.8;0.014
15207.3;0.024
15207.8;0.006
15208.3;0.019
15208.8;0.036
15209.3;0.021
15209.8;0.059
15210.3;0.014
15210.8;0.017
15211.3;0.018
15211.8;0.059
15212.3;0.017
15212.8;0.013
15213.3;0.034
15213.8;0.045
15214.3;0.045
15214.8;0.053
15215.3;0.011
15215.8;0.011
15216.3;0.009
15216.8;0.028
15217.3;0.049
15217.8;0.015
15218.3;0.072
15218.8;0.033
15219.3;0.029
15219.8;0.059
15220.3;0.048
15220.8;0.067
15221.3;0.017
15221.8;0.057
15222.3;0.036
15222.8;0.01
15223.3;0.024
15223.8;0.048
15224.3;0.021
15224.8;0.023
15225.3;0.062
15225.8;0.033
15226.3;0.011
15226.8;0.048
15227.3;0.024
15227.8;0.028
15228.3;0.058
15228.8;0.065
15229.3;0.062
15229.8;0.024
15230.3;0.038
15230.8;0.053
15231.3;0.072
15231.8;0.017
15232.3;0.039
15232.8;0.019
15233.3;0.026
15233.8;0.018
15234.3;0.078
15234.8;0.051
15235.3;0.042
15235.8;0.03
15236.3;0.054
15236.8;0.013
15237.3;0.058
15237.8;0.031
15238.3;0.035
15238.8;0.028
15239.3;0.032
15239.8;0.068
15240.3;0.041
15240.8;0.046
15241.3;0.06
15241.8;0.031
15242.3;0.022
15242.8;0.038
15243.3;0.02
15243.8;0.038
15244.3;0.025
15244.8;0.017
15245.3;0.012
15245.8;0.012
15246.3;0.023
15246.8;0.02
15247.3;0.055
15247.8;0.052
15248.3;0.025
15248.8;0.042
15249.3;0.012
15249.8;0.062
15250.3;0.033
15250.8;0.029
15251.3;0.04
15251.8;0.016
15252.3;0.015
15252.8;0.023
15253.3;0.023
15253.8;0.014
15254.3;0.012
15254.8;0.044
15255.3;0.036
15255.8;0.033
15256.3;0.001
15256.8;0.032
15257.3;0.057
15257.8;0.004
15258.3;0.026
15258.8;0.031
15259.3;0.052
15259.8;0.054
15260.3;0.031
15260.8;0.028
15261.3;0.042
15261.8;0.033
15262.3;0.047
15262.8;0.056
15263.3;0.016
15263.8;0.071
15264.3;0.032
15264.8;0.039
15265.3;0.011
15265.8;0.024
15266.3;0.026
15266.8;0.03
15267.3;0.012
15267.8;0.021
15268.3;0.025
15268.8;0.038
15269.3;0.007
15269.8;0.012
15270.3;0.014
15270.8;0.034
15271.3;0.015
15271.8;0.045
15272.3;0.014
15272.8;0.027
15273.3;0.034
15273.8;0.009
15274.3;0.032
15274.8;0.029
15275.3;0.022
15275.8;0.007
15276.3;0.045
15276.8;0.008
15277.3;0.012
15277.8;0.019
15278.3;0.049
15278.8;0.017
15279.3;0.028
15279.8;0.011
15280.3;0.027
15280.8;0.008
15281.3;0.048
15281.8;0.016
15282.3;0.055
15282.8;0.021
15283.3;0.017
15283.8;0.042
15284.3;0.056
15284.8;0.013
15285.3;0.013
15285.8;0.055
15286.3;0.025
15286.8;0.057
15287.3;0.032
15287.8;0.054
15288.3;0.04
15288.8;0.053
15289.3;0.045
15289.8;0.02
15290.3;0.029
15290.8;0.06
15291.3;0.034
15291.8;0.013
15292.3;0.002
15292.8;0.033
15293.3;0.041
15293.8;0.026
15294.3;0.023
15294.8;0.017
15295.3;0.018
15295.8;0.042
15296.3;0.041
15296.8;0.052
15297.3;0.015
15297.8;0.014
15298.3;0.028
15298.8;0.014
15299.3;0.021
15299.8;0.02
15300.3;0.022
15300.8;0.039
15301.3;0.084
15301.8;0.039
15302.3;0.018
15302.8;0.067
15303.3;0.036
15303.8;0.041
15304.3;0.025
15304.8;0.005
15305.3;0.023
15305.8;0.026
15306.3;0.04
15306.8;0.032
15307.3;0.04
15307.8;0.045
15308.3;0.023
15308.8;0.05
15309.3;0.027
15309.8;0.04
15310.3;0.033
15310.8;0.011
15311.3;0.015
15311.8;0.068
15312.3;0.071
15312.8;0.04
15313.3;0.031
15313.8;0.031
15314.3;0.063
15314.8;0.012
15315.3;0.032
15315.8;0.036
15316.3;0.016
15316.8;0.033
15317.3;0.05
15317.8;0.011
15318.3;0.029
15318.8;0.022
15319.3;0.028
15319.8;0.022
15320.3;0.059
15320.8;0.039
15321.3;0.026
15321.8;0.026
15322.3;0.048
15322.8;0.021
15323.3;0.048
15323.8;0.052
15324.3;0.038
15324.8;0.042
15325.3;0.058
15325.8;0.043
15326.3;0.041
15326.8;0.01
15327.3;0.074
15327.8;0.075
15328.3;0.037
15328.8;0.054
15329.3;0.052
15329.8;0.058
15330.3;0.034
15330.8;0.009
15331.3;0.041
15331.8;0.054
15332.3;0.008
15332.8;0.052
15333.3;0.024
15333.8;0.044
15334.3;0.02
15334.8;0.021
15335.3;0.023
15335.8;0.022
15336.3;0.048
15336.8;0.058
15337.3;0.011
15337.8;0.046
15338.3;0.017
15338.8;0.072
15339.3;0.012
15339.8;0.026
15340.3;0.035
15340.8;0.01
15341.3;0.078
15341.8;0.025
15342.3;0.047
15342.8;0.029
15343.3;0.043
15343.8;0.016
15344.3;0.015
15344.8;0.024
15345.3;0.019
15345.8;0.044
15346.3;0.01
15346.8;0.011
15347.3;0.056
15347.8;0.062
15348.3;0.033
15348.8;0.016
15349.3;0.02
15349.8;0.018
15350.3;0.04
15350.8;0.017
15351.3;0.006
15351.8;0.067
15352.3;0.018
15352.8;0.016
15353.3;0.045
15353.8;0.022
15354.3;0.011
15354.8;0.046
15355.3;0.043
15355.8;0.049
15356.3;0.042
15356.8;0.023
15357.3;0.035
15357.8;0.022
15358.3;0.01
15358.8;0.041
15359.3;0.023
15359.8;0.027
15360.3;0.056
15360.8;0.031
15361.3;0.002
15361.8;0.029
15362.3;0.019
15362.8;0.052
15363.3;0.028
15363.8;0.029
15364.3;0.007
15364.8;0.032
15365.3;0.029
15365.8;0.021
15366.3;0.061
15366.8;0.007
15367.3;0.035
15367.8;0.032
15368.3;0.077
15368.8;0.047
15369.3;0.081
15369.8;0.013
15370.3;0.014
15370.8;0.031
15371.3;0.059
15371.8;0.051
15372.3;0.036
15372.8;0.071
15373.3;0.025
15373.8;0.05
15374.3;0.028
15374.8;0.051
15375.3;0.033
15375.8;0.038
15376.3;0.059
15376.8;0.027
15377.3;0.066
15377.8;0.047
15378.3;0.04
15378.8;0.044
15379.3;0.018
15379.8;0.031
15380.3;0.027
15380.8;0.046
15381.3;0.066
15381.8;0.08
15382.3;0.032
15382.8;0.034
15383.3;0.034
15383.8;0.018
15384.3;0.017
15384.8;0.027
15385.3;0.017
15385.8;0.032
15386.3;0.037
15386.8;0.068
15387.3;0.024
15387.8;0.076
15388.3;0.01
15388.8;0.025
15389.3;0.045
15389.8;0.031
15390.3;0.04
15390.8;0.046
15391.3;0.028
15391.8;0.014
15392.3;0.034
15392.8;0.067
15393.3;0.025
15393.8;0.047
15394.3;0.004
15394.8;0.028
15395.3;0.027
15395.8;0.014
15396.3;0.018
15396.8;0.05
15397.3;0.007
15397.8;0.057
15398.3;0.046
15398.8;0.015
15399.3;0.026
15399.8;0.029
15400.3;0.023
15400.8;0.048
15401.3;0.025
15401.8;0.007
15402.3;0.024
15402.8;0.027
15403.3;0.034
15403.8;0.028
15404.3;0.043
15404.8;0.03
15405.3;0.013
15405.8;0.016
15406.3;0.037
15406.8;0.054
15407.3;0.03
15407.8;0.021
15408.3;0.041
15408.8;0.024
15409.3;0.035
15409.8;0.019
15410.3;0.036
15410.8;0.015
15411.3;0.02
15411.8;0.052
15412.3;0.025
15412.8;0.043
15413.3;0.039
15413.8;0.031
15414.3;0.018
15414.8;0.009
15415.3;0.017
15415.8;0.062
15416.3;0.001
15416.8;0.009
15417.3;0.026
15417.8;0.035
15418.3;0.022
15418.8;0.015
15419.3;0.038
15419.8;0.026
15420.3;0.074
15420.8;0.043
15421.3;0.025
15421.8;0.035
15422.3;0.038
15422.8;0.023
15423.3;0.033
15423.8;0.034
15424.3;0.033
15424.8;0.031
15425.3;0.04
15425.8;0.016
15426.3;0.036
15426.8;0.074
15427.3;0.065
15427.8;0.034
15428.3;0.009
15428.8;0.02
15429.3;0.057
15429.8;0.043
15430.3;0.014
15430.8;0.017
15431.3;0.012
15431.8;0.013
15432.3;0.019
15432.8;0.045
15433.3;0.022
15433.8;0.047
15434.3;0.07
15434.8;0.008
15435.4;0.022
15435.9;0.068
15436.4;0.043
15436.9;0.062
15437.4;0.033
15437.9;0.023
15438.4;0.012
15438.9;0.029
15439.4;0.028
15439.9;0.019
15440.4;0.013
15440.9;0.039
15441.4;0.023
15441.9;0.006
15442.4;0.017
15442.9;0.049
15443.4;0.021
15443.9;0.051
15444.4;0.044
15444.9;0.019
15445.4;0.067
15445.9;0.03
15446.4;0.016
15446.9;0.036
15447.4;0.042
15447.9;0.025
15448.4;0.06
15448.9;0.032
15449.4;0.016
15449.9;0.073
15450.4;0.015
15450.9;0.036
15451.4;0.034
15451.9;0.058
15452.4;0.014
15452.9;0.044
15453.4;0.043
15453.9;0.048
15454.4;0.046
15454.9;0.025
15455.4;0.055
15455.9;0.038
15456.4;0.026
15456.9;0.053
15457.4;0.022
15457.9;0.013
15458.4;0.033
15458.9;0.025
15459.4;0.056
15459.9;0.033
15460.4;0.01
15460.9;0.012
15461.4;0.015
15461.9;0.035
15462.4;0.044
15462.9;0.057
15463.4;0.022
15463.9;0.039
15464.4;0.008
15464.9;0.038
15465.4;0.048
15465.9;0.026
15466.4;0.038
15466.9;0.021
15467.4;0.065
15467.9;0.051
15468.4;0.032
15468.9;0.033
15469.4;0.049
15469.9;0.017
15470.4;0.058
15470.9;0.093
15471.4;0.049
15471.9;0.03
15472.4;0.049
15472.9;0.021
15473.4;0.045
15473.9;0.068
15474.4;0.08
15474.9;0.031
15475.4;0.072
15475.9;0.036
15476.4;0.074
15476.9;0.059
15477.4;0.03
15477.9;0.027
15478.4;0.032
15478.9;0.016
15479.4;0.013
15479.9;0.06
15480.4;0.007
15480.9;0.053
15481.4;0.011
15481.9;0.013
15482.4;0.029
15482.9;0.008
15483.4;0.043
15483.9;0.057
15484.4;0.017
15484.9;0.028
15485.4;0.01
15485.9;0.038
15486.4;0.054
15486.9;0.035
15487.4;0.047
15487.9;0.024
15488.4;0.038
15488.9;0.026
15489.4;0.018
15489.9;0.038
15490.4;0.042
15490.9;0.032
15491.4;0.018
15491.9;0.05
15492.4;0.069
15492.9;0.015
15493.4;0.017
15493.9;0.031
15494.4;0.019
15494.9;0.011
15495.4;0.047
15495.9;0.063
15496.4;0.024
15496.9;0.041
15497.4;0.042
15497.9;0.015
15498.4;0.048
15498.9;0.047
15499.4;0.047
15499.9;0.046
15500.4;0.037
15500.9;0.008
15501.4;0.042
15501.9;0.021
15502.4;0.026
15502.9;0.024
15503.4;0.006
15503.9;0.012
15504.4;0.021
15504.9;0.03
15505.4;0.009
15505.9;0.043
15506.4;0.016
15506.9;0.069
15507.4;0.008
15507.9;0.024
15508.4;0.039
15508.9;0.041
15509.4;0.031
15509.9;0.017
15510.4;0.028
15510.9;0.025
15511.4;0.06
15511.9;0.014
15512.4;0.028
15512.9;0.016
15513.4;0.041
15513.9;0.016
15514.4;0.049
15514.9;0.056
15515.4;0.051
15515.9;0.014
15516.4;0.043
15516.9;0.018
15517.4;0.062
15517.9;0.043
15518.4;0.025
15518.9;0.037
15519.4;0.031
15519.9;0.028
15520.4;0.039
15520.9;0.022
15521.4;0.027
15521.9;0.055
15522.4;0.039
15522.9;0.011
15523.4;0.036
15523.9;0.029
15524.4;0.012
15524.9;0.022
15525.4;0.038
15525.9;0.014
15526.4;0.024
15526.9;0.019
15527.4;0.046
15527.9;0.049
15528.4;0.02
15528.9;0.024
15529.4;0.03
15529.9;0.017
15530.4;0.014
15530.9;0.027
15531.4;0.03
15531.9;0.032
15532.4;0.005
15532.9;0.018
15533.4;0.041
15533.9;0.029
15534.4;0.027
15534.9;0.06
15535.4;0.08
15535.9;0.03
15536.4;0.067
15536.9;0.049
15537.4;0.011
15537.9;0.054
15538.4;0.011
15538.9;0.042
15539.4;0.021
15539.9;0.021
15540.4;0.024
15540.9;0.023
15541.4;0.053
15541.9;0.051
15542.4;0.026
15542.9;0.007
15543.4;0.01
15543.9;0.038
15544.4;0.047
15544.9;0.03
15545.4;0.02
15545.9;0.025
15546.4;0.023
15546.9;0.016
15547.4;0.004
15547.9;0.019
15548.4;0.067
15548.9;0.019
15549.4;0.072
15549.9;0.052
15550.4;0.032
15550.9;0.079
15551.4;0.008
15551.9;0.01
15552.4;0.045
15552.9;0.014
15553.4;0.033
15553.9;0.02
15554.4;0.024
15554.9;0.022
15555.4;0.052
15555.9;0.048
15556.4;0.016
15556.9;0.045
15557.4;0.029
15557.9;0.041
15558.4;0.05
15558.9;0.025
15559.4;0.043
15559.9;0.035
15560.4;0.022
15560.9;0.054
15561.4;0.032
15561.9;0.062
15562.4;0.021
15562.9;0.029
15563.4;0.05
15563.9;0.062
15564.4;0.061
15564.9;0.048
15565.4;0.05
15565.9;0.031
15566.4;0.042
15566.9;0.035
15567.4;0.087
15567.9;0.029
15568.4;0.03
15568.9;0.025
15569.4;0.031
15569.9;0.043
15570.4;0.041
15570.9;0.018
15571.4;0.064
15571.9;0.057
15572.4;0.036
15572.9;0.03
15573.4;0.039
15573.9;0.019
15574.4;0.021
15574.9;0.03
15575.4;0.022
15575.9;0.049
15576.4;0.026
15576.9;0.053
15577.4;0.01
15577.9;0.029
15578.4;0.049
15578.9;0.006
15579.4;0.053
15579.9;0.017
15580.4;0.04
15580.9;0.039
15581.4;0.035
15581.9;0.027
15582.4;0.029
15582.9;0.024
15583.4;0.046
15583.9;0.044
15584.4;0.022
15584.9;0.048
15585.4;0.022
15585.9;0.058
15586.4;0.039
15586.9;0.034
15587.4;0.015
15587.9;0.032
15588.4;0.04
15588.9;0.034
15589.4;0.02
15589.9;0.055
15590.4;0.037
15590.9;0.034
15591.4;0.023
15591.9;0.037
15592.4;0.035
15592.9;0.031
15593.4;0.011
15593.9;0.015
15594.4;0.03
15594.9;0.04
15595.4;0.026
15595.9;0.036
15596.4;0.038
15596.9;0.03
15597.4;0.077
15597.9;0.03
15598.4;0.042
15598.9;0.027
15599.4;0.029
15599.9;0.053
15600.4;0.015
15600.9;0.027
15601.4;0.013
15601.9;0.031
15602.4;0.046
15602.9;0.033
15603.4;0.045
15603.9;0.01
15604.4;0.031
15604.9;0.042
15605.4;0.013
15605.9;0.023
15606.4;0.031
15606.9;0.039
15607.4;0.06
15607.9;0.049
15608.4;0.036
15608.9;0.031
15609.4;0.01
15609.9;0.018
15610.4;0.026
15610.9;0.052
15611.4;0.064
15611.9;0.056
15612.4;0.028
15612.9;0.036
15613.4;0.041
15613.9;0.038
15614.4;0.02
15614.9;0.023
15615.4;0.031
15615.9;0.037
15616.4;0.02
15616.9;0.018
15617.4;0.03
15617.9;0.047
15618.4;0.056
15618.9;0.039
15619.4;0.017
15619.9;0.026
15620.4;0.013
15620.9;0.048
15621.4;0.014
15621.9;0.053
15622.4;0.006
15622.9;0.02
15623.4;0.027
15623.9;0.046
15624.4;0.014
15624.9;0.026
15625.4;0.033
15625.9;0.038
15626.4;0.011
15626.9;0.026
15627.4;0.023
15627.9;0.02
15628.4;0.032
15628.9;0.012
15629.4;0.037
15629.9;0.035
15630.4;0.038
15630.9;0.057
15631.4;0.035
15631.9;0.056
15632.4;0.095
15632.9;0.055
15633.4;0.034
15633.9;0.046
15634.4;0.04
15634.9;0.031
15635.4;0.055
15635.9;0.039
15636.4;0.016
15636.9;0.03
15637.4;0.031
15637.9;0.008
15638.4;0.028
15638.9;0.055
15639.4;0.032
15639.9;0.036
15640.4;0.022
15640.9;0.052
15641.4;0.026
15641.9;0.018
15642.4;0.082
15642.9;0.029
15643.4;0.058
15643.9;0.021
15644.4;0.016
15644.9;0.033
15645.4;0.013
15645.9;0.023
15646.4;0.034
15646.9;0.029
15647.4;0.064
15647.9;0.025
15648.4;0.027
15648.9;0.008
15649.4;0.025
15649.9;0.016
15650.4;0.042
15650.9;0.017
15651.4;0.038
15651.9;0.034
15652.4;0.023
15652.9;0.04
15653.4;0.025
15653.9;0.008
15654.4;0.077
15654.9;0.027
15655.4;0.044
15655.9;0.032
15656.4;0.051
15656.9;0.038
15657.4;0.038
15657.9;0.004
15658.4;0.017
15658.9;0.002
15659.4;0.012
15659.9;0.009
15660.4;0.042
15660.9;0.03
15661.4;0.034
15661.9;0.068
15662.4;0.019
15662.9;0.035
15663.4;0.031
15663.9;0.026
15664.4;0.01
15664.9;0.021
15665.4;0.058
15665.9;0.015
15666.4;0.018
15666.9;0.031
15667.4;0.039
15667.9;0.021
15668.4;0.03
15668.9;0.045
15669.4;0.045
15669.9;0.033
15670.4;0.044
15670.9;0.009
15671.4;0.005
15671.9;0.033
15672.4;0.03
15672.9;0.028
15673.4;0.029
15673.9;0.045
15674.4;0.042
15674.9;0.055
15675.4;0.012
15675.9;0.037
15676.4;0.002
15676.9;0.01
15677.4;0.036
15677.9;0.038
15678.4;0.066
15678.9;0.024
15679.4;0.06
15679.9;0.03
15680.4;0.06
15680.9;0.021
15681.4;0.052
15681.9;0.054
15682.4;0.006
15682.9;0.017
15683.4;0.03
15683.9;0.015
15684.4;0.054
15684.9;0.048
15685.4;0.054
15685.9;0.039
15686.4;0.031
15686.9;0.075
15687.4;0.044
15687.9;0.045
15688.4;0.047
15688.9;0.03
15689.4;0.046
15689.9;0.034
15690.4;0.075
15690.9;0.023
15691.4;0.041
15691.9;0.037
15692.4;0.087
15692.9;0.042
15693.4;0.099
15693.9;0.07
15694.4;0.026
15694.9;0.052
15695.4;0.027
15695.9;0.084
15696.4;0.023
15696.9;0.015
15697.4;0.042
15697.9;0.062
15698.4;0.061
15698.9;0.072
15699.4;0.052
15699.9;0.08
15700.4;0.024
15700.9;0.047
15701.4;0.044
15701.9;0.012
15702.4;0.014
15702.9;0.063
15703.4;0.024
15703.9;0.014
15704.4;0.071
15704.9;0.051
15705.4;0.061
15705.9;0.028
15706.4;0.056
15706.9;0.059
15707.4;0.041
15707.9;0.055
15708.4;0.03
15708.9;0.058
15709.4;0.061
15709.9;0.026
15710.4;0.035
15710.9;0.029
15711.4;0.034
15711.9;0.06
15712.4;0.013
15712.9;0.029
15713.4;0.076
15713.9;0.096
15714.4;0.045
15714.9;0.069
15715.4;0.066
15715.9;0.053
15716.4;0.045
15716.9;0.038
15717.4;0.025
15717.9;0.028
15718.4;0.06
15718.9;0.066
15719.4;0.044
15719.9;0.033
15720.4;0.026
15720.9;0.051
15721.4;0.046
15721.9;0.045
15722.4;0.072
15722.9;0.037
15723.4;0.036
15723.9;0.03
15724.4;0.021
15724.9;0.028
15725.4;0.057
15725.9;0.053
15726.4;0.046
15726.9;0.023
15727.4;0.031
15727.9;0.044
15728.4;0.048
15728.9;0.014
15729.4;0.06
15729.9;0.025
15730.4;0.015
15730.9;0.056
15731.4;0.023
15731.9;0.022
15732.4;0.038
15732.9;0.035
15733.4;0.012
15733.9;0.053
15734.4;0.055
15734.9;0.027
15735.4;0.019
15735.9;0.05
15736.4;0.001
15736.9;0.038
15737.4;0.057
15737.9;0.043
15738.4;0.005
15738.9;0.009
15739.4;0.01
15739.9;0.003
15740.4;0.03
15740.9;0.011
15741.4;0.04
15741.9;0.024
15742.4;0.033
15742.9;0.021
15743.4;0.028
15743.9;0.046
15744.4;0.051
15744.9;0.035
15745.4;0.023
15745.9;0.038
15746.4;0.02
15746.9;0.016
15747.4;0.006
15747.9;0.015
15748.4;0.028
15748.9;0.021
15749.4;0.009
15749.9;0.012
15750.4;0.017
15750.9;0.006
15751.4;0.016
15751.9;0.004
15752.4;0.007
15752.9;0.035
15753.4;0.006
15753.9;0.017
15754.4;0.013
15754.9;0.047
15755.4;0.028
15755.9;0.01
15756.4;0.033
15756.9;0.006
15757.4;0.017
15757.9;0.014
15758.4;0.029
15758.9;0.031
15759.4;0.013
15759.9;0.012
15760.4;0.005
15760.9;0.008
15761.4;0.009
15761.9;0.03
15762.4;0.018
15762.9;0.018
15763.4;0.018
15763.9;0.017
15764.4;0.008
15764.9;0.008
15765.4;0.024
15765.9;0.005
15766.4;0.008
15766.9;0.031
15767.4;0.016
15767.9;0.016
15768.4;0.01
15768.9;0.016
15769.4;0.012
15769.9;0.023
15770.4;0.012
15770.9;0.005
15771.4;0.012
15771.9;0.017
15772.4;0.02
15772.9;0.029
15773.4;0.004
15773.9;0.011
15774.4;0.023
15774.9;0.01
15775.4;0.008
15775.9;0.022
15776.4;0.018
15776.9;0.01
15777.4;0.032
15777.9;0.017
15778.4;0.004
15778.9;0.011
15779.4;0.028
15779.9;0.014
15780.4;0.017
15780.9;0.035
15781.4;0.023
15781.9;0.014
15782.4;0.017
15782.9;0.019
15783.4;0.019
15783.9;0.018
15784.4;0.019
15784.9;0.018
15785.4;0.011
15785.9;0.013
15786.4;0.022
15786.9;0.023
15787.4;0.004
15787.9;0.012
15788.4;0.022
15788.9;0.008
15789.4;0.019
15789.9;0.027
15790.4;0.011
15790.9;0.007
15791.4;0.022
15791.9;0.023
15792.4;0.012
15792.9;0.023
15793.4;0.007
15793.9;0.009
15794.4;0.012
15794.9;0.027
15795.4;0.019
15795.9;0.009
15796.4;0.02
15796.9;0.015
15797.4;0.03
15797.9;0.008
15798.4;0.01
15798.9;0.016
15799.4;0.01
15799.9;0.02
15800.4;0.031
15800.9;0.018
15801.4;0.003
15801.9;0.011
15802.4;0.022
15802.9;0.005
15803.4;0.016
15803.9;0.034
15804.4;0.011
15804.9;0.005
15805.4;0.027
15805.9;0.024
15806.4;0.008
15806.9;0.014
15807.4;0.008
15807.9;0.01
15808.4;0.018
15808.9;0.021
15809.4;0.02
15809.9;0.012
15810.4;0.012
15810.9;0.014
15811.4;0.019
15811.9;0.014
15812.4;0.012
15812.9;0.025
15813.4;0.006
15813.9;0.016
15814.4;0.023
15814.9;0.013
15815.4;0.009
15815.9;0.014
15816.4;0.024
15816.9;0.009
15817.4;0.014
15817.9;0.026
15818.4;0.013
15818.9;0.009
15819.4;0.028
15819.9;0.02
15820.4;0.016
15820.9;0.017
15821.4;0.017
15821.9;0.009
15822.4;0.009
15822.9;0.017
15823.4;0.02
15823.9;0.012
15824.4;0.011
15824.9;0.02
15825.4;0.019
15825.9;0.009
15826.4;0.007
15826.9;0.019
15827.4;0.006
15827.9;0.015
15828.4;0.03
15828.9;0.018
15829.4;0.002
15829.9;0.009
15830.4;0.013
15830.9;0.008
15831.4;0.016
15831.9;0.023
15832.4;0.009
15832.9;0.002
15833.4;0.018
15833.9;0.021
15834.4;0.012
15834.9;0.016
15835.4;0.015
15835.9;0.012
15836.4;0.015
15836.9;0.026
15837.4;0.017
15837.9;0.009
15838.4;0.013
15838.9;0.014
15839.4;0.013
15839.9;0.01
15840.4;0.017
15840.9;0.017
15841.4;0.007
15841.9;0.016
15842.4;0.025
15842.9;0.012
15843.4;0.002
15843.9;0.019
15844.4;0.014
15844.9;0.002
15845.4;0.017
15845.9;0.024
15846.4;0.008
15846.9;0.004
15847.4;0.017
15847.9;0.014
15848.4;0.007
15848.9;0.006
15849.4;0.02
15849.9;0.013
15850.4;0.002
15850.9;0.018
15851.4;0.023
15851.9;0.006
15852.4;0.01
15852.9;0.02
15853.4;0.01
15853.9;0.006
15854.4;0.015
15854.9;0.02
15855.4;0.003
15855.9;0.008
15856.4;0.017
15856.9;0.015
15857.4;0.006
15857.9;0.016
15858.4;0.019
15858.9;0.006
15859.4;0.011
15859.9;0.019
15860.4;0.014
15860.9;0.005
15861.4;0.014
15861.9;0.015
15862.4;0.003
15862.9;0.015
15863.4;0.014
15863.9;0.011
15864.4;0.001
15864.9;0.018
15865.4;0.015
15865.9;0.006
15866.4;0.015
15866.9;0.017
15867.4;0.012
15867.9;0.008
15868.4;0.02
15868.9;0.017
15869.4;0.005
15869.9;0.009
15870.4;0.02
15870.9;0.008
15871.4;0.005
15871.9;0.015
15872.4;0.017
15872.9;0.003
15873.4;0.01
15873.9;0.023
15874.4;0.009
15874.9;0.004
15875.4;0.016
15875.9;0.013
15876.4;0.004
15876.9;0.018
15877.4;0.017
15877.9;0.015
15878.4;0.007
15878.9;0.012
15879.4;0.015
15879.9;0.006
15880.4;0.014
15880.9;0.016
15881.4;0.014
15881.9;0.012
15882.4;0.011
15882.9;0.021
15883.4;0.004
15883.9;0.007
15884.4;0.016
15884.9;0.005
15885.4;0.004
15885.9;0.02
15886.4;0.014
15886.9;0.009
15887.4;0.008
15887.9;0.018
15888.4;0.008
15888.9;0.001
15889.4;0.021
15889.9;0.011
15890.4;0.008
15890.9;0.018
15891.4;0.013
15891.9;0.014
15892.4;0.006
15892.9;0.01
15893.4;0.016
15893.9;0.006
15894.4;0.01
15894.9;0.016
15895.4;0.012
15895.9;0.008
15896.4;0.011
15896.9;0.022
15897.4;0.005
15897.9;0.004
15898.4;0.021
15898.9;0.008
15899.4;0.003
15899.9;0.019
15900.4;0.014
15900.9;0.009
15901.4;0.01
15901.9;0.015
15902.4;0.013
15902.9;0.006
15903.4;0.015
15903.9;0.014
15904.4;0.008
15904.9;0.016
15905.4;0.012
15905.9;0.016
15906.4;0.009
15906.9;0.011
15907.4;0.015
15907.9;0.001
15908.4;0.011
15908.9;0.017
15909.4;0.011
15909.9;0.007
15910.4;0.014
15910.9;0.015
15911.4;0.006
15911.9;0.009
15912.4;0.019
15912.9;0.008
15913.4;0.004
15913.9;0.016
15914.4;0.013
15914.9;0.004
15915.4;0.012
15915.9;0.014
15916.4;0.009
15916.9;0.003
15917.4;0.012
15917.9;0.016
15918.4;0.004
15918.9;0.011
15919.4;0.015
15919.9;0.012
15920.4;0.008
15920.9;0.012
15921.4;0.015
15921.9;0.005
15922.4;0.009
15922.9;0.015
15923.4;0.008
15923.9;0.006
15924.4;0.012
15924.9;0.012
15925.4;0.007
15925.9;0.01
15926.4;0.014
15926.9;0.011
15927.4;0.005
15927.9;0.016
15928.4;0.01
15928.9;0.006
15929.4;0.012
15929.9;0.012
15930.4;0.007
15930.9;0.005
15931.4;0.012
15931.9;0.012
15932.4;0.005
15932.9;0.008
15933.4;0.012
15933.9;0.007
15934.4;0.005
15934.9;0.012
15935.4;0.013
15935.9;0.008
15936.4;0.006
15936.9;0.016
15937.4;0.01
15937.9;0.005
15938.4;0.011
15938.9;0.01
15939.4;0.009
15939.9;0.01
15940.4;0.012
15940.9;0.008
15941.4;0.004
15941.9;0.014
15942.4;0.014
15942.9;0.007
15943.4;0.009
15943.9;0.01
15944.4;0.01
15944.9;0.007
15945.4;0.013
15945.9;0.016
15946.4;0.003
15946.9;0.01
15947.4;0.016
15947.9;0.011
15948.4;0.008
15948.9;0.006
15949.4;0.013
15949.9;0.009
15950.4;0.007
15950.9;0.013
15951.4;0.011
15951.9;0.005
15952.4;0.013
15952.9;0.012
15953.4;0.006
15953.9;0.01
15954.4;0.01
15954.9;0.012
15955.4;0.005
15955.9;0.015
15956.4;0.011
15956.9;0.007
15957.4;0.012
15957.9;0.01
15958.4;0.009
15958.9;0.009
15959.4;0.011
15959.9;0.013
15960.4;0.006
15960.9;0.008
15961.4;0.013
15961.9;0.006
15962.4;0.004
15962.9;0.011
15963.4;0.011
15963.9;0.004
15964.4;0.006
15964.9;0.015
15965.4;0.01
15965.9;0.005
15966.4;0.016
15966.9;0.007
15967.4;0.007
15967.9;0.01
15968.4;0.015
15968.9;0.01
15969.4;0.006
15969.9;0.015
15970.4;0.012
15970.9;0.009
15971.4;0.011
15971.9;0.01
15972.4;0.011
15972.9;0.006
15973.4;0.012
15973.9;0.011
15974.4;0.003
15974.9;0.01
15975.4;0.012
15975.9;0.011
15976.4;0.007
15976.9;0.011
15977.4;0.009
15977.9;0.008
15978.4;0.008
15978.9;0.013
15979.4;0.007
15979.9;0.005
15980.4;0.011
15980.9;0.009
15981.4;0.01
15981.9;0.009
15982.4;0.01
15982.9;0.009
15983.4;0.006
15983.9;0.012
15984.4;0.013
15984.9;0.007
15985.4;0.01
15985.9;0.01
15986.4;0.01
15986.9;0.008
15987.4;0.01
15987.9;0.01
15988.4;0.005
15988.9;0.008
15989.4;0.011
15989.9;0.009
15990.4;0.005
15990.9;0.011
15991.4;0.013
15991.9;0.008
15992.4;0.006
15992.9;0.012
15993.4;0.011
15993.9;0.003
15994.4;0.012
15994.9;0.012
15995.4;0.008
15995.9;0.005
15996.4;0.014
15996.9;0.01
15997.4;0.004
15997.9;0.009
15998.4;0.009
15998.9;0.009
15999.4;0.009
15999.9;0.015
16000.4;0.01
16000.9;0.008
16001.4;0.009
16001.9;0.012
16002.4;0.01
16002.9;0.008
16003.4;0.009
16003.9;0.008
16004.4;0.007
16004.9;0.014
16005.4;0.013
16005.9;0.006
16006.4;0.013
16006.9;0.015
16007.4;0.009
16007.9;0.006
16008.4;0.012
16008.9;0.012
16009.4;0.004
16009.9;0.008
16010.4;0.011
16010.9;0.012
16011.4;0.005
16011.9;0.013
16012.4;0.015
16012.9;0.008
16013.4;0.006
16013.9;0.013
16014.4;0.01
16014.9;0.008
16015.4;0.013
16015.9;0.011
16016.4;0.007
16016.9;0.009
16017.4;0.011
16017.9;0.009
16018.4;0.007
16018.9;0.009
16019.4;0.011
16019.9;0.009
16020.4;0.008
16020.9;0.011
16021.4;0.009
16021.9;0.005
16022.4;0.01
16022.9;0.012
16023.4;0.006
16023.9;0.009
16024.4;0.009
16024.9;0.007
16025.4;0.008
16025.9;0.008
16026.4;0.009
16026.9;0.006
16027.4;0.01
16027.9;0.011
16028.4;0.009
16028.9;0.008
16029.4;0.009
16029.9;0.011
16030.4;0.009
16030.9;0.007
16031.4;0.011
16031.9;0.009
16032.4;0.006
16032.9;0.009
16033.4;0.01
16033.9;0.009
16034.4;0.008
16034.9;0.011
16035.4;0.011
16035.9;0.006
16036.4;0.011
16036.9;0.012
16037.4;0.008
16037.9;0.007
16038.4;0.009
16038.9;0.01
16039.4;0.007
16039.9;0.01
16040.4;0.012
16040.9;0.007
16041.4;0.007
16041.9;0.01
16042.4;0.011
16042.9;0.009
16043.4;0.009
16043.9;0.011
16044.4;0.008
16044.9;0.008
16045.4;0.012
16045.9;0.01
16046.4;0.006
16046.9;0.01
16047.4;0.011
16047.9;0.009
16048.4;0.01
16048.9;0.011
16049.4;0.01
16049.9;0.004
16050.4;0.01
16050.9;0.011
16051.4;0.009
16051.9;0.007
16052.4;0.011
16052.9;0.01
16053.4;0.006
16053.9;0.009
16054.4;0.011
16054.9;0.006
16055.4;0.008
16055.9;0.011
16056.4;0.01
16056.9;0.007
16057.4;0.009
16057.9;0.012
16058.4;0.007
16058.9;0.008
16059.4;0.01
16059.9;0.009
16060.4;0.008
16060.9;0.009
16061.4;0.012
16061.9;0.008
16062.4;0.007
16062.9;0.011
16063.4;0.008
16063.9;0.006
16064.4;0.011
16064.9;0.011
16065.4;0.008
16065.9;0.009
16066.4;0.012
16066.9;0.011
16067.4;0.006
16067.9;0.009
16068.4;0.011
16068.9;0.008
16069.4;0.009
16069.9;0.011
16070.4;0.01
16070.9;0.007
16071.4;0.011
16071.9;0.011
16072.4;0.008
16072.9;0.008
16073.4;0.01
16073.9;0.01
16074.4;0.007
16074.9;0.009
16075.4;0.011
16075.9;0.008
16076.4;0.008
16076.9;0.011
16077.4;0.011
16077.9;0.008
16078.4;0.009
16078.9;0.011
16079.4;0.01
16079.9;0.007
16080.4;0.011
16080.9;0.008
16081.4;0.007
16081.9;0.01
16082.4;0.01
16082.9;0.009
16083.4;0.006
16083.9;0.01
16084.4;0.01
16084.9;0.006
16085.4;0.01
16085.9;0.011
16086.4;0.009
16086.9;0.008
16087.4;0.01
16087.9;0.011
16088.4;0.006
16088.9;0.009
16089.4;0.01
16089.9;0.007
16090.4;0.008
16090.9;0.012
16091.4;0.011
16091.9;0.009
16092.4;0.009
16092.9;0.011
16093.4;0.009
16093.9;0.008
16094.4;0.01
16094.9;0.009
16095.4;0.008
16095.9;0.009
16096.4;0.009
16096.9;0.009
16097.4;0.006
16097.9;0.009
16098.4;0.009
16098.9;0.008
16099.4;0.009
16099.9;0.01
16100.4;0.008
16100.9;0.008
16101.4;0.009
16101.9;0.012
16102.4;0.007
16102.9;0.01
16103.4;0.012
16103.9;0.007
16104.4;0.008
16104.9;0.009
16105.4;0.01
16105.9;0.007
16106.4;0.008
16106.9;0.009
16107.4;0.008
16107.9;0.009
16108.4;0.011
16108.9;0.009
16109.4;0.008
16109.9;0.007
16110.4;0.011
16110.9;0.01
16111.4;0.008
16111.9;0.011
16112.4;0.009
16112.9;0.007
16113.4;0.008
16113.9;0.009
16114.4;0.009
16114.9;0.007
16115.4;0.01
16115.9;0.009
16116.4;0.006
16116.9;0.009
16117.4;0.01
16117.9;0.008
16118.4;0.008
16118.9;0.009
16119.4;0.01
16119.9;0.006
16120.4;0.009
16120.9;0.012
16121.4;0.009
16121.9;0.008
16122.4;0.01
16122.9;0.01
16123.4;0.008
16123.9;0.008
16124.4;0.01
16124.9;0.008
16125.4;0.008
16125.9;0.01
16126.4;0.009
16126.9;0.008
16127.4;0.007
16127.9;0.011
16128.4;0.008
16128.9;0.005
16129.4;0.011
16129.9;0.008
16130.4;0.009
16130.9;0.008
16131.4;0.01
16131.9;0.011
16132.4;0.007
16132.9;0.01
16133.4;0.01
16133.9;0.008
16134.4;0.009
16134.9;0.009
16135.4;0.009
16135.9;0.009
16136.4;0.008
16136.9;0.01
16137.4;0.007
16137.9;0.009
16138.4;0.012
16138.9;0.009
16139.4;0.008
16139.9;0.01
16140.4;0.009
16140.9;0.01
16141.4;0.008
16141.9;0.012
16142.4;0.01
16142.9;0.007
16143.4;0.009
16143.9;0.009
16144.4;0.009
16144.9;0.009
16145.4;0.01
16145.9;0.01
16146.4;0.007
16146.9;0.009
16147.4;0.009
16147.9;0.008
16148.4;0.009
16148.9;0.01
16149.4;0.01
16149.9;0.006
16150.4;0.009
16150.9;0.01
16151.4;0.008
16151.9;0.009
16152.4;0.01
16152.9;0.008
16153.4;0.008
16153.9;0.008
16154.4;0.01
16154.9;0.008
16155.4;0.008
16155.9;0.01
16156.4;0.008
16156.9;0.007
16157.4;0.009
16157.9;0.011
16158.4;0.009
16158.9;0.009
16159.4;0.01
16159.9;0.008
16160.4;0.008
16160.9;0.009
16161.4;0.009
16161.9;0.008
16162.4;0.009
16162.9;0.011
16163.4;0.008
16163.9;0.008
16164.4;0.008
16164.9;0.01
16165.4;0.008
16165.9;0.009
16166.4;0.009
16166.9;0.011
16167.4;0.009
16167.9;0.008
16168.4;0.01
16168.9;0.008
16169.4;0.007
16169.9;0.01
16170.4;0.008
16170.9;0.008
16171.4;0.008
16171.9;0.008
16172.4;0.009
16172.9;0.006
16173.4;0.011
16173.9;0.01
16174.4;0.007
16174.9;0.008
16175.4;0.01
16175.9;0.009
16176.4;0.008
16176.9;0.01
16177.4;0.01
16177.9;0.009
16178.4;0.01
16178.9;0.01
16179.4;0.008
16179.9;0.007
16180.4;0.01
16180.9;0.009
16181.4;0.008
16181.9;0.01
16182.4;0.01
16182.9;0.008
16183.4;0.009
16183.9;0.009
16184.4;0.01
16184.9;0.008
16185.4;0.008
16185.9;0.01
16186.4;0.009
16186.9;0.008
16187.4;0.01
16187.9;0.01
16188.4;0.009
16188.9;0.009
16189.4;0.01
16189.9;0.009
16190.4;0.009
16190.9;0.009
16191.4;0.009
16191.9;0.009
16192.4;0.008
16192.9;0.01
16193.4;0.009
16193.9;0.009
16194.4;0.01
16194.9;0.01
16195.4;0.007
16195.9;0.009
16196.4;0.01
16196.9;0.008
16197.4;0.009
16197.9;0.01
16198.4;0.011
16198.9;0.008
16199.4;0.008
16199.9;0.011
16200.4;0.009
16200.9;0.008
16201.4;0.01
16201.9;0.009
16202.4;0.009
16202.9;0.008
16203.4;0.01
16203.9;0.01
16204.4;0.008
16204.9;0.009
16205.4;0.009
16205.9;0.008
16206.4;0.008
16206.9;0.01
16207.4;0.009
16207.9;0.008
16208.4;0.011
16208.9;0.01
16209.4;0.008
16209.9;0.008
16210.4;0.011
16210.9;0.01
16211.4;0.007
16211.9;0.009
16212.4;0.01
16212.9;0.006
16213.4;0.009
16213.9;0.01
16214.4;0.008
16214.9;0.008
16215.4;0.009
16215.9;0.01
16216.4;0.008
16216.9;0.008
16217.4;0.01
16217.9;0.009
16218.4;0.006
16218.9;0.01
16219.4;0.009
16219.9;0.01
16220.4;0.009
16220.9;0.011
16221.4;0.009
16221.9;0.008
16222.4;0.01
16222.9;0.01
16223.4;0.008
16223.9;0.009
16224.4;0.01
16224.9;0.009
16225.4;0.007
16225.9;0.009
16226.4;0.01
16226.9;0.008
16227.4;0.008
16227.9;0.01
16228.4;0.008
16228.9;0.009
16229.4;0.009
16229.9;0.011
16230.4;0.009
16230.9;0.008
16231.4;0.011
16231.9;0.008
16232.4;0.007
16232.9;0.009
16233.4;0.009
16233.9;0.008
16234.4;0.008
16234.9;0.011
16235.4;0.009
16235.9;0.007
16236.4;0.01
16236.9;0.01
16237.4;0.008
16237.9;0.008
16238.4;0.01
16238.9;0.008
16239.4;0.006
16239.9;0.009
16240.4;0.01
16240.9;0.008
16241.4;0.007
16241.9;0.012
16242.4;0.01
16242.9;0.007
16243.4;0.009
16243.9;0.012
16244.4;0.009
16244.9;0.008
16245.4;0.011
16245.9;0.009
16246.4;0.008
16246.9;0.01
16247.4;0.011
16247.9;0.009
16248.4;0.009
16248.9;0.011
16249.4;0.008
16249.9;0.008
16250.4;0.01
16250.9;0.009
16251.4;0.008
16251.9;0.008
16252.4;0.01
16252.9;0.009
16253.4;0.007
16253.9;0.01
16254.4;0.011
16254.9;0.008
16255.4;0.008
16255.9;0.01
16256.4;0.011
16256.9;0.007
16257.4;0.009
16257.9;0.01
16258.4;0.008
16258.9;0.007
16259.4;0.01
16259.9;0.01
16260.4;0.007
16260.9;0.009
16261.4;0.012
16261.9;0.008
16262.4;0.007
16262.9;0.011
16263.4;0.01
16263.9;0.007
16264.4;0.009
16264.9;0.01
16265.4;0.009
16265.9;0.007
16266.4;0.01
16266.9;0.01
16267.4;0.007
16267.9;0.011
16268.4;0.01
16268.9;0.008
16269.4;0.008
16269.9;0.01
16270.4;0.01
16270.9;0.006
16271.4;0.011
16271.9;0.01
16272.4;0.008
16272.9;0.008
16273.4;0.01
16273.9;0.01
16274.4;0.008
16274.9;0.01
16275.4;0.011
16275.9;0.007
16276.4;0.008
16276.9;0.011
16277.4;0.009
16277.9;0.006
16278.4;0.009
16278.9;0.01
16279.4;0.008
16279.9;0.008
16280.4;0.012
16280.9;0.009
16281.4;0.007
16281.9;0.008
16282.4;0.01
16282.9;0.009
16283.4;0.008
16283.9;0.011
16284.4;0.011
16284.9;0.005
16285.4;0.01
16285.9;0.011
16286.4;0.008
16286.9;0.009
16287.4;0.01
16287.9;0.01
16288.4;0.004
16288.9;0.01
16289.4;0.011
16289.9;0.007
16290.4;0.008
16290.9;0.011
16291.4;0.01
16291.9;0.006
16292.4;0.009
16292.9;0.011
16293.4;0.008
16293.9;0.008
16294.4;0.012
16294.9;0.01
16295.4;0.007
16295.9;0.01
16296.4;0.012
16296.9;0.007
16297.4;0.006
16297.9;0.012
16298.4;0.009
16298.9;0.005
16299.4;0.011
16299.9;0.013
16300.4;0.009
16300.9;0.008
16301.4;0.01
16301.9;0.01
16302.4;0.005
16302.9;0.01
16303.4;0.01
16303.9;0.008
16304.4;0.008
16304.9;0.011
16305.4;0.012
16305.9;0.006
16306.4;0.01
16306.9;0.01
16307.4;0.008
16307.9;0.009
16308.4;0.011
16308.9;0.01
16309.4;0.007
16309.9;0.009
16310.4;0.012
16310.9;0.007
16311.4;0.007
16311.9;0.011
16312.4;0.01
16312.9;0.007
16313.4;0.01
16313.9;0.011
16314.4;0.008
16314.9;0.007
16315.4;0.012
16315.9;0.01
16316.4;0.006
16316.9;0.01
16317.4;0.012
16317.9;0.009
16318.4;0.008
16318.9;0.012
16319.4;0.01
16319.9;0.005
16320.4;0.011
16320.9;0.011
16321.4;0.007
16321.9;0.008
16322.4;0.011
16322.9;0.011
16323.4;0.006
16323.9;0.009
16324.4;0.013
16324.9;0.007
16325.4;0.008
16325.9;0.012
16326.4;0.01
16326.9;0.006
16327.4;0.011
16327.9;0.011
16328.4;0.008
16328.9;0.007
16329.4;0.011
16329.9;0.01
16330.4;0.007
16330.9;0.009
16331.4;0.011
16331.9;0.008
16332.4;0.007
16332.9;0.012
16333.4;0.01
16333.9;0.005
16334.4;0.012
16334.9;0.011
16335.4;0.009
16335.9;0.007
16336.4;0.011
16336.9;0.01
16337.4;0.005
16337.9;0.011
16338.4;0.012
16338.9;0.008
16339.4;0.009
16339.9;0.012
16340.4;0.012
16340.9;0.006
16341.4;0.01
16341.9;0.012
16342.4;0.007
16342.9;0.007
16343.4;0.012
16343.9;0.01
16344.4;0.007
16344.9;0.01
16345.4;0.013
16345.9;0.007
16346.4;0.008
16346.9;0.013
16347.4;0.008
16347.9;0.006
16348.4;0.01
16348.9;0.012
16349.4;0.007
16349.9;0.008
16350.4;0.011
16350.9;0.011
16351.4;0.005
16351.9;0.011
16352.4;0.012
16352.9;0.008
16353.4;0.009
16353.9;0.01
16354.4;0.01
16354.9;0.005
16355.4;0.009
16355.9;0.012
16356.4;0.006
16356.9;0.007
16357.4;0.012
16357.9;0.01
16358.4;0.005
16358.9;0.008
16359.4;0.012
16359.9;0.007
16360.4;0.007
16360.9;0.014
16361.4;0.009
16361.9;0.005
16362.4;0.011
16362.9;0.012
16363.4;0.008
16363.9;0.006
16364.4;0.012
16364.9;0.011
16365.4;0.005
16365.9;0.011
16366.4;0.011
16366.9;0.006
16367.4;0.007
16367.9;0.013
16368.4;0.011
16368.9;0.005
16369.4;0.009
16369.9;0.013
16370.4;0.007
16370.9;0.007
16371.4;0.011
16371.9;0.009
16372.4;0.005
16372.9;0.009
16373.4;0.013
16373.9;0.006
16374.4;0.007
16374.9;0.012
16375.4;0.009
16375.9;0.007
16376.4;0.009
16376.9;0.012
16377.4;0.006
16377.9;0.008
16378.4;0.013
16378.9;0.01
16379.4;0.006
16379.9;0.011
16380.4;0.012
16380.9;0.007
16381.4;0.007
16381.9;0.012
16382.4;0.011
16382.9;0.006
16383.4;0.01
16383.9;0.011
16384.4;0.008
16384.9;0.008
16385.4;0.01
16385.9;0.011
16386.4;0.006
16386.9;0.01
16387.4;0.011
16387.9;0.007
16388.4;0.008
16388.9;0.011
16389.4;0.011
16389.9;0.006
16390.4;0.009
16390.9;0.012
16391.4;0.007
16391.9;0.007
16392.4;0.012
16392.9;0.011
16393.4;0.005
16393.9;0.009
16394.4;0.012
16394.9;0.008
16395.4;0.008
16395.9;0.012
16396.4;0.01
16396.9;0.006
16397.4;0.01
16397.9;0.013
16398.4;0.008
16398.9;0.007
16399.4;0.01
16399.9;0.01
16400.4;0.005
16400.9;0.011
16401.4;0.012
16401.9;0.008
16402.4;0.008
16402.9;0.011
16403.4;0.009
16403.9;0.006
16404.4;0.009
16404.9;0.011
16405.4;0.006
16405.9;0.006
16406.4;0.011
16406.9;0.01
16407.4;0.005
16407.9;0.009
16408.4;0.011
16408.9;0.006
16409.4;0.007
16409.9;0.011
16410.4;0.009
16410.9;0.006
16411.4;0.011
16411.9;0.012
16412.4;0.009
16412.9;0.008
16413.4;0.012
16413.9;0.009
16414.4;0.005
16414.9;0.011
16415.4;0.012
16415.9;0.007
16416.4;0.006
16416.9;0.012
16417.4;0.01
16417.9;0.005
16418.4;0.01
16418.9;0.012
16419.4;0.007
16419.9;0.008
16420.4;0.011
16420.9;0.01
16421.4;0.007
16421.9;0.009
16422.4;0.011
16422.9;0.007
16423.4;0.008
16423.9;0.013
16424.4;0.009
16424.9;0.007
16425.4;0.011
16425.9;0.01
16426.4;0.006
16426.9;0.007
16427.4;0.012
16427.9;0.01
16428.4;0.006
16428.9;0.01
16429.4;0.011
16429.9;0.007
16430.4;0.006
16430.9;0.011
16431.4;0.009
16431.9;0.006
16432.4;0.011
16432.9;0.012
16433.4;0.008
16433.9;0.008
16434.4;0.012
16434.9;0.01
16435.4;0.008
16435.9;0.009
16436.4;0.012
16436.9;0.007
16437.4;0.007
16437.9;0.011
16438.4;0.009
16438.9;0.004
16439.4;0.009
16439.9;0.011
16440.4;0.006
16440.9;0.008
16441.4;0.011
16441.9;0.009
16442.4;0.005
16442.9;0.01
16443.4;0.009
16443.9;0.008
16444.4;0.006
16444.9;0.011
16445.4;0.01
16445.9;0.006
16446.4;0.009
16446.9;0.012
16447.4;0.006
16447.9;0.008
16448.4;0.01
16448.9;0.011
16449.4;0.007
16449.9;0.01
16450.4;0.011
16450.9;0.008
16451.4;0.008
16451.9;0.012
16452.4;0.01
16452.9;0.006
16453.4;0.01
16453.9;0.011
16454.4;0.008
16454.9;0.007
16455.4;0.011
16455.9;0.009
16456.4;0.006
16456.9;0.01
16457.4;0.01
16457.9;0.007
16458.4;0.007
16458.9;0.011
16459.4;0.011
16459.9;0.007
16460.4;0.01
16460.9;0.011
16461.4;0.008
16461.9;0.007
16462.4;0.011
16462.9;0.01
16463.4;0.006
16463.9;0.01
16464.4;0.011
16464.9;0.008
16465.4;0.009
16465.9;0.01
16466.4;0.008
16466.9;0.006
16467.4;0.01
16467.9;0.01
16468.4;0.008
16468.9;0.008
16469.4;0.01
16469.9;0.009
16470.4;0.006
16470.9;0.01
16471.4;0.011
16471.9;0.006
16472.4;0.007
16472.9;0.011
16473.4;0.009
16473.9;0.006
16474.4;0.011
16474.9;0.011
16475.4;0.008
16475.9;0.007
16476.4;0.01
16476.9;0.009
16477.4;0.008
16477.9;0.01
16478.4;0.011
16478.9;0.007
16479.4;0.008
16479.9;0.011
16480.4;0.01
16480.9;0.008
16481.4;0.008
16481.9;0.01
16482.4;0.007
16482.9;0.008
16483.4;0.008
16483.9;0.01
16484.4;0.006
16484.9;0.01
16485.4;0.01
16485.9;0.008
16486.4;0.007
16486.9;0.009
16487.4;0.009
16487.9;0.007
16488.4;0.009
16488.9;0.01
16489.4;0.007
16489.9;0.009
16490.4;0.01
16490.9;0.01
16491.4;0.008
16491.9;0.008
16492.4;0.011
16492.9;0.007
16493.4;0.009
16493.9;0.01
16494.4;0.008
16494.9;0.006
16495.4;0.009
16495.9;0.011
16496.4;0.008
16496.9;0.007
16497.4;0.011
16497.9;0.01
16498.4;0.008
16498.9;0.009
16499.4;0.009
16499.9;0.008
16500.4;0.008
16500.9;0.01
16501.4;0.009
16501.9;0.008
16502.4;0.009
16502.9;0.01
16503.4;0.007
16503.9;0.008
16504.4;0.009
16504.9;0.01
16505.4;0.007
16505.9;0.009
16506.4;0.01
16506.9;0.009
16507.4;0.007
16507.9;0.01
16508.4;0.009
16508.9;0.009
16509.4;0.01
16509.9;0.01
16510.4;0.008
16510.9;0.009
16511.4;0.011
16511.9;0.008
16512.4;0.008
16512.9;0.01
16513.4;0.009
16513.9;0.009
16514.4;0.008
16514.9;0.009
16515.4;0.01
16515.9;0.007
16516.4;0.009
16516.9;0.01
16517.4;0.008
16517.9;0.009
16518.4;0.01
16518.9;0.008
16519.4;0.008
16519.9;0.009
16520.4;0.011
16520.9;0.008
16521.4;0.009
16521.9;0.01
16522.4;0.009
16522.9;0.008
16523.4;0.009
16523.9;0.01
16524.4;0.009
16524.9;0.007
16525.4;0.01
16525.9;0.01
16526.4;0.007
16526.9;0.009
16527.4;0.009
16527.9;0.008
16528.4;0.009
16528.9;0.01
16529.4;0.009
16529.9;0.009
16530.4;0.008
16530.9;0.01
16531.4;0.007
16531.9;0.009
16532.4;0.011
16532.9;0.008
16533.4;0.008
16533.9;0.009
16534.4;0.009
16534.9;0.008
16535.4;0.008
16535.9;0.011
16536.4;0.011
16536.9;0.009
16537.4;0.009
16537.9;0.01
16538.4;0.009
16538.9;0.008
16539.4;0.011
16539.9;0.009
16540.4;0.008
16540.9;0.011
16541.4;0.01
16541.9;0.009
16542.4;0.008
16542.9;0.009
16543.4;0.009
16543.9;0.008
16544.4;0.01
16544.9;0.009
16545.4;0.009
16545.9;0.008
16546.4;0.01
16546.9;0.009
16547.4;0.008
16547.9;0.008
16548.4;0.009
16548.9;0.008
16549.4;0.008
16549.9;0.011
16550.4;0.009
16550.9;0.008
16551.4;0.009
16551.9;0.009
16552.4;0.007
16552.9;0.008
16553.4;0.008
16553.9;0.009
16554.4;0.007
16554.9;0.01
16555.4;0.01
16555.9;0.008
16556.4;0.008
16556.9;0.009
16557.4;0.01
16557.9;0.008
16558.4;0.009
16558.9;0.01
16559.4;0.008
16559.9;0.008
16560.4;0.009
16560.9;0.007
16561.4;0.009
16561.9;0.009
16562.4;0.008
16562.9;0.007
16563.4;0.008
16563.9;0.01
16564.4;0.008
16564.9;0.008
16565.4;0.009
16565.9;0.009
16566.4;0.008
16566.9;0.009
16567.4;0.01
16567.9;0.008
16568.4;0.008
16568.9;0.009
16569.4;0.009
16569.9;0.007
16570.4;0.008
16570.9;0.009
16571.4;0.008
16571.9;0.007
16572.4;0.009
16572.9;0.01
16573.4;0.009
16573.9;0.008
16574.4;0.009
16574.9;0.008
16575.4;0.009
16575.9;0.007
16576.4;0.01
16576.9;0.008
16577.4;0.008
16577.9;0.009
16578.4;0.009
16578.9;0.008
16579.4;0.009
16579.9;0.01
16580.4;0.008
16580.9;0.008
16581.4;0.009
16581.9;0.009
16582.4;0.008
16582.9;0.01
16583.4;0.009
16583.9;0.007
16584.4;0.009
16584.9;0.01
16585.4;0.009
16585.9;0.007
16586.4;0.008
16586.9;0.01
16587.4;0.008
16587.9;0.01
16588.4;0.009
16588.9;0.009
16589.4;0.009
16589.9;0.01
16590.4;0.011
16590.9;0.008
16591.4;0.009
16591.9;0.009
16592.4;0.009
16592.9;0.007
16593.4;0.009
16593.9;0.01
16594.4;0.009
16594.9;0.008
16595.4;0.01
16595.9;0.009
16596.4;0.008
16596.9;0.009
16597.4;0.009
16597.9;0.009
16598.4;0.009
16598.9;0.01
16599.4;0.009
16599.9;0.009
16600.4;0.009
16600.9;0.011
16601.4;0.009
16601.9;0.008
16602.4;0.01
16602.9;0.009
16603.4;0.009
16603.9;0.008
16604.4;0.011
16604.9;0.008
16605.4;0.008
16605.9;0.011
16606.4;0.008
16606.9;0.008
16607.4;0.009
16607.9;0.01
16608.4;0.008
16608.9;0.008
16609.4;0.011
16609.9;0.008
16610.4;0.009
16610.9;0.01
16611.4;0.009
16611.9;0.01
16612.4;0.009
16612.9;0.009
16613.4;0.01
16613.9;0.007
16614.4;0.009
16614.9;0.009
16615.4;0.008
16615.9;0.01
16616.4;0.009
16616.9;0.01
16617.4;0.008
16617.9;0.009
16618.4;0.011
16618.9;0.009
16619.4;0.007
16619.9;0.01
16620.4;0.009
16620.9;0.008
16621.4;0.008
16621.9;0.008
16622.4;0.008
16622.9;0.009
16623.4;0.01
16623.9;0.009
16624.4;0.009
16624.9;0.009
16625.4;0.01
16625.9;0.009
16626.4;0.008
16626.9;0.01
16627.4;0.009
16627.9;0.007
16628.4;0.01
16628.9;0.008
16629.4;0.009
16629.9;0.008
16630.4;0.009
16630.9;0.009
16631.4;0.008
16631.9;0.01
16632.4;0.01
16632.9;0.009
16633.4;0.008
16633.9;0.009
16634.4;0.009
16634.9;0.008
16635.4;0.008
16635.9;0.01
16636.4;0.008
16636.9;0.008
16637.4;0.009
16637.9;0.009
16638.4;0.009
16638.9;0.009
16639.4;0.01
16639.9;0.008
16640.4;0.01
16640.9;0.01
16641.4;0.008
16641.9;0.007
16642.4;0.009
16642.9;0.009
16643.4;0.008
16643.9;0.007
16644.4;0.01
16644.9;0.008
16645.4;0.007
16645.9;0.008
16646.4;0.009
16646.9;0.008
16647.4;0.008
16647.9;0.01
16648.4;0.008
16648.9;0.008
16649.4;0.009
16649.9;0.009
16650.4;0.009
16650.9;0.007
16651.4;0.01
16651.9;0.01
16652.4;0.009
16652.9;0.011
16653.4;0.008
16653.9;0.008
16654.4;0.008
16654.9;0.01
16655.4;0.01
16655.9;0.008
16656.4;0.01
16656.9;0.01
16657.4;0.008
16657.9;0.008
16658.4;0.01
16658.9;0.009
16659.4;0.007
16659.9;0.009
16660.4;0.01
16660.9;0.008
16661.4;0.009
16661.9;0.011
16662.4;0.008
16662.9;0.009
16663.4;0.008
16663.9;0.011
16664.4;0.01
16664.9;0.008
16665.4;0.01
16665.9;0.008
16666.4;0.008
16666.9;0.008
16667.4;0.01
16667.9;0.008
16668.4;0.009
16668.9;0.008
16669.4;0.009
16669.9;0.009
16670.4;0.008
16670.9;0.009
16671.4;0.008
16671.9;0.009
16672.4;0.009
16672.9;0.009
16673.4;0.009
16673.9;0.009
16674.4;0.011
16674.9;0.009
16675.4;0.008
16675.9;0.01
16676.4;0.009
16676.9;0.008
16677.4;0.008
16677.9;0.009
16678.4;0.008
16678.9;0.009
16679.4;0.009
16679.9;0.008
16680.4;0.008
16680.9;0.009
16681.4;0.01
16681.9;0.007
16682.4;0.01
16682.9;0.01
16683.4;0.009
16683.9;0.009
16684.4;0.008
16684.9;0.009
16685.4;0.008
16685.9;0.009
16686.4;0.009
16686.9;0.009
16687.4;0.008
16687.9;0.01
16688.4;0.008
16688.9;0.008
16689.4;0.01
16689.9;0.011
16690.4;0.009
16690.9;0.008
16691.4;0.008
16691.9;0.01
16692.4;0.007
16692.9;0.009
16693.4;0.01
16693.9;0.009
16694.4;0.008
16694.9;0.01
16695.4;0.008
16695.9;0.008
16696.4;0.007
16696.9;0.009
16697.4;0.008
16697.9;0.007
16698.4;0.009
16698.9;0.009
16699.4;0.009
16699.9;0.009
16700.4;0.01
16700.9;0.008
16701.4;0.009
16701.9;0.008
16702.4;0.01
16702.9;0.009
16703.4;0.008
16703.9;0.009
16704.4;0.008
16704.9;0.01
16705.4;0.01
16705.9;0.01
16706.4;0.008
16706.9;0.007
16707.4;0.009
16707.9;0.008
16708.4;0.009
16708.9;0.008
16709.4;0.009
16709.9;0.009
16710.4;0.009
16710.9;0.009
16711.4;0.008
16711.9;0.008
16712.4;0.009
16712.9;0.009
16713.4;0.008
16713.9;0.009
16714.4;0.008
16714.9;0.008
16715.4;0.01
16715.9;0.009
16716.4;0.01
16716.9;0.009
16717.4;0.008
16717.9;0.009
16718.4;0.007
16718.9;0.009
16719.4;0.009
16719.9;0.009
16720.4;0.009
16720.9;0.009
16721.4;0.009
16721.9;0.009
16722.4;0.009
16722.9;0.009
16723.4;0.01
16723.9;0.008
16724.4;0.01
16724.9;0.009
16725.4;0.009
16725.9;0.009
16726.4;0.01
16726.9;0.009
16727.4;0.007
16727.9;0.009
16728.4;0.009
16728.9;0.008
16729.4;0.009
16729.9;0.01
16730.4;0.009
16730.9;0.007
16731.4;0.008
16731.9;0.008
16732.4;0.008
16732.9;0.009
16733.4;0.009
16733.9;0.008
16734.4;0.009
16734.9;0.009
16735.4;0.01
16735.9;0.008
16736.4;0.009
16736.9;0.007
16737.4;0.01
16737.9;0.008
16738.4;0.007
16738.9;0.009
16739.4;0.008
16739.9;0.009
16740.4;0.008
16740.9;0.008
16741.4;0.009
16741.9;0.009
16742.4;0.007
16742.9;0.009
16743.4;0.009
16743.9;0.009
16744.4;0.009
16744.9;0.009
16745.4;0.009
16745.9;0.01
16746.4;0.008
16746.9;0.008
16747.4;0.009
16747.9;0.011
16748.4;0.009
16748.9;0.008
16749.4;0.008
16749.9;0.008
16750.4;0.009
16750.9;0.01
16751.4;0.008
16751.9;0.009
16752.4;0.009
16752.9;0.008
16753.4;0.008
16753.9;0.009
16754.4;0.009
16754.9;0.008
16755.4;0.01
16755.9;0.008
16756.4;0.008
16756.9;0.01
16757.4;0.008
16757.9;0.009
16758.4;0.008
16758.9;0.008
16759.4;0.008
16759.9;0.008
16760.4;0.008
16760.9;0.009
16761.4;0.009
16761.9;0.01
16762.4;0.01
16762.9;0.009
16763.4;0.009
16763.9;0.01
16764.4;0.01
16764.9;0.007
16765.4;0.009
16765.9;0.009
16766.4;0.009
16766.9;0.009
16767.4;0.008
16767.9;0.01
16768.4;0.009
16768.9;0.01
16769.4;0.008
16769.9;0.008
16770.4;0.01
16770.9;0.01
16771.4;0.008
16771.9;0.01
16772.4;0.01
16772.9;0.008
16773.4;0.008
16773.9;0.009
16774.4;0.008
16774.9;0.009
16775.4;0.008
16775.9;0.008
16776.4;0.009
16776.9;0.008
16777.4;0.01
16777.9;0.008
16778.4;0.009
16778.9;0.009
16779.4;0.009
16779.9;0.007
16780.4;0.009
16780.9;0.009
16781.4;0.009
16781.9;0.008
16782.4;0.008
16782.9;0.009
16783.4;0.009
16783.9;0.007
16784.4;0.009
16784.9;0.011
16785.4;0.008
16785.9;0.008
16786.4;0.009
16786.9;0.009
16787.4;0.009
16787.9;0.009
16788.4;0.01
16788.9;0.01
16789.4;0.008
16789.9;0.008
16790.4;0.008
16790.9;0.007
16791.4;0.009
16791.9;0.01
16792.4;0.007
16792.9;0.008
16793.4;0.008
16793.9;0.01
16794.4;0.01
16794.9;0.009
16795.4;0.011
16795.9;0.009
16796.4;0.009
16796.9;0.009
16797.4;0.008
16797.9;0.009
16798.4;0.008
16798.9;0.008
16799.4;0.009
16799.9;0.009
16800.4;0.008
16800.9;0.008
16801.4;0.01
16801.9;0.009
16802.4;0.009
16802.9;0.009
16803.4;0.008
16803.9;0.008
16804.4;0.009
16804.9;0.011
16805.4;0.007
16805.9;0.007
16806.4;0.008
16806.9;0.008
16807.4;0.01
16807.9;0.01
16808.4;0.009
16808.9;0.008
16809.4;0.009
16809.9;0.01
16810.4;0.009
16810.9;0.008
16811.4;0.008
16811.9;0.01
16812.4;0.008
16812.9;0.008
16813.4;0.009
16813.9;0.009
16814.4;0.01
16814.9;0.008
16815.4;0.008
16815.9;0.01
16816.4;0.009
16816.9;0.007
16817.4;0.009
16817.9;0.009
16818.4;0.008
16818.9;0.01
16819.4;0.01
16819.9;0.009
16820.4;0.009
16820.9;0.009
16821.4;0.009
16821.9;0.009
16822.4;0.009
16822.9;0.009
16823.4;0.009
16823.9;0.008
16824.4;0.009
16824.9;0.009
16825.4;0.01
16825.9;0.008
16826.4;0.009
16826.9;0.008
16827.4;0.009
16827.9;0.009
16828.4;0.009
16828.9;0.009
16829.4;0.009
16829.9;0.007
16830.4;0.01
16830.9;0.009
16831.4;0.008
16831.9;0.008
16832.4;0.009
16832.9;0.009
16833.4;0.008
16833.9;0.008
16834.4;0.009
16834.9;0.009
16835.4;0.01
16835.9;0.009
16836.4;0.009
16836.9;0.008
16837.4;0.008
16837.9;0.009
16838.4;0.008
16838.9;0.009
16839.4;0.009
16839.9;0.009
16840.4;0.009
16840.9;0.008
16841.4;0.007
16841.9;0.009
16842.4;0.009
16842.9;0.008
16843.4;0.009
16843.9;0.009
16844.4;0.009
16844.9;0.009
16845.4;0.009
16845.9;0.008
16846.4;0.008
16846.9;0.01
16847.4;0.009
16847.9;0.009
16848.4;0.01
16848.9;0.01
16849.4;0.009
16849.9;0.007
16850.4;0.009
16850.9;0.008
16851.4;0.009
16851.9;0.008
16852.4;0.009
16852.9;0.008
16853.4;0.009
16853.9;0.009
16854.4;0.008
16854.9;0.009
16855.4;0.009
16855.9;0.008
16856.4;0.009
16856.9;0.008
16857.4;0.009
16857.9;0.007
16858.4;0.009
16858.9;0.009
16859.4;0.009
16859.9;0.008
16860.4;0.009
16860.9;0.01
16861.4;0.008
16861.9;0.008
16862.4;0.01
16862.9;0.009
16863.4;0.009
16863.9;0.008
16864.4;0.009
16864.9;0.009
16865.4;0.008
16865.9;0.009
16866.4;0.009
16866.9;0.008
16867.4;0.008
16867.9;0.009
16868.4;0.008
16868.9;0.008
16869.4;0.008
16869.9;0.01
16870.4;0.009
16870.9;0.009
16871.4;0.009
16871.9;0.008
16872.4;0.008
16872.9;0.008
16873.4;0.008
16873.9;0.01
16874.4;0.009
16874.9;0.009
16875.4;0.008
16875.9;0.01
16876.4;0.01
16876.9;0.008
16877.4;0.008
16877.9;0.008
16878.4;0.009
16878.9;0.009
16879.4;0.01
16879.9;0.009
16880.4;0.01
16880.9;0.008
16881.4;0.009
16881.9;0.01
16882.4;0.009
16882.9;0.009
16883.4;0.008
16883.9;0.009
16884.4;0.009
16884.9;0.01
16885.4;0.01
16885.9;0.009
16886.4;0.007
16886.9;0.009
16887.4;0.009
16887.9;0.009
16888.4;0.009
16888.9;0.009
16889.4;0.008
16889.9;0.009
16890.4;0.007
16890.9;0.008
16891.4;0.009
16891.9;0.008
16892.4;0.009
16892.9;0.009
16893.4;0.009
16893.9;0.009
16894.4;0.009
16894.9;0.009
16895.4;0.008
16895.9;0.008
16896.4;0.007
16896.9;0.01
16897.4;0.008
16897.9;0.008
16898.4;0.009
16898.9;0.008
16899.4;0.008
16899.9;0.009
16900.4;0.009
16900.9;0.008
16901.4;0.01
16901.9;0.01
16902.4;0.008
16902.9;0.008
16903.4;0.009
16903.9;0.009
16904.4;0.007
16904.9;0.007
16905.4;0.009
16905.9;0.008
16906.4;0.009
16906.9;0.008
16907.4;0.008
16907.9;0.008
16908.4;0.009
16908.9;0.008
16909.4;0.009
16909.9;0.01
16910.4;0.009
16910.9;0.009
16911.4;0.009
16911.9;0.009
16912.4;0.009
16912.9;0.009
16913.4;0.008
16913.9;0.008
16914.4;0.008
16914.9;0.01
16915.4;0.008
16915.9;0.008
16916.4;0.008
16916.9;0.007
16917.4;0.008
16917.9;0.009
16918.4;0.008
16918.9;0.009
16919.4;0.008
16919.9;0.008
16920.4;0.008
16920.9;0.009
16921.4;0.007
16921.9;0.009
16922.4;0.01
16922.9;0.009
16923.4;0.008
16923.9;0.009
16924.4;0.009
16924.9;0.008
16925.4;0.008
16925.9;0.009
16926.4;0.009
16926.9;0.01
16927.4;0.008
16927.9;0.009
16928.4;0.008
16928.9;0.009
16929.4;0.009
16929.9;0.009
16930.4;0.008
16930.9;0.01
16931.4;0.008
16931.9;0.01
16932.4;0.008
16932.9;0.009
16933.4;0.011
16933.9;0.009
16934.4;0.008
16934.9;0.008
16935.4;0.009
16935.9;0.009
16936.4;0.009
16936.9;0.008
16937.4;0.008
16937.9;0.009
16938.4;0.009
16938.9;0.009
16939.4;0.008
16939.9;0.01
16940.4;0.009
16940.9;0.008
16941.4;0.008
16941.9;0.008
16942.4;0.008
16942.9;0.007
16943.4;0.008
16943.9;0.008
16944.4;0.009
16944.9;0.009
16945.4;0.008
16945.9;0.009
16946.4;0.008
16946.9;0.009
16947.4;0.01
16947.9;0.008
16948.4;0.009
16948.9;0.008
16949.4;0.009
16949.9;0.01
16950.4;0.009
16950.9;0.008
16951.4;0.008
16951.9;0.009
16952.4;0.008
16952.9;0.008
16953.4;0.008
16953.9;0.01
16954.4;0.009
16954.9;0.009
16955.4;0.008
16955.9;0.011
16956.4;0.009
16956.9;0.01
16957.4;0.009
16957.9;0.008
16958.4;0.008
16958.9;0.008
16959.4;0.009
16959.9;0.009
16960.4;0.01
16960.9;0.01
16961.4;0.009
16961.9;0.008
16962.4;0.008
16962.9;0.008
16963.4;0.009
16963.9;0.01
16964.4;0.01
16964.9;0.009
16965.4;0.009
16965.9;0.009
16966.4;0.008
16966.9;0.009
16967.4;0.008
16967.9;0.008
16968.4;0.009
16968.9;0.007
16969.4;0.009
16969.9;0.009
16970.4;0.008
16970.9;0.009
16971.4;0.008
16971.9;0.01
16972.4;0.009
16972.9;0.009
16973.4;0.008
16973.9;0.009
16974.4;0.008
16974.9;0.009
16975.4;0.007
16975.9;0.008
16976.4;0.009
16976.9;0.008
16977.4;0.009
16977.9;0.008
16978.4;0.009
16978.9;0.008
16979.4;0.009
16979.9;0.009
16980.4;0.008
16980.9;0.009
16981.4;0.01
16981.9;0.01
16982.4;0.009
16982.9;0.009
16983.4;0.009
16983.9;0.009
16984.4;0.009
16984.9;0.008
16985.4;0.009
16985.9;0.009
16986.4;0.009
16986.9;0.009
16987.4;0.009
16987.9;0.008
16988.4;0.008
16988.9;0.008
16989.4;0.009
16989.9;0.009
16990.4;0.009
16990.9;0.009
16991.4;0.008
16991.9;0.008
16992.4;0.009
16992.9;0.009
16993.4;0.009
16993.9;0.009
16994.4;0.008
16994.9;0.009
16995.4;0.009
16995.9;0.008
16996.4;0.009
16996.9;0.009
16997.4;0.009
16997.9;0.009
16998.4;0.008
16998.9;0.007
16999.4;0.008
16999.9;0.009
17000.4;0.008
17000.9;0.008
17001.4;0.008
17001.9;0.01
17002.4;0.009
17002.9;0.009
17003.4;0.009
17003.9;0.009
17004.4;0.009
17004.9;0.009
17005.4;0.009
17005.9;0.009
17006.4;0.008
17006.9;0.009
17007.4;0.007
17007.9;0.009
17008.4;0.01
17008.9;0.009
17009.4;0.008
17009.9;0.009
17010.4;0.008
17010.9;0.008
17011.4;0.008
17011.9;0.008
17012.4;0.009
17012.9;0.008
17013.4;0.009
17013.9;0.008
17014.4;0.009
17014.9;0.008
17015.4;0.01
17015.9;0.008
17016.4;0.01
17016.9;0.009
17017.4;0.008
17017.9;0.007
17018.4;0.01
17018.9;0.008
17019.4;0.009
17019.9;0.01
17020.4;0.008
17020.9;0.009
17021.4;0.008
17021.9;0.01
17022.4;0.008
17022.9;0.007
17023.4;0.008
17023.9;0.011
17024.4;0.008
17024.9;0.01
17025.4;0.009
17025.9;0.009
17026.4;0.009
17026.9;0.008
17027.4;0.009
17027.9;0.009
17028.4;0.008
17028.9;0.009
17029.4;0.009
17029.9;0.008
17030.4;0.008
17030.9;0.009
17031.4;0.009
17031.9;0.008
17032.4;0.009
17032.9;0.01
17033.4;0.01
17033.9;0.009
17034.4;0.01
17034.9;0.009
17035.4;0.01
17035.9;0.008
17036.4;0.008
17036.9;0.007
17037.4;0.008
17037.9;0.008
17038.4;0.009
17038.9;0.006
17039.4;0.009
17039.9;0.009
17040.4;0.009
17040.9;0.01
17041.4;0.01
17041.9;0.008
17042.4;0.008
17042.9;0.008
17043.4;0.009
17043.9;0.009
17044.4;0.009
17044.9;0.01
17045.4;0.008
17045.9;0.009
17046.4;0.008
17046.9;0.008
17047.4;0.008
17047.9;0.008
17048.4;0.009
17048.9;0.009
17049.4;0.008
17049.9;0.009
17050.4;0.008
17050.9;0.009
17051.4;0.008
17051.9;0.009
17052.4;0.008
17052.9;0.008
17053.4;0.008
17053.9;0.009
17054.4;0.009
17054.9;0.008
17055.4;0.01
17055.9;0.009
17056.4;0.009
17056.9;0.009
17057.4;0.008
17057.9;0.008
17058.4;0.007
17058.9;0.009
17059.4;0.009
17059.9;0.009
17060.4;0.008
17060.9;0.01
17061.4;0.009
17061.9;0.008
17062.4;0.008
17062.9;0.009
17063.4;0.008
17063.9;0.009
17064.4;0.009
17064.9;0.008
17065.4;0.008
17065.9;0.009
17066.4;0.008
17066.9;0.009
17067.4;0.009
17067.9;0.008
17068.4;0.009
17068.9;0.009
17069.4;0.008
17069.9;0.008
17070.4;0.009
17070.9;0.008
17071.4;0.008
17071.9;0.008
17072.4;0.01
17072.9;0.008
17073.4;0.008
17073.9;0.009
17074.4;0.009
17074.9;0.009
17075.4;0.009
17075.9;0.008
17076.4;0.009
17076.9;0.009
17077.4;0.009
17077.9;0.01
17078.4;0.009
17078.9;0.008
17079.4;0.008
17079.9;0.008
17080.4;0.01
17080.9;0.008
17081.4;0.009
17081.9;0.009
17082.4;0.009
17082.9;0.009
17083.4;0.01
17083.9;0.008
17084.4;0.009
17084.9;0.009
17085.4;0.009
17085.9;0.009
17086.4;0.007
17086.9;0.008
17087.4;0.007
17087.9;0.009
17088.4;0.008
17088.9;0.008
17089.4;0.009
17089.9;0.009
17090.4;0.009
17090.9;0.01
17091.4;0.009
17091.9;0.008
17092.4;0.007
17092.9;0.009
17093.4;0.009
17093.9;0.009
17094.4;0.007
17094.9;0.008
17095.4;0.008
17095.9;0.009
17096.4;0.007
17096.9;0.008
17097.4;0.009
17097.9;0.009
17098.4;0.009
17098.9;0.009
17099.4;0.009
17099.9;0.009
17100.4;0.008
17100.9;0.008
17101.4;0.009
17101.9;0.008
17102.4;0.009
17102.9;0.009
17103.4;0.008
17103.9;0.009
17104.4;0.01
17104.9;0.008
17105.4;0.008
17105.9;0.009
17106.4;0.008
17106.9;0.008
17107.4;0.009
17107.9;0.009
17108.4;0.007
17108.9;0.008
17109.4;0.009
17109.9;0.007
17110.4;0.008
17110.9;0.01
17111.4;0.009
17111.9;0.008
17112.4;0.007
17112.9;0.008
17113.4;0.008
17113.9;0.009
17114.4;0.008
17114.9;0.009
17115.4;0.008
17115.9;0.008
17116.4;0.01
17116.9;0.008
17117.4;0.009
17117.9;0.009
17118.4;0.009
17118.9;0.008
17119.4;0.008
17119.9;0.008
17120.4;0.008
17120.9;0.009
17121.4;0.008
17121.9;0.008
17122.4;0.008
17122.9;0.01
17123.4;0.008
17123.9;0.008
17124.4;0.008
17124.9;0.008
17125.4;0.009
17125.9;0.009
17126.4;0.009
17126.9;0.009
17127.4;0.009
17127.9;0.01
17128.4;0.009
17128.9;0.008
17129.4;0.008
17129.9;0.009
17130.4;0.01
17130.9;0.008
17131.4;0.008
17131.9;0.009
17132.4;0.008
17132.9;0.008
17133.4;0.009
17133.9;0.009
17134.4;0.009
17134.9;0.01
17135.4;0.008
17135.9;0.009
17136.4;0.008
17136.9;0.009
17137.4;0.008
17137.9;0.008
17138.4;0.008
17138.9;0.009
17139.4;0.008
17139.9;0.009
17140.4;0.008
17140.9;0.008
17141.4;0.008
17141.9;0.008
17142.4;0.009
17142.9;0.009
17143.4;0.009
17143.9;0.009
17144.4;0.008
17144.9;0.008
17145.4;0.008
17145.9;0.008
17146.4;0.008
17146.9;0.008
17147.4;0.008
17147.9;0.01
17148.4;0.009
17148.9;0.008
17149.4;0.008
17149.9;0.009
17150.4;0.01
17150.9;0.008
17151.4;0.008
17151.9;0.009
17152.4;0.009
17152.9;0.009
17153.4;0.008
17153.9;0.009
17154.4;0.009
17154.9;0.009
17155.4;0.007
17155.9;0.008
17156.4;0.008
17156.9;0.008
17157.4;0.009
17157.9;0.008
17158.4;0.008
17158.9;0.009
17159.4;0.008
17159.9;0.008
17160.4;0.009
17160.9;0.009
17161.4;0.008
17161.9;0.008
17162.4;0.01
17162.9;0.009
17163.4;0.008
17163.9;0.008
17164.4;0.01
17164.9;0.008
17165.4;0.008
17165.9;0.008
17166.4;0.008
17166.9;0.008
17167.4;0.008
17167.9;0.01
17168.4;0.008
17168.9;0.008
17169.4;0.009
17169.9;0.008
17170.4;0.008
17170.9;0.008
17171.4;0.01
17171.9;0.009
17172.4;0.008
17172.9;0.009
17173.4;0.009
17173.9;0.009
17174.4;0.007
17174.9;0.009
17175.4;0.008
17175.9;0.008
17176.4;0.008
17176.9;0.009
17177.4;0.008
17177.9;0.009
17178.4;0.007
17178.9;0.008
17179.4;0.009
17179.9;0.009
17180.4;0.01
17180.9;0.008
17181.4;0.009
17181.9;0.009
17182.4;0.008
17182.9;0.01
17183.4;0.009
17183.9;0.009
17184.4;0.008
17184.9;0.008
17185.4;0.008
17185.9;0.008
17186.4;0.009
17186.9;0.008
17187.4;0.007
17187.9;0.009
17188.4;0.009
17188.9;0.008
17189.4;0.009
17189.9;0.01
17190.4;0.008
17190.9;0.01
17191.4;0.01
17191.9;0.008
17192.4;0.009
17192.9;0.008
17193.4;0.009
17193.9;0.008
17194.4;0.01
17194.9;0.009
17195.4;0.009
17195.9;0.008
17196.4;0.01
17196.9;0.01
17197.4;0.007
17197.9;0.01
17198.4;0.009
17198.9;0.009
17199.4;0.008
17199.9;0.007
17200.4;0.008
17200.9;0.008
17201.4;0.01
17201.9;0.009
17202.4;0.008
17202.9;0.009
17203.4;0.008
17203.9;0.008
17204.4;0.01
17204.9;0.009
17205.4;0.008
17205.9;0.009
17206.4;0.01
17206.9;0.009
17207.4;0.009
17207.9;0.009
17208.4;0.009
17208.9;0.009
17209.4;0.01
17209.9;0.009
17210.4;0.008
17210.9;0.008
17211.4;0.008
17211.9;0.008
17212.4;0.009
17212.9;0.009
17213.4;0.008
17213.9;0.008
17214.4;0.009
17214.9;0.008
17215.4;0.009
17215.9;0.01
17216.4;0.009
17216.9;0.009
17217.4;0.009
17217.9;0.008
17218.4;0.008
17218.9;0.008
17219.4;0.008
17219.9;0.008
17220.4;0.009
17220.9;0.008
17221.4;0.009
17221.9;0.01
17222.4;0.008
17222.9;0.008
17223.4;0.009
17223.9;0.008
17224.4;0.009
17224.9;0.008
17225.4;0.009
17225.9;0.01
17226.4;0.01
17226.9;0.009
17227.4;0.008
17227.9;0.009
17228.4;0.008
17228.9;0.008
17229.4;0.008
17229.9;0.009
17230.4;0.008
17230.9;0.008
17231.4;0.008
17231.9;0.009
17232.4;0.009
17232.9;0.009
17233.4;0.008
17233.9;0.008
17234.4;0.008
17234.9;0.008
17235.4;0.008
17235.9;0.01
17236.4;0.007
17236.9;0.008
17237.4;0.008
17237.9;0.01
17238.4;0.008
17238.9;0.008
17239.4;0.009
17239.9;0.009
17240.4;0.009
17240.9;0.008
17241.4;0.009
17241.9;0.009
17242.4;0.009
17242.9;0.008
17243.4;0.007
17243.9;0.009
17244.4;0.009
17244.9;0.008
17245.4;0.008
17245.9;0.008
17246.4;0.008
17246.9;0.009
17247.4;0.009
17247.9;0.01
17248.4;0.008
17248.9;0.008
17249.4;0.009
17249.9;0.008
17250.4;0.009
17250.9;0.009
17251.4;0.008
17251.9;0.009
17252.4;0.008
17252.9;0.009
17253.4;0.009
17253.9;0.008
17254.4;0.009
17254.9;0.009
17255.4;0.008
17255.9;0.01
17256.4;0.009
17256.9;0.008
17257.4;0.008
17257.9;0.009
17258.4;0.009
17258.9;0.009
17259.4;0.008
17259.9;0.008
17260.4;0.009
17260.9;0.009
17261.4;0.008
17261.9;0.01
17262.4;0.009
17262.9;0.008
17263.4;0.009
17263.9;0.008
17264.4;0.01
17264.9;0.009
17265.4;0.009
17265.9;0.008
17266.4;0.008
17266.9;0.009
17267.4;0.009
17267.9;0.008
17268.4;0.009
17268.9;0.008
17269.4;0.009
17269.9;0.009
17270.4;0.008
17270.9;0.006
17271.4;0.009
17271.9;0.008
17272.4;0.01
17272.9;0.008
17273.4;0.009
17273.9;0.009
17274.4;0.009
17274.9;0.009
17275.4;0.009
17275.9;0.009
17276.4;0.008
17276.9;0.009
17277.4;0.009
17277.9;0.008
17278.4;0.008
17278.9;0.009
17279.4;0.008
17279.9;0.008
17280.4;0.01
17280.9;0.008
17281.4;0.008
17281.9;0.009
17282.4;0.008
17282.9;0.008
17283.4;0.009
17283.9;0.008
17284.4;0.008
17284.9;0.008
17285.4;0.008
17285.9;0.009
17286.4;0.009
17286.9;0.009
17287.4;0.008
17287.9;0.008
17288.4;0.009
17288.9;0.009
17289.4;0.009
17289.9;0.008
17290.4;0.008
17290.9;0.007
17291.4;0.009
17291.9;0.008
17292.4;0.008
17292.9;0.009
17293.4;0.007
17293.9;0.01
17294.4;0.008
17294.9;0.008
17295.4;0.01
17295.9;0.009
17296.4;0.009
17296.9;0.009
17297.4;0.009
17297.9;0.009
17298.4;0.01
17298.9;0.009
17299.4;0.009
17299.9;0.008
17300.4;0.009
17300.9;0.008
17301.4;0.009
17301.9;0.009
17302.4;0.009
17302.9;0.008
17303.4;0.008
17303.9;0.009
17304.4;0.009
17304.9;0.01
17305.4;0.008
17305.9;0.009
17306.4;0.007
17306.9;0.01
17307.4;0.008
17307.9;0.008
17308.4;0.009
17308.9;0.009
17309.4;0.009
17309.9;0.009
17310.4;0.008
17310.9;0.008
17311.4;0.008
17311.9;0.009
17312.4;0.01
17312.9;0.008
17313.4;0.007
17313.9;0.007
17314.4;0.009
17314.9;0.009
17315.4;0.009
17315.9;0.008
17316.4;0.008
17316.9;0.009
17317.4;0.008
17317.9;0.011
17318.4;0.009
17318.9;0.009
17319.4;0.009
17319.9;0.01
17320.4;0.008
17320.9;0.008
17321.4;0.008
17321.9;0.009
17322.4;0.008
17322.9;0.008
17323.4;0.009
17323.9;0.008
17324.4;0.008
17324.9;0.008
17325.4;0.008
17325.9;0.009
17326.4;0.008
17326.9;0.008
17327.4;0.009
17327.9;0.008
17328.4;0.008
17328.9;0.008
17329.4;0.008
17329.9;0.008
17330.4;0.009
17330.9;0.01
17331.4;0.009
17331.9;0.01
17332.4;0.009
17332.9;0.007
17333.4;0.009
17333.9;0.008
17334.4;0.01
17334.9;0.008
17335.4;0.008
17335.9;0.008
17336.4;0.008
17336.9;0.008
17337.4;0.008
17337.9;0.008
17338.4;0.01
17338.9;0.009
17339.4;0.008
17339.9;0.007
17340.4;0.009
17340.9;0.009
17341.4;0.009
17341.9;0.008
17342.4;0.01
17342.9;0.008
17343.4;0.008
17343.9;0.008
17344.4;0.009
17344.9;0.009
17345.4;0.007
17345.9;0.009
17346.4;0.009
17346.9;0.009
17347.4;0.009
17347.9;0.009
17348.4;0.008
17348.9;0.01
17349.4;0.008
17349.9;0.008
17350.4;0.009
17350.9;0.008
17351.4;0.008
17351.9;0.008
17352.4;0.009
17352.9;0.007
17353.4;0.008
17353.9;0.009
17354.4;0.009
17354.9;0.009
17355.4;0.01
17355.9;0.01
17356.4;0.009
17356.9;0.009
17357.4;0.009
17357.9;0.008
17358.4;0.009
17358.9;0.009
17359.4;0.008
17359.9;0.009
17360.4;0.008
17360.9;0.009
17361.4;0.009
17361.9;0.008
17362.4;0.009
17362.9;0.009
17363.4;0.008
17363.9;0.008
17364.4;0.008
17364.9;0.008
17365.4;0.009
17365.9;0.008
17366.4;0.007
17366.9;0.008
17367.4;0.008
17367.9;0.008
17368.4;0.009
17368.9;0.008
17369.4;0.009
17369.9;0.01
17370.4;0.008
17370.9;0.009
17371.4;0.007
17371.9;0.009
17372.4;0.008
17372.9;0.008
17373.4;0.009
17373.9;0.009
17374.4;0.009
17374.9;0.008
17375.4;0.009
17375.9;0.009
17376.4;0.009
17376.9;0.008
17377.4;0.009
17377.9;0.008
17378.4;0.01
17378.9;0.009
17379.4;0.009
17379.9;0.01
17380.4;0.01
17380.9;0.009
17381.4;0.009
17381.9;0.009
17382.4;0.008
17382.9;0.008
17383.4;0.008
17383.9;0.008
17384.4;0.009
17384.9;0.008
17385.4;0.008
17385.9;0.008
17386.4;0.009
17386.9;0.009
17387.4;0.008
17387.9;0.009
17388.4;0.008
17388.9;0.009
17389.4;0.009
17389.9;0.008
17390.4;0.008
17390.9;0.009
17391.4;0.009
17391.9;0.008
17392.4;0.009
17392.9;0.008
17393.4;0.008
17393.9;0.009
17394.4;0.008
17394.9;0.009
17395.4;0.008
17395.9;0.008
17396.4;0.008
17396.9;0.009
17397.4;0.007
17397.9;0.008
17398.4;0.01
17398.9;0.01
17399.4;0.009
17399.9;0.01
17400.4;0.007
17400.9;0.009
17401.4;0.009
17401.9;0.009
17402.4;0.008
17402.9;0.009
17403.4;0.009
17403.9;0.011
17404.4;0.008
17404.9;0.008
17405.4;0.008
17405.9;0.009
17406.4;0.008
17406.9;0.008
17407.4;0.009
17407.9;0.009
17408.4;0.007
17408.9;0.009
17409.4;0.007
17409.9;0.01
17410.4;0.009
17410.9;0.008
17411.4;0.009
17411.9;0.009
17412.4;0.009
17412.9;0.008
17413.4;0.009
17413.9;0.01
17414.4;0.009
17414.9;0.008
17415.4;0.009
17415.9;0.009
17416.4;0.009
17416.9;0.009
17417.4;0.007
17417.9;0.01
17418.4;0.009
17418.9;0.009
17419.4;0.01
17419.9;0.008
17420.4;0.009
17420.9;0.009
17421.4;0.009
17421.9;0.009
17422.4;0.008
17422.9;0.009
17423.4;0.009
17423.9;0.009
17424.4;0.008
17424.9;0.009
17425.4;0.01
17425.9;0.009
17426.4;0.009
17426.9;0.009
17427.4;0.009
17427.9;0.008
17428.4;0.008
17428.9;0.009
17429.4;0.009
17429.9;0.008
17430.4;0.009
17430.9;0.008
17431.4;0.01
17431.9;0.009
17432.4;0.009
17432.9;0.009
17433.4;0.008
17433.9;0.008
17434.4;0.009
17434.9;0.009
17435.4;0.008
17435.9;0.009
17436.4;0.008
17436.9;0.008
17437.4;0.01
17437.9;0.011
17438.4;0.009
17438.9;0.009
17439.4;0.008
17439.9;0.008
17440.4;0.009
17440.9;0.009
17441.4;0.01
17441.9;0.009
17442.4;0.007
17442.9;0.009
17443.4;0.008
17443.9;0.01
17444.4;0.01
17444.9;0.009
17445.4;0.009
17445.9;0.008
17446.4;0.01
17446.9;0.009
17447.4;0.008
17447.9;0.008
17448.4;0.01
17448.9;0.009
17449.4;0.008
17449.9;0.009
17450.4;0.008
17450.9;0.008
17451.4;0.009
17451.9;0.009
17452.4;0.009
17452.9;0.007
17453.4;0.008
17453.9;0.009
17454.4;0.007
17454.9;0.009
17455.4;0.009
17455.9;0.01
17456.4;0.007
17456.9;0.009
17457.4;0.009
17457.9;0.01
17458.4;0.009
17458.9;0.008
17459.4;0.009
17459.9;0.009
17460.4;0.008
17460.9;0.009
17461.4;0.008
17461.9;0.008
17462.4;0.007
17462.9;0.01
17463.4;0.009
17463.9;0.008
17464.4;0.009
17464.9;0.009
17465.4;0.009
17465.9;0.008
17466.4;0.009
17466.9;0.008
17467.4;0.007
17467.9;0.008
17468.4;0.008
17468.9;0.009
17469.4;0.009
17469.9;0.008
17470.4;0.009
17470.9;0.008
17471.4;0.009
17471.9;0.008
17472.4;0.008
17472.9;0.009
17473.4;0.009
17473.9;0.008
17474.4;0.009
17474.9;0.008
17475.4;0.009
17475.9;0.009
17476.4;0.009
17476.9;0.01
17477.4;0.008
17477.9;0.009
17478.4;0.009
17478.9;0.009
17479.4;0.01
17479.9;0.009
17480.4;0.008
17480.9;0.008
17481.4;0.009
17481.9;0.008
17482.4;0.009
17482.9;0.008
17483.4;0.009
17483.9;0.009
17484.4;0.008
17484.9;0.008
17485.4;0.008
17485.9;0.009
17486.4;0.009
17486.9;0.01
17487.4;0.009
17487.9;0.01
17488.4;0.01
17488.9;0.009
17489.4;0.008
17489.9;0.009
17490.4;0.008
17490.9;0.01
17491.4;0.009
17491.9;0.009
17492.4;0.01
17492.9;0.009
17493.4;0.006
17493.9;0.009
17494.4;0.008
17494.9;0.009
17495.4;0.01
17495.9;0.009
17496.4;0.008
17496.9;0.01
17497.4;0.008
17497.9;0.008
17498.4;0.008
17498.9;0.008
17499.4;0.009
17499.9;0.01
17500.4;0.01
17500.9;0.009
17501.4;0.01
17501.9;0.009
17502.4;0.009
17502.9;0.009
17503.4;0.008
17503.9;0.008
17504.4;0.008
17504.9;0.008
17505.4;0.009
17505.9;0.009
17506.4;0.008
17506.9;0.008
17507.4;0.009
17507.9;0.009
17508.4;0.009
17508.9;0.007
17509.4;0.01
17509.9;0.009
17510.4;0.009
17510.9;0.007
17511.4;0.009
17511.9;0.007
17512.4;0.009
17512.9;0.009
17513.4;0.008
17513.9;0.008
17514.4;0.009
17514.9;0.008
17515.4;0.008
17515.9;0.008
17516.4;0.009
17516.9;0.008
17517.4;0.009
17517.9;0.01
17518.4;0.009
17518.9;0.007
17519.4;0.009
17519.9;0.008
17520.4;0.009
17520.9;0.008
17521.4;0.009
17521.9;0.009
17522.4;0.008
17522.9;0.009
17523.4;0.008
17523.9;0.007
17524.4;0.011
17524.9;0.009
17525.4;0.009
17525.9;0.008
17526.4;0.008
17526.9;0.008
17527.4;0.008
17527.9;0.01
17528.4;0.008
17528.9;0.009
17529.4;0.009
17529.9;0.009
17530.4;0.008
17530.9;0.008
17531.4;0.009
17531.9;0.008
17532.4;0.009
17532.9;0.01
17533.4;0.008
17533.9;0.009
17534.4;0.009
17534.9;0.008
17535.4;0.009
17535.9;0.008
17536.4;0.009
17536.9;0.009
17537.4;0.01
17537.9;0.009
17538.4;0.008
17538.9;0.009
17539.4;0.009
17539.9;0.008
17540.4;0.01
17540.9;0.009
17541.4;0.009
17541.9;0.008
17542.4;0.01
17542.9;0.008
17543.4;0.008
17543.9;0.009
17544.4;0.008
17544.9;0.008
17545.4;0.009
17545.9;0.01
17546.4;0.008
17546.9;0.007
17547.4;0.008
17547.9;0.008
17548.4;0.008
17548.9;0.009
17549.4;0.007
17549.9;0.008
17550.4;0.008
17550.9;0.009
17551.4;0.01
17551.9;0.008
17552.4;0.008
17552.9;0.009
17553.4;0.008
17553.9;0.01
17554.4;0.009
17554.9;0.008
17555.4;0.008
17555.9;0.008
17556.4;0.008
17556.9;0.01
17557.4;0.009
17557.9;0.009
17558.4;0.01
17558.9;0.008
17559.4;0.009
17559.9;0.009
17560.4;0.008
17560.9;0.008
17561.4;0.009
17561.9;0.008
17562.4;0.01
17562.9;0.008
17563.4;0.01
17563.9;0.008
17564.4;0.009
17564.9;0.01
17565.4;0.009
17565.9;0.009
17566.4;0.009
17566.9;0.01
17567.4;0.008
17567.9;0.009
17568.4;0.007
17568.9;0.008
17569.4;0.008
17569.9;0.008
17570.4;0.009
17570.9;0.008
17571.4;0.008
17571.9;0.009
17572.4;0.01
17572.9;0.008
17573.4;0.008
17573.9;0.008
17574.4;0.008
17574.9;0.008
17575.4;0.009
17575.9;0.01
17576.4;0.007
17576.9;0.01
17577.4;0.008
17577.9;0.009
17578.4;0.008
17578.9;0.008
17579.4;0.01
17579.9;0.01
17580.4;0.009
17580.9;0.008
17581.4;0.009
17581.9;0.008
17582.4;0.009
17582.9;0.009
17583.4;0.009
17583.9;0.009
17584.4;0.008
17584.9;0.009
17585.4;0.009
17585.9;0.008
17586.4;0.008
17586.9;0.008
17587.4;0.01
17587.9;0.007
17588.4;0.008
17588.9;0.01
17589.4;0.008
17589.9;0.009
17590.4;0.008
17590.9;0.009
17591.4;0.008
17591.9;0.008
17592.4;0.009
17592.9;0.008
17593.4;0.009
17593.9;0.008
17594.4;0.008
17594.9;0.008
17595.4;0.007
17595.9;0.01
17596.4;0.009
17596.9;0.008
17597.4;0.008
17597.9;0.009
17598.4;0.008
17598.9;0.008
17599.4;0.01
17599.9;0.008
17600.4;0.01
17600.9;0.008
17601.4;0.008
17601.9;0.009
17602.4;0.008
17602.9;0.009
17603.4;0.008
17603.9;0.008
17604.4;0.008
17604.9;0.009
17605.4;0.009
17605.9;0.008
17606.4;0.008
17606.9;0.009
17607.4;0.008
17607.9;0.009
17608.4;0.009
17608.9;0.009
17609.4;0.007
17609.9;0.01
17610.4;0.009
17610.9;0.01
17611.4;0.009
17611.9;0.009
17612.4;0.008
17612.9;0.008
17613.4;0.007
17613.9;0.008
17614.4;0.009
17614.9;0.008
17615.4;0.008
17615.9;0.008
17616.4;0.009
17616.9;0.008
17617.4;0.008
17617.9;0.009
17618.4;0.008
17618.9;0.008
17619.4;0.008
17619.9;0.008
17620.4;0.009
17620.9;0.009
17621.4;0.01
17621.9;0.009
17622.4;0.008
17622.9;0.009
17623.4;0.009
17623.9;0.008
17624.4;0.009
17624.9;0.009
17625.4;0.009
17625.9;0.009
17626.4;0.008
17626.9;0.009
17627.4;0.007
17627.9;0.008
17628.4;0.009
17628.9;0.009
17629.4;0.008
17629.9;0.008
17630.4;0.01
17630.9;0.009
17631.4;0.009
17631.9;0.009
17632.4;0.009
17632.9;0.009
17633.4;0.007
17633.9;0.008
17634.4;0.011
17634.9;0.009
17635.4;0.009
17635.9;0.008
17636.4;0.009
17636.9;0.009
17637.4;0.009
17637.9;0.01
17638.4;0.009
17638.9;0.009
17639.4;0.008
17639.9;0.009
17640.4;0.009
17640.9;0.008
17641.4;0.008
17641.9;0.009
17642.4;0.009
17642.9;0.008
17643.4;0.008
17643.9;0.009
17644.4;0.008
17644.9;0.008
17645.4;0.008
17645.9;0.008
17646.4;0.008
17646.9;0.009
17647.4;0.008
17647.9;0.009
17648.4;0.008
17648.9;0.009
17649.4;0.009
17649.9;0.009
17650.4;0.008
17650.9;0.008
17651.4;0.008
17651.9;0.009
17652.4;0.008
17652.9;0.008
17653.4;0.008
17653.9;0.009
17654.4;0.009
17654.9;0.01
17655.4;0.008
17655.9;0.009
17656.4;0.009
17656.9;0.008
17657.4;0.009
17657.9;0.007
17658.4;0.008
17658.9;0.009
17659.4;0.009
17659.9;0.008
17660.4;0.009
17660.9;0.007
17661.4;0.008
17661.9;0.009
17662.4;0.008
17662.9;0.009
17663.4;0.008
17663.9;0.009
17664.4;0.008
17664.9;0.01
17665.4;0.008
17665.9;0.009
17666.4;0.008
17666.9;0.009
17667.4;0.009
17667.9;0.009
17668.4;0.008
17668.9;0.008
17669.4;0.009
17669.9;0.01
17670.4;0.008
17670.9;0.009
17671.4;0.009
17671.9;0.009
17672.4;0.008
17672.9;0.008
17673.4;0.009
17673.9;0.008
17674.4;0.008
17674.9;0.008
17675.4;0.008
17675.9;0.009
17676.4;0.009
17676.9;0.008
17677.4;0.007
17677.9;0.008
17678.4;0.008
17678.9;0.008
17679.4;0.008
17679.9;0.008
17680.4;0.009
17680.9;0.008
17681.4;0.008
17681.9;0.009
17682.4;0.009
17682.9;0.009
17683.4;0.009
17683.9;0.009
17684.4;0.008
17684.9;0.009
17685.4;0.008
17685.9;0.008
17686.4;0.008
17686.9;0.009
17687.4;0.008
17687.9;0.007
17688.4;0.009
17688.9;0.009
17689.4;0.009
17689.9;0.009
17690.4;0.009
17690.9;0.009
17691.4;0.008
17691.9;0.008
17692.4;0.01
17692.9;0.008
17693.4;0.009
17693.9;0.008
17694.4;0.008
17694.9;0.009
17695.4;0.008
17695.9;0.008
17696.4;0.008
17696.9;0.008
17697.4;0.009
17697.9;0.009
17698.4;0.009
17698.9;0.009
17699.4;0.009
17699.9;0.008
17700.4;0.01
17700.9;0.009
17701.4;0.008
17701.9;0.008
17702.4;0.008
17702.9;0.009
17703.4;0.008
17703.9;0.008
17704.4;0.008
17704.9;0.009
17705.4;0.009
17705.9;0.01
17706.4;0.008
17706.9;0.009
17707.4;0.008
17707.9;0.008
17708.4;0.009
17708.9;0.009
17709.4;0.007
17709.9;0.009
17710.4;0.008
17710.9;0.008
17711.4;0.009
17711.9;0.01
17712.4;0.008
17712.9;0.009
17713.4;0.008
17713.9;0.009
17714.4;0.009
17714.9;0.01
17715.4;0.009
17715.9;0.008
17716.4;0.008
17716.9;0.008
17717.4;0.009
17717.9;0.01
17718.4;0.008
17718.9;0.008
17719.4;0.008
17719.9;0.008
17720.4;0.009
17720.9;0.009
17721.4;0.009
17721.9;0.009
17722.4;0.008
17722.9;0.008
17723.4;0.008
17723.9;0.007
17724.4;0.008
17724.9;0.009
17725.4;0.008
17725.9;0.008
17726.4;0.008
17726.9;0.009
17727.4;0.009
17727.9;0.009
17728.4;0.008
17728.9;0.009
17729.4;0.009
17729.9;0.009
17730.4;0.009
17730.9;0.008
17731.4;0.01
17731.9;0.008
17732.4;0.01
17732.9;0.009
17733.4;0.008
17733.9;0.009
17734.4;0.009
17734.9;0.008
17735.4;0.009
17735.9;0.009
17736.4;0.007
17736.9;0.008
17737.4;0.008
17737.9;0.008
17738.4;0.01
17738.9;0.008
17739.4;0.009
17739.9;0.008
17740.4;0.009
17740.9;0.009
17741.4;0.01
17741.9;0.008
17742.4;0.008
17742.9;0.009
17743.4;0.009
17743.9;0.007
17744.4;0.009
17744.9;0.009
17745.4;0.009
17745.9;0.009
17746.4;0.009
17746.9;0.009
17747.4;0.009
17747.9;0.009
17748.4;0.008
17748.9;0.006
17749.4;0.009
17749.9;0.008
17750.4;0.009
17750.9;0.009
17751.4;0.009
17751.9;0.009
17752.4;0.009
17752.9;0.008
17753.4;0.009
17753.9;0.009
17754.4;0.009
17754.9;0.011
17755.4;0.009
17755.9;0.007
17756.4;0.008
17756.9;0.009
17757.4;0.009
17757.9;0.009
17758.4;0.008
17758.9;0.01
17759.4;0.008
17759.9;0.008
17760.4;0.008
17760.9;0.009
17761.4;0.008
17761.9;0.009
17762.4;0.009
17762.9;0.009
17763.4;0.008
17763.9;0.008
17764.4;0.009
17764.9;0.008
17765.4;0.008
17765.9;0.009
17766.4;0.009
17766.9;0.009
17767.4;0.009
17767.9;0.008
17768.4;0.009
17768.9;0.008
17769.4;0.009
17769.9;0.009
17770.4;0.008
17770.9;0.01
17771.4;0.009
17771.9;0.009
17772.4;0.009
17772.9;0.009
17773.4;0.008
17773.9;0.009
17774.4;0.01
17774.9;0.008
17775.4;0.009
17775.9;0.009
17776.4;0.008
17776.9;0.01
17777.4;0.008
17777.9;0.01
17778.4;0.008
17778.9;0.009
17779.4;0.008
17779.9;0.008
17780.4;0.008
17780.9;0.007
17781.4;0.01
17781.9;0.008
17782.4;0.008
17782.9;0.008
17783.4;0.009
17783.9;0.008
17784.4;0.01
17784.9;0.009
17785.4;0.009
17785.9;0.007
17786.4;0.009
17786.9;0.009
17787.4;0.009
17787.9;0.009
17788.4;0.009
17788.9;0.009
17789.4;0.009
17789.9;0.008
17790.4;0.008
17790.9;0.009
17791.4;0.009
17791.9;0.007
17792.4;0.008
17792.9;0.009
17793.4;0.007
17793.9;0.007
17794.4;0.009
17794.9;0.009
17795.4;0.008
17795.9;0.009
17796.4;0.009
17796.9;0.01
17797.4;0.008
17797.9;0.01
17798.4;0.01
17798.9;0.008
17799.4;0.008
17799.9;0.01
17800.4;0.009
17800.9;0.007
17801.4;0.008
17801.9;0.009
17802.4;0.008
17802.9;0.008
17803.4;0.007
17803.9;0.01
17804.4;0.009
17804.9;0.009
17805.4;0.009
17805.9;0.009
17806.4;0.009
17806.9;0.008
17807.4;0.008
17807.9;0.008
17808.4;0.009
17808.9;0.008
17809.4;0.009
17809.9;0.01
17810.4;0.01
17810.9;0.008
17811.4;0.009
17811.9;0.009
17812.4;0.01
17812.9;0.01
17813.4;0.009
17813.9;0.008
17814.4;0.009
17814.9;0.009
17815.4;0.009
17815.9;0.009
17816.4;0.008
17816.9;0.009
17817.4;0.01
17817.9;0.008
17818.4;0.008
17818.9;0.008
17819.4;0.009
17819.9;0.009
17820.4;0.008
17820.9;0.008
17821.4;0.009
17821.9;0.009
17822.4;0.007
17822.9;0.008
17823.4;0.01
17823.9;0.007
17824.4;0.009
17824.9;0.008
17825.4;0.009
17825.9;0.008
17826.4;0.009
17826.9;0.009
17827.4;0.008
17827.9;0.009
17828.4;0.008
17828.9;0.008
17829.4;0.008
17829.9;0.008
17830.4;0.01
17830.9;0.008
17831.4;0.008
17831.9;0.008
17832.4;0.008
17832.9;0.009
17833.4;0.009
17833.9;0.01
17834.4;0.009
17834.9;0.008
17835.4;0.008
17835.9;0.008
17836.4;0.008
17836.9;0.009
17837.4;0.007
17837.9;0.008
17838.4;0.009
17838.9;0.008
17839.4;0.009
17839.9;0.008
17840.4;0.009
17840.9;0.008
17841.4;0.008
17841.9;0.008
17842.4;0.008
17842.9;0.008
17843.4;0.008
17843.9;0.008
17844.4;0.009
17844.9;0.009
17845.4;0.009
17845.9;0.009
17846.4;0.009
17846.9;0.008
17847.4;0.009
17847.9;0.009
17848.4;0.008
17848.9;0.009
17849.4;0.007
17849.9;0.009
17850.4;0.008
17850.9;0.009
17851.4;0.008
17851.9;0.009
17852.4;0.008
17852.9;0.009
17853.4;0.009
17853.9;0.009
17854.4;0.008
17854.9;0.009
17855.4;0.009
17855.9;0.008
17856.4;0.01
17856.9;0.009
17857.4;0.007
17857.9;0.008
17858.4;0.01
17858.9;0.009
17859.4;0.008
17859.9;0.009
17860.4;0.01
17860.9;0.01
17861.4;0.008
17861.9;0.01
17862.4;0.008
17862.9;0.008
17863.4;0.008
17863.9;0.009
17864.4;0.008
17864.9;0.01
17865.4;0.009
17865.9;0.008
17866.4;0.009
17866.9;0.008
17867.4;0.009
17867.9;0.009
17868.4;0.008
17868.9;0.008
17869.4;0.007
17869.9;0.009
17870.4;0.009
17870.9;0.009
17871.4;0.008
17871.9;0.009
17872.4;0.008
17872.9;0.008
17873.4;0.009
17873.9;0.009
17874.4;0.008
17874.9;0.007
17875.4;0.009
17875.9;0.009
17876.4;0.008
17876.9;0.01
17877.4;0.008
17877.9;0.009
17878.4;0.009
17878.9;0.009
17879.4;0.008
17879.9;0.008
17880.4;0.009
17880.9;0.009
17881.4;0.008
17881.9;0.009
17882.4;0.009
17882.9;0.009
17883.4;0.009
17883.9;0.008
17884.4;0.008
17884.9;0.009
17885.4;0.01
17885.9;0.009
17886.4;0.009
17886.9;0.01
17887.4;0.008
17887.9;0.008
17888.4;0.007
17888.9;0.009
17889.4;0.009
17889.9;0.008
17890.4;0.009
17890.9;0.01
17891.4;0.008
17891.9;0.008
17892.4;0.008
17892.9;0.008
17893.4;0.008
17893.9;0.009
17894.4;0.008
17894.9;0.008
17895.4;0.007
17895.9;0.009
17896.4;0.008
17896.9;0.007
17897.4;0.008
17897.9;0.009
17898.4;0.009
17898.9;0.01
17899.4;0.008
17899.9;0.008
17900.4;0.008
17900.9;0.007
17901.4;0.009
17901.9;0.008
17902.4;0.01
17902.9;0.009
17903.4;0.009
17903.9;0.009
17904.4;0.009
17904.9;0.009
17905.4;0.009
17905.9;0.008
17906.4;0.009
17906.9;0.01
17907.4;0.008
17907.9;0.008
17908.4;0.01
17908.9;0.008
17909.4;0.007
17909.9;0.009
17910.4;0.009
17910.9;0.008
17911.4;0.009
17911.9;0.009
17912.4;0.006
17912.9;0.009
17913.4;0.009
17913.9;0.01
17914.4;0.01
17914.9;0.008
17915.4;0.009
17915.9;0.009
17916.4;0.01
17916.9;0.008
17917.4;0.009
17917.9;0.009
17918.4;0.009
17918.9;0.008
17919.4;0.008
17919.9;0.007
17920.4;0.009
17920.9;0.008
17921.4;0.01
17921.9;0.008
17922.4;0.008
17922.9;0.009
17923.4;0.008
17923.9;0.009
17924.4;0.008
17924.9;0.009
17925.4;0.008
17925.9;0.009
17926.4;0.009
17926.9;0.008
17927.4;0.009
17927.9;0.009
17928.4;0.009
17928.9;0.009
17929.4;0.008
17929.9;0.009
17930.4;0.009
17930.9;0.009
17931.4;0.008
17931.9;0.009
17932.4;0.008
17932.9;0.008
17933.4;0.008
17933.9;0.008
17934.4;0.009
17934.9;0.008
17935.4;0.008
17935.9;0.009
17936.4;0.01
17936.9;0.008
17937.4;0.009
17937.9;0.009
17938.4;0.009
17938.9;0.008
17939.4;0.008
17939.9;0.008
17940.4;0.008
17940.9;0.009
17941.4;0.009
17941.9;0.008
17942.4;0.009
17942.9;0.007
17943.4;0.006
17943.9;0.01
17944.4;0.008
17944.9;0.008
17945.4;0.008
17945.9;0.009
17946.4;0.009
17946.9;0.009
17947.4;0.008
17947.9;0.009
17948.4;0.008
17948.9;0.008
17949.4;0.009
17949.9;0.008
17950.4;0.008
17950.9;0.008
17951.4;0.007
17951.9;0.01
17952.4;0.009
17952.9;0.007
17953.4;0.008
17953.9;0.01
17954.4;0.009
17954.9;0.009
17955.4;0.01
17955.9;0.009
17956.4;0.009
17956.9;0.007
17957.4;0.009
17957.9;0.009
17958.4;0.009
17958.9;0.009
17959.4;0.008
17959.9;0.008
17960.4;0.008
17960.9;0.009
17961.4;0.008
17961.9;0.008
17962.4;0.008
17962.9;0.009
17963.4;0.007
17963.9;0.01
17964.4;0.009
17964.9;0.009
17965.4;0.008
17965.9;0.009
17966.4;0.009
17966.9;0.01
17967.4;0.008
17967.9;0.008
17968.4;0.01
17968.9;0.009
17969.4;0.008
17969.9;0.009
17970.4;0.008
17970.9;0.01
17971.4;0.008
17971.9;0.009
17972.4;0.009
17972.9;0.009
17973.4;0.008
17973.9;0.007
17974.4;0.009
17974.9;0.007
17975.4;0.008
17975.9;0.008
17976.4;0.008
17976.9;0.009
17977.4;0.009
17977.9;0.008
17978.4;0.009
17978.9;0.009
17979.4;0.008
17979.9;0.009
17980.4;0.01
17980.9;0.009
17981.4;0.01
17981.9;0.008
17982.4;0.009
17982.9;0.008
17983.4;0.008
17983.9;0.009
17984.4;0.01
17984.9;0.009
17985.4;0.007
17985.9;0.009
17986.4;0.008
17986.9;0.008
17987.4;0.009
17987.9;0.009
17988.4;0.008
17988.9;0.009
17989.4;0.009
17989.9;0.01
17990.4;0.008
17990.9;0.008
17991.4;0.007
17991.9;0.008
17992.4;0.009
17992.9;0.009
17993.4;0.008
17993.9;0.009
17994.4;0.008
17994.9;0.01
17995.4;0.008
17995.9;0.01
17996.4;0.008
17996.9;0.009
17997.4;0.009
17997.9;0.009
17998.4;0.008
17998.9;0.009
17999.4;0.009
17999.9;0.009
