Frequence;Amplitude
0.0;0.575
0.5;0.391
1.0;0.905
1.5;1.002
2.0;1.359
2.5;1.619
3.0;1.594
3.5;2.074
4.0;2.004
4.5;1.542
5.0;1.494
5.5;2.861
6.0;1.233
6.5;4.751
7.0;1.143
7.5;3.702
8.0;0.513
8.5;3.942
9.0;0.681
9.5;2.888
10.0;1.327
10.5;2.283
11.0;1.666
11.5;1.711
12.0;1.066
12.5;1.666
13.0;1.115
13.5;0.438
14.0;1.355
14.5;0.846
15.0;0.661
15.5;0.546
16.0;0.377
16.5;0.562
17.0;0.446
17.5;0.085
18.0;0.467
18.5;0.214
19.0;0.499
19.5;0.348
20.0;0.7
20.5;0.043
21.0;0.236
21.5;0.657
22.0;0.335
22.5;0.98
23.0;0.449
23.5;0.637
24.0;0.702
24.5;0.029
25.0;0.691
25.5;0.652
26.0;0.599
26.5;0.665
27.0;0.716
27.5;0.524
28.0;0.134
28.5;0.731
29.0;0.673
29.5;0.267
30.0;0.468
30.5;2.023
31.0;0.286
31.5;0.488
32.0;0.767
32.5;0.389
33.0;0.772
33.5;0.881
34.0;0.21
34.5;0.739
35.0;0.365
35.5;0.566
36.0;0.207
36.5;0.386
37.0;0.538
37.5;2.126
38.0;0.936
38.5;0.94
39.0;0.542
39.5;0.857
40.0;0.396
40.5;1.067
41.0;0.656
41.5;0.127
42.0;0.511
42.5;1.902
43.0;3.865
43.5;1.481
44.0;1.712
44.5;1.656
45.0;0.389
45.5;1.206
46.0;2.451
46.5;2.068
47.0;0.31
47.5;1.577
48.0;1.158
48.5;0.954
49.0;1.898
49.5;0.883
50.0;1.292
50.5;0.637
51.0;0.691
51.5;0.762
52.0;0.625
52.5;0.508
53.0;0.781
53.5;1.091
54.0;1.682
54.5;0.77
55.0;0.785
55.5;0.541
56.0;1.244
56.5;0.326
57.0;0.685
57.5;0.721
58.0;0.824
58.5;1.717
59.0;1.732
59.5;1.783
60.0;1.972
60.5;1.552
61.0;2.052
61.5;0.685
62.0;1.969
62.5;1.196
63.0;1.328
63.5;1.335
64.0;0.673
64.5;0.299
65.0;1.246
65.5;0.254
66.0;0.934
66.5;0.698
67.0;1.15
67.5;0.499
68.0;0.317
68.5;0.365
69.0;0.144
69.5;0.598
70.0;0.313
70.5;0.841
71.0;0.741
71.5;0.347
72.0;0.186
72.5;0.621
73.0;0.613
73.5;1.053
74.0;0.629
74.5;0.991
75.0;0.471
75.5;0.955
76.0;0.865
76.5;1.206
77.0;0.913
77.5;0.929
78.0;1.072
78.5;0.704
79.0;0.494
79.5;0.762
80.0;0.524
80.5;0.402
81.0;0.391
81.5;0.7
82.0;1.203
82.5;0.368
83.0;0.581
83.5;0.557
84.0;0.855
84.5;0.324
85.0;0.378
85.5;0.467
86.0;0.619
86.5;0.145
87.0;0.24
87.5;0.535
88.0;0.435
88.5;0.742
89.0;0.423
89.5;0.774
90.0;0.454
90.5;0.75
91.0;0.703
91.5;0.501
92.0;0.272
92.5;0.495
93.0;0.76
93.5;0.442
94.0;0.288
94.5;0.626
95.0;0.288
95.5;0.451
96.0;0.106
96.5;0.387
97.0;0.52
97.5;0.03
98.0;0.61
98.5;0.485
99.0;1.57
99.5;0.942
100.0;2.384
100.5;0.852
101.0;0.315
101.5;0.465
102.0;0.542
102.5;0.414
103.0;0.4
103.5;0.458
104.0;0.174
104.5;0.464
105.0;0.342
105.5;0.625
106.0;0.982
106.5;0.401
107.0;0.356
107.5;0.7
108.0;0.197
108.5;0.281
109.0;0.501
109.5;0.486
110.0;0.524
110.5;0.154
111.0;0.287
111.5;0.134
112.0;0.13
112.5;0.352
113.0;0.327
113.5;0.61
114.0;0.233
114.5;0.212
115.0;0.208
115.5;0.157
116.0;0.424
116.5;0.363
117.0;0.389
117.5;0.571
118.0;0.375
118.5;0.445
119.0;0.267
119.5;0.343
120.0;0.885
120.5;0.523
121.0;1.128
121.5;0.677
122.0;0.622
122.5;1.141
123.0;0.611
123.5;0.699
124.0;0.516
124.5;0.091
125.0;0.358
125.5;0.305
126.0;0.351
126.5;0.333
127.0;0.758
127.5;0.569
128.0;0.587
128.5;1.002
129.0;0.334
129.5;0.014
130.0;0.226
130.5;0.165
131.0;0.623
131.5;0.399
132.0;0.562
132.5;0.417
133.0;0.109
133.5;0.291
134.0;0.183
134.5;0.384
135.0;0.237
135.5;0.107
136.0;0.215
136.5;0.25
137.0;0.123
137.5;0.609
138.0;0.595
138.5;0.391
139.0;0.408
139.5;0.689
140.0;0.345
140.5;0.198
141.0;0.128
141.5;0.543
142.0;0.45
142.5;0.372
143.0;0.664
143.5;0.483
144.0;0.267
144.5;0.415
145.0;0.351
145.5;0.335
146.0;0.122
146.5;0.457
147.0;0.536
147.5;0.486
148.0;0.47
148.5;0.626
149.0;0.144
149.5;0.157
150.0;0.436
150.5;0.264
151.0;0.461
151.5;0.357
152.0;0.481
152.5;0.558
153.0;0.333
153.5;0.217
154.0;0.169
154.5;0.072
155.0;0.175
155.5;0.546
156.0;0.479
156.5;0.869
157.0;0.616
157.5;0.333
158.0;0.539
158.5;0.167
159.0;0.307
159.5;0.194
160.0;0.259
160.5;0.302
161.0;0.425
161.5;0.355
162.0;0.233
162.5;0.383
163.0;0.675
163.5;0.211
164.0;0.654
164.5;0.206
165.0;0.747
165.5;0.37
166.0;0.497
166.5;0.244
167.0;0.358
167.5;0.372
168.0;0.116
168.5;0.05
169.0;0.459
169.5;0.511
170.0;0.365
170.5;0.307
171.0;0.506
171.5;0.289
172.0;0.254
172.5;0.309
173.0;0.259
173.5;0.545
174.0;0.544
174.5;0.808
175.0;0.38
175.5;0.465
176.0;0.549
176.5;0.212
177.0;0.3
177.5;0.297
178.0;0.436
178.5;0.457
179.0;0.725
179.5;0.257
180.0;0.829
180.5;0.361
181.0;0.782
181.5;0.241
182.0;0.521
182.5;0.605
183.0;0.199
183.5;0.253
184.0;0.727
184.5;0.437
185.0;0.381
185.5;0.298
186.0;0.586
186.5;0.438
187.0;0.224
187.5;0.348
188.0;0.39
188.5;0.415
189.0;0.572
189.5;0.646
190.0;0.613
190.5;0.554
191.0;0.234
191.5;0.904
192.0;0.272
192.5;1.013
193.0;1.012
193.5;1.102
194.0;1.366
194.5;2.136
195.0;1.611
195.5;0.499
196.0;1.163
196.5;0.664
197.0;1.114
197.5;0.544
198.0;1.011
198.5;0.915
199.0;1.149
199.5;4.007
200.0;2.703
200.5;0.925
201.0;0.438
201.5;0.746
202.0;0.46
202.5;1.192
203.0;0.33
203.5;0.666
204.0;0.933
204.5;0.291
205.0;0.585
205.5;1.058
206.0;0.8
206.5;0.182
207.0;0.478
207.5;0.508
208.0;0.308
208.5;0.217
209.0;0.334
209.5;0.468
210.0;0.605
210.5;0.495
211.0;0.35
211.5;0.089
212.0;0.401
212.5;0.036
213.0;0.177
213.5;0.664
214.0;0.411
214.5;0.618
215.0;1.277
215.5;0.728
216.0;0.346
216.5;0.158
217.0;0.434
217.5;0.948
218.0;0.541
218.5;0.455
219.0;0.44
219.5;0.257
220.0;0.411
220.5;0.569
221.0;0.133
221.5;0.875
222.0;0.729
222.5;0.729
223.0;1.48
223.5;0.807
224.0;0.456
224.5;0.311
225.0;0.212
225.5;0.5
226.0;0.432
226.5;1.077
227.0;0.445
227.5;0.26
228.0;0.915
228.5;0.286
229.0;0.428
229.5;0.407
230.0;0.435
230.5;0.407
231.0;0.117
231.5;0.686
232.0;0.08
232.5;0.227
233.0;0.537
233.5;0.442
234.0;0.111
234.5;0.678
235.0;0.494
235.5;0.756
236.0;0.85
236.5;0.389
237.0;0.545
237.5;0.167
238.0;1.373
238.5;0.352
239.0;0.607
239.5;0.472
240.0;0.668
240.5;0.321
241.0;0.999
241.5;0.63
242.0;0.823
242.5;0.17
243.0;0.377
243.5;0.491
244.0;0.272
244.5;0.127
245.0;0.443
245.5;0.418
246.0;0.596
246.5;0.518
247.0;0.413
247.5;0.464
248.0;0.751
248.5;0.339
249.0;0.516
249.5;0.102
250.0;0.428
250.5;0.121
251.0;0.223
251.5;0.564
252.0;0.239
252.5;0.666
253.0;0.712
253.5;0.302
254.0;0.343
254.5;0.408
255.0;0.953
255.5;0.753
256.0;0.755
256.5;0.478
257.0;0.314
257.5;0.34
258.0;0.08
258.5;0.604
259.0;0.311
259.5;0.803
260.0;0.973
260.5;0.295
261.0;0.555
261.5;0.603
262.0;0.615
262.5;0.252
263.0;0.214
263.5;0.963
264.0;0.612
264.5;0.17
265.0;0.59
265.5;1.005
266.0;0.218
266.5;0.744
267.0;0.465
267.5;0.344
268.0;0.289
268.5;0.464
269.0;0.119
269.5;0.84
270.0;0.719
270.5;0.603
271.0;0.973
271.5;0.912
272.0;0.546
272.5;0.599
273.0;0.705
273.5;0.479
274.0;0.237
274.5;1.071
275.0;1.021
275.5;0.732
276.0;0.596
276.5;1.475
277.0;0.757
277.5;1.009
278.0;0.68
278.5;0.528
279.0;0.501
279.5;0.983
280.0;0.454
280.5;0.756
281.0;0.747
281.5;0.377
282.0;1.144
282.5;0.285
283.0;0.814
283.5;0.949
284.0;0.851
284.5;0.748
285.0;0.7
285.5;0.452
286.0;0.61
286.5;0.729
287.0;0.316
287.5;0.462
288.0;0.906
288.5;0.871
289.0;0.864
289.5;0.545
290.0;0.991
290.5;0.518
291.0;1.475
291.5;0.342
292.0;0.675
292.5;0.733
293.0;0.827
293.5;0.806
294.0;1.591
294.5;0.624
295.0;1.662
295.5;0.151
296.0;0.785
296.5;0.65
297.0;0.952
297.5;0.713
298.0;1.27
298.5;0.113
299.0;0.989
299.5;0.12
300.0;0.611
300.5;0.78
301.0;1.092
301.5;0.276
302.0;0.955
302.5;0.617
303.0;0.926
303.5;0.338
304.0;1.046
304.5;0.392
305.0;0.819
305.5;0.753
306.0;0.785
306.5;0.617
307.0;0.614
307.5;0.541
308.0;0.603
308.5;0.962
309.0;1.241
309.5;0.625
310.0;1.341
310.5;0.733
311.0;1.131
311.5;0.543
312.0;1.108
312.5;0.056
313.0;0.973
313.5;0.875
314.0;0.601
314.5;0.37
315.0;0.708
315.5;0.767
316.0;0.917
316.5;0.226
317.0;1.191
317.5;0.743
318.0;1.123
318.5;0.678
319.0;0.383
319.5;0.52
320.0;0.317
320.5;1.191
321.0;1.186
321.5;1.11
322.0;0.076
322.5;0.737
323.0;0.911
323.5;0.722
324.0;1.332
324.5;0.421
325.0;1.346
325.5;1.577
326.0;0.199
326.5;1.055
327.0;1.082
327.5;0.746
328.0;0.274
328.5;1.819
329.0;0.34
329.5;0.729
330.0;0.816
330.5;0.91
331.0;1.627
331.5;1.195
332.0;0.675
332.5;1.28
333.0;0.784
333.5;1.312
334.0;0.877
334.5;0.818
335.0;0.629
335.5;0.817
336.0;1.29
336.5;0.497
337.0;1.075
337.5;0.971
338.0;0.417
338.5;0.727
339.0;0.817
339.5;0.831
340.0;1.295
340.5;1.426
341.0;0.972
341.5;1.056
342.0;0.63
342.5;0.481
343.0;1.057
343.5;1.01
344.0;1.226
344.5;1.065
345.0;1.332
345.5;1.274
346.0;0.321
346.5;0.472
347.0;0.307
347.5;0.909
348.0;1.385
348.5;0.985
349.0;0.308
349.5;0.823
350.0;1.33
350.5;1.207
351.0;0.96
351.5;0.457
352.0;0.525
352.5;0.838
353.0;0.859
353.5;1.286
354.0;0.646
354.5;1.033
355.0;1.281
355.5;0.615
356.0;1.532
356.5;0.466
357.0;0.81
357.5;1.277
358.0;1.292
358.5;1.393
359.0;0.612
359.5;1.133
360.0;1.324
360.5;1.165
361.0;1.422
361.5;0.905
362.0;1.267
362.5;1.25
363.0;0.921
363.5;0.877
364.0;1.133
364.5;1.379
365.0;0.888
365.5;1.282
366.0;1.503
366.5;1.026
367.0;1.365
367.5;1.762
368.0;1.768
368.5;1.558
369.0;1.521
369.5;1.098
370.0;1.519
370.5;1.392
371.0;1.425
371.5;1.31
372.0;0.934
372.5;1.512
373.0;1.861
373.5;1.391
374.0;0.793
374.5;1.058
375.0;0.987
375.5;2.058
376.0;1.297
376.5;1.02
377.0;1.701
377.5;1.98
378.0;2.168
378.5;1.912
379.0;1.717
379.5;2.132
380.0;2.083
380.5;1.521
381.0;1.304
381.5;2.496
382.0;2.27
382.5;2.258
383.0;1.84
383.5;1.55
384.0;1.686
384.5;1.54
385.0;2.324
385.5;2.15
386.0;1.341
386.5;2.514
387.0;2.617
387.5;2.204
388.0;1.538
388.5;1.238
389.0;1.559
389.5;2.387
390.0;2.237
390.5;1.761
391.0;1.044
391.5;1.623
392.0;2.931
392.5;2.928
393.0;2.599
393.5;2.117
394.0;2.402
394.5;2.694
395.0;2.593
395.5;2.239
396.0;1.669
396.5;2.026
397.0;2.013
397.5;2.29
398.0;2.733
398.5;2.723
399.0;3.169
399.5;2.33
400.0;2.822
400.5;2.497
401.0;3.774
401.5;3.771
402.0;3.393
402.5;3.765
403.0;1.984
403.5;3.12
404.0;3.616
404.5;4.264
405.0;4.661
405.5;3.853
406.0;1.426
406.5;2.575
407.0;3.064
407.5;3.775
408.0;3.268
408.5;4.377
409.0;4.502
409.5;5.411
410.0;3.731
410.5;2.635
411.0;3.497
411.5;5.391
412.0;6.654
412.5;5.97
413.0;3.354
413.5;4.55
414.0;6.489
414.5;7.482
415.0;5.973
415.5;4.238
416.0;4.975
416.5;8.488
417.0;10.669
417.5;10.482
418.0;6.583
418.5;3.367
419.0;9.016
419.5;13.924
420.0;14.803
420.5;13.326
421.0;11.992
421.5;11.863
422.0;14.143
422.5;17.567
423.0;20.279
423.5;24.472
424.0;27.198
424.5;30.177
425.0;36.963
425.5;52.718
426.0;69.414
426.5;86.828
427.0;100.352
427.5;110.1
428.0;119.432
428.5;128.603
429.0;137.718
429.5;145.783
430.0;146.101
430.5;134.82
431.0;112.847
431.5;84.945
432.0;67.701
432.5;71.739
433.0;86.94
433.5;96.443
434.0;94.601
434.5;82.502
435.0;65.595
435.5;53.302
436.0;45.13
436.5;43.684
437.0;34.651
437.5;22.321
438.0;7.564
438.5;5.816
439.0;16.118
439.5;19.328
440.0;16.249
440.5;10.175
441.0;4.124
441.5;7.917
442.0;8.096
442.5;7.018
443.0;6.8
443.5;8.937
444.0;9.547
444.5;5.191
445.0;3.275
445.5;3.009
446.0;2.652
446.5;6.842
447.0;9.304
447.5;10.771
448.0;5.719
448.5;2.969
449.0;7.251
449.5;5.047
450.0;3.751
450.5;2.565
451.0;5.693
451.5;7.353
452.0;10.768
452.5;6.666
453.0;5.182
453.5;2.735
454.0;9.188
454.5;7.87
455.0;6.217
455.5;1.298
456.0;1.301
456.5;1.562
457.0;6.982
457.5;16.375
458.0;16.739
458.5;12.268
459.0;4.976
459.5;3.765
460.0;6.978
460.5;3.489
461.0;1.342
461.5;7.63
462.0;11.366
462.5;9.245
463.0;9.761
463.5;8.685
464.0;16.091
464.5;18.997
465.0;20.11
465.5;11.416
466.0;3.797
466.5;5.501
467.0;6.027
467.5;10.194
468.0;12.778
468.5;11.511
469.0;4.537
469.5;10.562
470.0;17.211
470.5;15.988
471.0;23.019
471.5;35.661
472.0;38.18
472.5;35.646
473.0;33.628
473.5;38.309
474.0;29.229
474.5;21.455
475.0;10.692
475.5;10.403
476.0;10.248
476.5;4.114
477.0;0.621
477.5;6.767
478.0;5.423
478.5;1.567
479.0;5.883
479.5;12.481
480.0;11.66
480.5;7.931
481.0;10.597
481.5;18.306
482.0;12.442
482.5;6.795
483.0;5.13
483.5;16.044
484.0;13.314
484.5;15.359
485.0;2.519
485.5;6.511
486.0;11.0
486.5;6.619
487.0;7.92
487.5;12.41
488.0;2.636
488.5;3.152
489.0;10.518
489.5;17.844
490.0;9.387
490.5;4.487
491.0;5.83
491.5;11.161
492.0;8.802
492.5;8.979
493.0;7.453
493.5;5.506
494.0;9.168
494.5;14.882
495.0;15.595
495.5;8.336
496.0;11.05
496.5;8.304
497.0;9.299
497.5;5.269
498.0;14.016
498.5;2.32
499.0;4.142
499.5;6.092
500.0;1.041
500.5;8.137
501.0;1.216
501.5;8.509
502.0;5.404
502.5;9.95
503.0;6.133
503.5;11.791
504.0;4.551
504.5;5.29
505.0;9.818
505.5;18.373
506.0;6.285
506.5;7.534
507.0;9.872
507.5;21.795
508.0;16.307
508.5;29.793
509.0;22.863
509.5;15.734
510.0;18.114
510.5;50.402
511.0;60.18
511.5;35.913
512.0;26.798
512.5;40.611
513.0;27.871
513.5;46.223
514.0;92.57
514.5;100.842
515.0;53.803
515.5;77.384
516.0;50.987
516.5;125.351
517.0;194.156
517.5;345.314
518.0;471.072
518.5;523.456
519.0;572.416
519.5;443.199
520.0;414.498
520.5;383.548
521.0;103.406
521.5;113.173
522.0;80.252
522.5;103.411
523.0;126.81
523.5;63.422
524.0;136.293
524.5;123.435
525.0;186.926
525.5;196.2
526.0;108.315
526.5;210.433
527.0;122.156
527.5;91.257
528.0;44.716
528.5;42.765
529.0;42.937
529.5;37.582
530.0;23.803
530.5;7.122
531.0;10.4
531.5;8.634
532.0;51.605
532.5;16.617
533.0;11.945
533.5;21.435
534.0;18.987
534.5;18.037
535.0;26.622
535.5;7.751
536.0;8.602
536.5;24.791
537.0;25.003
537.5;56.4
538.0;20.15
538.5;32.629
539.0;15.207
539.5;31.544
540.0;27.624
540.5;45.885
541.0;26.064
541.5;47.39
542.0;37.519
542.5;20.617
543.0;50.925
543.5;3.066
544.0;16.169
544.5;8.133
545.0;5.704
545.5;17.48
546.0;44.975
546.5;24.053
547.0;44.337
547.5;29.405
548.0;48.949
548.5;36.503
549.0;52.283
549.5;24.667
550.0;20.287
550.5;23.968
551.0;42.031
551.5;40.772
552.0;19.346
552.5;39.88
553.0;14.913
553.5;46.753
554.0;19.708
554.5;24.182
555.0;37.582
555.5;32.211
556.0;12.508
556.5;41.598
557.0;51.106
557.5;63.623
558.0;65.996
558.5;51.116
559.0;40.829
559.5;14.93
560.0;22.51
560.5;55.688
561.0;27.797
561.5;11.302
562.0;26.829
562.5;4.101
563.0;19.221
563.5;57.629
564.0;64.922
564.5;73.772
565.0;41.342
565.5;67.922
566.0;79.519
566.5;98.089
567.0;73.629
567.5;73.347
568.0;57.351
568.5;61.805
569.0;66.788
569.5;118.833
570.0;160.28
570.5;179.643
571.0;138.714
571.5;168.526
572.0;247.138
572.5;288.338
573.0;204.211
573.5;122.404
574.0;92.13
574.5;92.98
575.0;75.998
575.5;96.197
576.0;84.252
576.5;130.198
577.0;253.937
577.5;208.068
578.0;90.833
578.5;323.749
579.0;349.388
579.5;347.067
580.0;149.874
580.5;286.545
581.0;565.535
581.5;363.843
582.0;390.318
582.5;662.54
583.0;414.063
583.5;254.287
584.0;307.961
584.5;222.712
585.0;203.972
585.5;191.905
586.0;140.714
586.5;134.893
587.0;84.085
587.5;55.326
588.0;83.74
588.5;15.742
589.0;93.285
589.5;94.712
590.0;41.512
590.5;17.692
591.0;75.934
591.5;143.712
592.0;144.055
592.5;153.395
593.0;138.883
593.5;100.804
594.0;140.798
594.5;219.55
595.0;234.368
595.5;160.448
596.0;138.832
596.5;143.155
597.0;145.04
597.5;154.327
598.0;175.258
598.5;184.992
599.0;166.615
599.5;164.847
600.0;139.209
600.5;114.747
601.0;93.911
601.5;89.191
602.0;71.22
602.5;60.866
603.0;68.284
603.5;73.015
604.0;76.351
604.5;81.214
605.0;113.719
605.5;126.535
606.0;110.85
606.5;91.391
607.0;89.889
607.5;77.709
608.0;62.139
608.5;64.427
609.0;67.187
609.5;66.126
610.0;52.53
610.5;42.229
611.0;21.396
611.5;9.724
612.0;24.849
612.5;36.791
613.0;29.146
613.5;19.103
614.0;24.136
614.5;16.255
615.0;6.91
615.5;4.887
616.0;4.341
616.5;11.418
617.0;29.757
617.5;33.731
618.0;22.316
618.5;26.589
619.0;26.503
619.5;19.642
620.0;19.62
620.5;20.967
621.0;26.113
621.5;22.166
622.0;15.528
622.5;9.981
623.0;7.359
623.5;7.489
624.0;15.559
624.5;21.392
625.0;12.124
625.5;3.196
626.0;4.716
626.5;9.075
627.0;10.705
627.5;9.134
628.0;11.325
628.5;1.556
629.0;9.134
629.5;10.199
630.0;8.698
630.5;12.033
631.0;5.357
631.5;6.768
632.0;4.093
632.5;4.549
633.0;8.216
633.5;9.515
634.0;12.312
634.5;7.844
635.0;6.855
635.5;3.545
636.0;8.481
636.5;12.727
637.0;4.208
637.5;8.941
638.0;5.902
638.5;5.689
639.0;8.261
639.5;8.853
640.0;6.237
640.5;2.087
641.0;8.185
641.5;2.66
642.0;6.956
642.5;9.634
643.0;6.519
643.5;7.559
644.0;4.398
644.5;5.61
645.0;6.366
645.5;7.681
646.0;9.224
646.5;4.284
647.0;5.965
647.5;3.53
648.0;7.669
648.5;6.709
649.0;3.821
649.5;7.199
650.0;3.911
650.5;5.146
651.0;5.681
651.5;5.143
652.0;4.695
652.5;6.108
653.0;7.823
653.5;0.831
654.0;7.054
654.5;5.712
655.0;7.638
655.5;8.471
656.0;3.331
656.5;4.005
657.0;4.165
657.5;7.109
658.0;6.433
658.5;5.199
659.0;6.455
659.5;4.429
660.0;4.729
660.5;2.168
661.0;6.813
661.5;7.589
662.0;4.486
662.5;5.86
663.0;3.943
663.5;4.645
664.0;5.603
664.5;5.995
665.0;2.574
665.5;2.661
666.0;6.065
666.5;6.632
667.0;6.328
667.5;5.262
668.0;3.965
668.5;4.3
669.0;4.332
669.5;4.643
670.0;5.037
670.5;5.565
671.0;6.013
671.5;4.395
672.0;4.441
672.5;3.594
673.0;4.369
673.5;4.943
674.0;5.105
674.5;4.756
675.0;4.462
675.5;5.677
676.0;5.657
676.5;5.055
677.0;3.304
677.5;3.825
678.0;4.704
678.5;5.197
679.0;5.658
679.5;5.416
680.0;4.168
680.5;3.333
681.0;2.469
681.5;4.247
682.0;5.788
682.5;5.68
683.0;3.636
683.5;2.733
684.0;4.084
684.5;4.808
685.0;5.066
685.5;4.381
686.0;4.051
686.5;4.377
687.0;3.98
687.5;4.455
688.0;3.947
688.5;4.211
689.0;5.296
689.5;2.496
690.0;4.216
690.5;4.477
691.0;6.17
691.5;4.293
692.0;3.209
692.5;4.006
693.0;4.495
693.5;4.119
694.0;4.043
694.5;4.685
695.0;3.494
695.5;4.203
696.0;4.936
696.5;2.414
697.0;4.12
697.5;4.47
698.0;4.43
698.5;4.75
699.0;3.456
699.5;3.196
700.0;3.97
700.5;4.444
701.0;3.974
701.5;3.107
702.0;2.852
702.5;3.275
703.0;4.539
703.5;4.474
704.0;3.438
704.5;2.63
705.0;3.428
705.5;4.154
706.0;4.5
706.5;4.468
707.0;3.685
707.5;4.564
708.0;3.627
708.5;2.506
709.0;5.055
709.5;4.715
710.0;3.853
710.5;2.962
711.0;3.67
711.5;4.927
712.0;4.958
712.5;3.774
713.0;2.42
713.5;3.654
714.0;4.051
714.5;4.218
715.0;4.853
715.5;4.151
716.0;4.246
716.5;3.188
717.0;2.805
717.5;3.049
718.0;3.417
718.5;4.529
719.0;4.101
719.5;3.892
720.0;3.314
720.5;3.278
721.0;4.259
721.5;2.781
722.0;4.292
722.5;3.976
723.0;4.649
723.5;3.867
724.0;3.055
724.5;3.228
725.0;4.47
725.5;4.892
726.0;3.728
726.5;3.997
727.0;3.595
727.5;4.115
728.0;5.098
728.5;3.386
729.0;3.342
729.5;3.502
730.0;3.631
730.5;4.309
731.0;4.38
731.5;3.447
732.0;3.396
732.5;4.322
733.0;2.961
733.5;2.371
734.0;4.19
734.5;4.309
735.0;3.58
735.5;3.648
736.0;3.86
736.5;4.435
737.0;4.422
737.5;4.518
738.0;3.298
738.5;3.338
739.0;4.981
739.5;4.824
740.0;3.382
740.5;3.129
741.0;4.071
741.5;5.307
742.0;2.836
742.5;3.147
743.0;4.177
743.5;4.298
744.0;4.283
744.5;3.98
745.0;3.696
745.5;4.385
746.0;4.081
746.5;4.066
747.0;3.255
747.5;3.569
748.0;3.852
748.5;4.304
749.0;4.293
749.5;3.013
750.0;3.781
750.5;4.374
751.0;3.537
751.5;3.636
752.0;3.301
752.5;4.169
753.0;4.348
753.5;4.858
754.0;4.25
754.5;3.436
755.0;4.755
755.5;4.11
756.0;3.63
756.5;3.547
757.0;4.072
757.5;4.844
758.0;3.169
758.5;3.112
759.0;3.114
759.5;4.385
760.0;3.619
760.5;3.75
761.0;2.999
761.5;4.253
762.0;4.768
762.5;4.352
763.0;4.019
763.5;3.693
764.0;4.014
764.5;3.906
765.0;3.882
765.5;3.03
766.0;4.404
766.5;4.417
767.0;4.142
767.5;4.365
768.0;4.11
768.5;4.017
769.0;4.484
769.5;3.985
770.0;4.173
770.5;2.674
771.0;3.893
771.5;4.536
772.0;4.299
772.5;3.744
773.0;5.13
773.5;4.958
774.0;4.225
774.5;4.311
775.0;4.596
775.5;4.075
776.0;4.169
776.5;4.283
777.0;4.281
777.5;4.496
778.0;4.535
778.5;3.685
779.0;3.31
779.5;4.098
780.0;4.335
780.5;5.066
781.0;3.96
781.5;5.021
782.0;4.493
782.5;4.33
783.0;4.782
783.5;6.009
784.0;3.742
784.5;4.447
785.0;4.965
785.5;3.987
786.0;4.217
786.5;4.271
787.0;4.669
787.5;5.441
788.0;5.491
788.5;4.104
789.0;4.152
789.5;3.978
790.0;4.419
790.5;4.925
791.0;4.365
791.5;5.217
792.0;5.568
792.5;4.416
793.0;4.038
793.5;4.542
794.0;5.031
794.5;5.363
795.0;5.223
795.5;4.88
796.0;3.71
796.5;5.934
797.0;5.633
797.5;5.245
798.0;3.729
798.5;4.807
799.0;5.595
799.5;6.223
800.0;4.798
800.5;5.317
801.0;5.239
801.5;5.722
802.0;6.463
802.5;7.158
803.0;4.73
803.5;6.065
804.0;6.329
804.5;6.507
805.0;4.531
805.5;4.393
806.0;5.616
806.5;7.413
807.0;7.026
807.5;5.985
808.0;6.234
808.5;5.896
809.0;6.265
809.5;6.488
810.0;6.079
810.5;6.218
811.0;5.493
811.5;6.56
812.0;5.55
812.5;6.311
813.0;7.051
813.5;7.178
814.0;5.869
814.5;4.972
815.0;7.664
815.5;5.616
816.0;6.068
816.5;5.03
817.0;6.094
817.5;5.96
818.0;6.367
818.5;6.159
819.0;5.92
819.5;7.507
820.0;6.287
820.5;7.001
821.0;7.593
821.5;7.909
822.0;8.182
822.5;6.972
823.0;7.223
823.5;6.603
824.0;8.762
824.5;8.218
825.0;6.79
825.5;7.858
826.0;8.19
826.5;9.885
827.0;8.178
827.5;7.444
828.0;7.217
828.5;8.66
829.0;9.322
829.5;9.45
830.0;8.189
830.5;8.127
831.0;8.378
831.5;10.222
832.0;8.959
832.5;8.219
833.0;9.186
833.5;11.423
834.0;11.409
834.5;8.792
835.0;9.06
835.5;9.903
836.0;12.558
836.5;11.786
837.0;9.429
837.5;9.511
838.0;12.559
838.5;14.424
839.0;13.314
839.5;11.118
840.0;11.372
840.5;15.576
841.0;19.186
841.5;20.292
842.0;18.758
842.5;18.09
843.0;19.746
843.5;23.626
844.0;23.658
844.5;21.699
845.0;20.802
845.5;26.322
846.0;32.343
846.5;33.204
847.0;29.806
847.5;27.524
848.0;32.072
848.5;36.759
849.0;36.159
849.5;33.515
850.0;36.267
850.5;47.388
851.0;62.784
851.5;75.405
852.0;90.611
852.5;114.869
853.0;147.325
853.5;185.013
854.0;221.658
854.5;247.179
855.0;263.029
855.5;271.104
856.0;273.205
856.5;266.487
857.0;249.162
857.5;218.483
858.0;178.325
858.5;135.625
859.0;103.06
859.5;91.146
860.0;92.404
860.5;99.009
861.0;98.214
861.5;85.359
862.0;66.396
862.5;51.435
863.0;65.842
863.5;104.43
864.0;136.507
864.5;154.091
865.0;153.316
865.5;134.841
866.0;115.546
866.5;105.644
867.0;112.523
867.5;116.109
868.0;108.94
868.5;93.597
869.0;77.709
869.5;77.351
870.0;82.24
870.5;80.462
871.0;70.899
871.5;52.728
872.0;45.711
872.5;49.807
873.0;54.068
873.5;49.09
874.0;39.251
874.5;27.796
875.0;26.331
875.5;31.261
876.0;28.73
876.5;20.821
877.0;9.131
877.5;13.589
878.0;19.923
878.5;19.537
879.0;11.006
879.5;7.296
880.0;11.344
880.5;16.058
881.0;18.293
881.5;11.556
882.0;5.538
882.5;6.399
883.0;11.98
883.5;11.69
884.0;6.59
884.5;2.215
885.0;7.588
885.5;11.349
886.0;10.67
886.5;5.73
887.0;2.05
887.5;8.554
888.0;9.744
888.5;6.558
889.0;1.715
889.5;2.814
890.0;5.089
890.5;5.267
891.0;4.208
891.5;4.32
892.0;2.856
892.5;2.084
893.0;5.729
893.5;4.344
894.0;3.334
894.5;3.005
895.0;4.942
895.5;5.678
896.0;3.22
896.5;2.001
897.0;4.251
897.5;4.318
898.0;1.963
898.5;2.685
899.0;4.724
899.5;2.516
900.0;1.567
900.5;7.174
901.0;6.507
901.5;5.336
902.0;3.528
902.5;8.183
903.0;7.401
903.5;6.142
904.0;3.535
904.5;5.691
905.0;6.498
905.5;5.43
906.0;1.327
906.5;3.167
907.0;4.784
907.5;5.828
908.0;3.384
908.5;1.692
909.0;4.126
909.5;3.157
910.0;4.51
910.5;8.045
911.0;12.971
911.5;11.221
912.0;12.632
912.5;15.978
913.0;15.143
913.5;12.993
914.0;13.567
914.5;18.498
915.0;23.015
915.5;24.747
916.0;29.188
916.5;28.225
917.0;26.239
917.5;20.647
918.0;15.324
918.5;12.187
919.0;9.677
919.5;6.347
920.0;4.885
920.5;5.599
921.0;7.052
921.5;9.034
922.0;16.026
922.5;20.473
923.0;24.539
923.5;21.724
924.0;19.895
924.5;18.703
925.0;17.345
925.5;10.796
926.0;9.173
926.5;7.235
927.0;5.004
927.5;2.273
928.0;2.939
928.5;1.547
929.0;3.977
929.5;6.688
930.0;6.81
930.5;9.742
931.0;12.922
931.5;16.233
932.0;15.108
932.5;9.952
933.0;6.922
933.5;4.0
934.0;2.497
934.5;9.334
935.0;8.567
935.5;12.481
936.0;13.834
936.5;17.74
937.0;16.81
937.5;14.261
938.0;12.492
938.5;8.918
939.0;7.137
939.5;5.132
940.0;3.372
940.5;4.295
941.0;2.99
941.5;6.34
942.0;4.177
942.5;7.416
943.0;8.682
943.5;8.187
944.0;8.312
944.5;8.587
945.0;13.935
945.5;16.205
946.0;15.995
946.5;13.656
947.0;10.455
947.5;7.415
948.0;3.206
948.5;1.631
949.0;3.392
949.5;5.951
950.0;7.341
950.5;9.269
951.0;9.508
951.5;10.37
952.0;9.685
952.5;13.076
953.0;11.185
953.5;15.108
954.0;13.077
954.5;15.265
955.0;12.562
955.5;10.382
956.0;8.937
956.5;7.698
957.0;11.064
957.5;2.821
958.0;4.655
958.5;3.423
959.0;3.288
959.5;3.986
960.0;7.512
960.5;9.322
961.0;13.028
961.5;14.595
962.0;16.416
962.5;13.553
963.0;14.43
963.5;11.922
964.0;10.136
964.5;4.405
965.0;6.101
965.5;0.777
966.0;0.141
966.5;4.414
967.0;4.442
967.5;2.948
968.0;6.687
968.5;4.735
969.0;6.811
969.5;2.992
970.0;9.29
970.5;4.452
971.0;4.073
971.5;4.096
972.0;6.653
972.5;6.176
973.0;2.483
973.5;6.934
974.0;3.809
974.5;5.123
975.0;4.007
975.5;5.083
976.0;1.198
976.5;2.8
977.0;2.389
977.5;3.468
978.0;5.361
978.5;7.823
979.0;1.881
979.5;2.314
980.0;7.531
980.5;9.57
981.0;4.582
981.5;1.938
982.0;6.322
982.5;4.031
983.0;3.35
983.5;3.902
984.0;3.458
984.5;3.759
985.0;1.599
985.5;5.476
986.0;7.199
986.5;1.693
987.0;1.843
987.5;5.73
988.0;5.799
988.5;2.57
989.0;3.428
989.5;6.308
990.0;1.945
990.5;4.646
991.0;6.313
991.5;6.665
992.0;2.619
992.5;3.972
993.0;6.355
993.5;3.748
994.0;0.423
994.5;2.363
995.0;2.379
995.5;0.91
996.0;3.212
996.5;2.389
997.0;2.824
997.5;4.573
998.0;2.946
998.5;5.894
999.0;3.713
999.5;5.163
1000.0;3.644
1000.5;4.811
1001.0;6.125
1001.5;10.362
1002.0;9.313
1002.5;5.578
1003.0;4.452
1003.5;5.378
1004.0;3.733
1004.5;5.843
1005.0;3.823
1005.5;3.886
1006.0;3.518
1006.5;7.957
1007.0;8.447
1007.5;4.493
1008.0;1.829
1008.5;1.241
1009.0;1.355
1009.5;0.899
1010.0;4.812
1010.5;5.319
1011.0;6.951
1011.5;1.993
1012.0;12.235
1012.5;17.505
1013.0;12.104
1013.5;5.724
1014.0;16.299
1014.5;21.394
1015.0;13.336
1015.5;12.588
1016.0;16.155
1016.5;9.125
1017.0;7.784
1017.5;16.1
1018.0;19.481
1018.5;9.674
1019.0;9.321
1019.5;21.657
1020.0;24.019
1020.5;21.963
1021.0;24.964
1021.5;21.414
1022.0;8.665
1022.5;18.328
1023.0;26.498
1023.5;21.116
1024.0;4.941
1024.5;17.665
1025.0;28.462
1025.5;28.063
1026.0;20.551
1026.5;29.656
1027.0;20.489
1027.5;5.608
1028.0;19.678
1028.5;40.82
1029.0;37.52
1029.5;22.016
1030.0;28.106
1030.5;17.761
1031.0;9.079
1031.5;16.143
1032.0;42.67
1032.5;71.791
1033.0;105.616
1033.5;164.148
1034.0;116.063
1034.5;29.987
1035.0;70.357
1035.5;287.188
1036.0;582.382
1036.5;782.37
1037.0;1013.707
1037.5;1087.029
1038.0;1048.803
1038.5;993.979
1039.0;726.338
1039.5;501.153
1040.0;363.433
1040.5;123.538
1041.0;51.874
1041.5;176.84
1042.0;224.036
1042.5;117.773
1043.0;207.982
1043.5;127.978
1044.0;207.236
1044.5;152.005
1045.0;205.723
1045.5;391.733
1046.0;283.483
1046.5;353.973
1047.0;316.195
1047.5;329.396
1048.0;326.527
1048.5;182.663
1049.0;211.653
1049.5;188.024
1050.0;184.899
1050.5;186.645
1051.0;76.357
1051.5;138.709
1052.0;76.999
1052.5;2.536
1053.0;30.882
1053.5;68.173
1054.0;18.968
1054.5;105.283
1055.0;124.335
1055.5;97.067
1056.0;105.457
1056.5;42.96
1057.0;83.816
1057.5;45.606
1058.0;5.601
1058.5;7.841
1059.0;25.372
1059.5;3.848
1060.0;80.74
1060.5;81.568
1061.0;46.933
1061.5;48.369
1062.0;37.727
1062.5;64.44
1063.0;31.573
1063.5;7.866
1064.0;5.937
1064.5;14.922
1065.0;19.59
1065.5;53.639
1066.0;41.476
1066.5;24.225
1067.0;32.74
1067.5;29.245
1068.0;39.94
1068.5;17.527
1069.0;12.073
1069.5;3.96
1070.0;17.253
1070.5;20.407
1071.0;37.012
1071.5;22.637
1072.0;17.96
1072.5;25.237
1073.0;22.359
1073.5;16.798
1074.0;4.929
1074.5;5.899
1075.0;2.508
1075.5;4.133
1076.0;4.859
1076.5;12.651
1077.0;7.666
1077.5;16.556
1078.0;24.289
1078.5;18.698
1079.0;8.387
1079.5;11.091
1080.0;10.563
1080.5;5.689
1081.0;11.406
1081.5;16.054
1082.0;17.591
1082.5;11.575
1083.0;15.285
1083.5;8.024
1084.0;2.781
1084.5;3.322
1085.0;9.769
1085.5;7.568
1086.0;7.375
1086.5;11.374
1087.0;18.9
1087.5;20.559
1088.0;8.454
1088.5;8.718
1089.0;5.66
1089.5;9.223
1090.0;6.272
1090.5;7.582
1091.0;4.12
1091.5;3.237
1092.0;10.189
1092.5;8.859
1093.0;3.611
1093.5;2.381
1094.0;3.486
1094.5;5.284
1095.0;6.87
1095.5;4.184
1096.0;5.635
1096.5;3.885
1097.0;13.048
1097.5;15.023
1098.0;14.616
1098.5;8.27
1099.0;16.053
1099.5;16.094
1100.0;8.055
1100.5;5.328
1101.0;5.257
1101.5;13.203
1102.0;11.734
1102.5;6.612
1103.0;0.851
1103.5;2.907
1104.0;2.808
1104.5;6.214
1105.0;8.294
1105.5;7.358
1106.0;3.879
1106.5;12.76
1107.0;8.165
1107.5;5.918
1108.0;4.813
1108.5;7.88
1109.0;16.385
1109.5;19.876
1110.0;18.206
1110.5;13.779
1111.0;18.42
1111.5;15.093
1112.0;6.351
1112.5;7.973
1113.0;5.652
1113.5;5.753
1114.0;5.342
1114.5;6.624
1115.0;10.437
1115.5;9.266
1116.0;8.627
1116.5;8.413
1117.0;6.033
1117.5;10.43
1118.0;18.606
1118.5;30.511
1119.0;29.787
1119.5;23.937
1120.0;16.338
1120.5;22.721
1121.0;24.33
1121.5;18.24
1122.0;6.123
1122.5;1.663
1123.0;3.121
1123.5;7.813
1124.0;19.673
1124.5;19.52
1125.0;13.698
1125.5;19.468
1126.0;19.42
1126.5;20.519
1127.0;26.249
1127.5;23.956
1128.0;22.45
1128.5;30.449
1129.0;38.663
1129.5;46.733
1130.0;57.536
1130.5;60.791
1131.0;42.991
1131.5;19.284
1132.0;25.198
1132.5;41.939
1133.0;42.28
1133.5;20.005
1134.0;3.593
1134.5;16.977
1135.0;27.435
1135.5;43.234
1136.0;60.976
1136.5;71.489
1137.0;63.376
1137.5;61.784
1138.0;85.703
1138.5;113.203
1139.0;120.283
1139.5;110.186
1140.0;105.276
1140.5;119.549
1141.0;129.848
1141.5;126.208
1142.0;117.394
1142.5;118.113
1143.0;118.107
1143.5;112.108
1144.0;103.962
1144.5;103.084
1145.0;78.986
1145.5;46.328
1146.0;23.082
1146.5;7.208
1147.0;18.012
1147.5;30.614
1148.0;28.237
1148.5;31.069
1149.0;49.585
1149.5;54.26
1150.0;31.509
1150.5;19.047
1151.0;35.626
1151.5;37.521
1152.0;31.945
1152.5;10.632
1153.0;42.958
1153.5;99.856
1154.0;123.733
1154.5;75.919
1155.0;56.784
1155.5;171.202
1156.0;219.015
1156.5;196.857
1157.0;137.653
1157.5;220.939
1158.0;202.951
1158.5;78.826
1159.0;175.986
1159.5;182.294
1160.0;79.987
1160.5;94.842
1161.0;107.616
1161.5;107.408
1162.0;123.894
1162.5;38.162
1163.0;157.361
1163.5;166.852
1164.0;85.493
1164.5;208.459
1165.0;225.445
1165.5;231.83
1166.0;314.264
1166.5;300.718
1167.0;345.439
1167.5;330.097
1168.0;206.324
1168.5;226.098
1169.0;193.142
1169.5;49.324
1170.0;95.897
1170.5;67.899
1171.0;29.064
1171.5;18.863
1172.0;31.831
1172.5;44.261
1173.0;39.341
1173.5;51.871
1174.0;25.285
1174.5;5.997
1175.0;31.525
1175.5;85.217
1176.0;94.089
1176.5;47.13
1177.0;52.915
1177.5;43.509
1178.0;21.518
1178.5;17.435
1179.0;23.775
1179.5;31.435
1180.0;27.037
1180.5;33.274
1181.0;23.375
1181.5;13.349
1182.0;13.063
1182.5;18.234
1183.0;32.263
1183.5;28.69
1184.0;16.685
1184.5;10.879
1185.0;12.317
1185.5;16.35
1186.0;24.412
1186.5;30.644
1187.0;16.137
1187.5;9.991
1188.0;6.481
1188.5;20.088
1189.0;36.906
1189.5;37.924
1190.0;32.453
1190.5;34.491
1191.0;43.246
1191.5;58.603
1192.0;81.102
1192.5;95.239
1193.0;91.112
1193.5;76.752
1194.0;73.496
1194.5;73.03
1195.0;69.1
1195.5;78.357
1196.0;101.158
1196.5;120.326
1197.0;128.204
1197.5;133.352
1198.0;136.488
1198.5;132.813
1199.0;127.797
1199.5;123.127
1200.0;107.236
1200.5;89.304
1201.0;86.844
1201.5;89.991
1202.0;89.825
1202.5;76.349
1203.0;59.509
1203.5;41.944
1204.0;25.404
1204.5;23.658
1205.0;27.797
1205.5;28.153
1206.0;29.335
1206.5;34.32
1207.0;42.865
1207.5;46.434
1208.0;43.344
1208.5;43.076
1209.0;44.542
1209.5;46.236
1210.0;48.407
1210.5;48.622
1211.0;40.569
1211.5;33.877
1212.0;32.452
1212.5;35.003
1213.0;28.837
1213.5;27.624
1214.0;27.361
1214.5;16.229
1215.0;10.133
1215.5;9.193
1216.0;11.327
1216.5;10.539
1217.0;12.858
1217.5;13.271
1218.0;7.028
1218.5;8.562
1219.0;10.029
1219.5;5.239
1220.0;3.416
1220.5;8.068
1221.0;14.124
1221.5;17.581
1222.0;15.651
1222.5;11.828
1223.0;5.99
1223.5;6.22
1224.0;8.805
1224.5;7.736
1225.0;4.804
1225.5;4.11
1226.0;4.975
1226.5;7.888
1227.0;3.226
1227.5;2.367
1228.0;3.418
1228.5;6.216
1229.0;7.302
1229.5;5.199
1230.0;3.941
1230.5;6.552
1231.0;5.865
1231.5;4.015
1232.0;4.496
1232.5;5.109
1233.0;6.985
1233.5;5.409
1234.0;6.009
1234.5;5.338
1235.0;5.441
1235.5;3.915
1236.0;2.239
1236.5;5.131
1237.0;7.498
1237.5;7.24
1238.0;7.493
1238.5;5.954
1239.0;2.129
1239.5;3.265
1240.0;5.991
1240.5;8.153
1241.0;7.843
1241.5;5.857
1242.0;4.183
1242.5;6.968
1243.0;3.105
1243.5;4.67
1244.0;7.115
1244.5;5.106
1245.0;4.572
1245.5;3.382
1246.0;6.305
1246.5;7.406
1247.0;6.526
1247.5;5.176
1248.0;2.926
1248.5;5.332
1249.0;4.815
1249.5;6.6
1250.0;8.197
1250.5;5.833
1251.0;6.621
1251.5;4.129
1252.0;8.827
1252.5;7.548
1253.0;8.368
1253.5;7.509
1254.0;4.772
1254.5;6.218
1255.0;4.967
1255.5;6.291
1256.0;7.692
1256.5;5.873
1257.0;7.47
1257.5;2.255
1258.0;7.06
1258.5;7.772
1259.0;7.638
1259.5;7.63
1260.0;6.791
1260.5;9.339
1261.0;8.004
1261.5;9.756
1262.0;6.374
1262.5;6.027
1263.0;7.751
1263.5;6.449
1264.0;9.03
1264.5;9.107
1265.0;10.224
1265.5;9.156
1266.0;6.823
1266.5;7.461
1267.0;7.663
1267.5;11.626
1268.0;10.891
1268.5;9.462
1269.0;9.451
1269.5;9.765
1270.0;13.177
1270.5;11.365
1271.0;14.329
1271.5;15.769
1272.0;15.887
1272.5;17.238
1273.0;21.026
1273.5;21.634
1274.0;22.386
1274.5;23.751
1275.0;23.642
1275.5;24.047
1276.0;24.728
1276.5;23.754
1277.0;26.237
1277.5;30.413
1278.0;35.779
1278.5;46.236
1279.0;57.177
1279.5;73.259
1280.0;87.266
1280.5;107.916
1281.0;127.846
1281.5;146.202
1282.0;162.573
1282.5;180.345
1283.0;191.025
1283.5;193.808
1284.0;193.845
1284.5;183.367
1285.0;168.225
1285.5;139.505
1286.0;114.359
1286.5;87.091
1287.0;60.61
1287.5;43.943
1288.0;35.397
1288.5;38.625
1289.0;45.036
1289.5;41.864
1290.0;33.028
1290.5;22.441
1291.0;10.148
1291.5;14.011
1292.0;25.162
1292.5;30.66
1293.0;34.468
1293.5;31.052
1294.0;22.559
1294.5;15.236
1295.0;23.006
1295.5;31.953
1296.0;40.883
1296.5;41.68
1297.0;38.414
1297.5;25.937
1298.0;16.303
1298.5;23.054
1299.0;28.354
1299.5;32.124
1300.0;31.997
1300.5;22.248
1301.0;16.083
1301.5;18.497
1302.0;23.63
1302.5;22.725
1303.0;21.587
1303.5;15.336
1304.0;6.768
1304.5;7.202
1305.0;10.497
1305.5;10.132
1306.0;6.803
1306.5;2.579
1307.0;3.848
1307.5;7.157
1308.0;5.708
1308.5;5.899
1309.0;4.958
1309.5;4.914
1310.0;5.843
1310.5;2.991
1311.0;3.688
1311.5;3.791
1312.0;4.772
1312.5;5.139
1313.0;4.41
1313.5;3.303
1314.0;3.283
1314.5;3.163
1315.0;4.392
1315.5;2.85
1316.0;3.572
1316.5;4.398
1317.0;3.743
1317.5;3.92
1318.0;3.293
1318.5;3.685
1319.0;2.286
1319.5;4.126
1320.0;3.198
1320.5;2.383
1321.0;2.702
1321.5;1.784
1322.0;4.723
1322.5;2.55
1323.0;2.281
1323.5;2.105
1324.0;4.458
1324.5;5.783
1325.0;0.927
1325.5;1.284
1326.0;2.325
1326.5;5.257
1327.0;3.034
1327.5;1.613
1328.0;3.796
1328.5;2.064
1329.0;1.666
1329.5;2.891
1330.0;3.361
1330.5;3.034
1331.0;1.857
1331.5;4.98
1332.0;3.515
1332.5;3.943
1333.0;2.032
1333.5;3.222
1334.0;5.468
1334.5;1.201
1335.0;1.976
1335.5;4.175
1336.0;3.699
1336.5;2.145
1337.0;0.658
1337.5;3.82
1338.0;2.7
1338.5;1.798
1339.0;1.978
1339.5;3.88
1340.0;2.748
1340.5;0.723
1341.0;2.105
1341.5;1.878
1342.0;4.219
1342.5;1.509
1343.0;3.863
1343.5;5.041
1344.0;1.55
1344.5;2.512
1345.0;2.437
1345.5;4.943
1346.0;3.55
1346.5;0.807
1347.0;4.797
1347.5;2.813
1348.0;1.849
1348.5;2.42
1349.0;2.48
1349.5;5.575
1350.0;1.223
1350.5;2.679
1351.0;4.966
1351.5;4.711
1352.0;0.894
1352.5;3.312
1353.0;3.441
1353.5;4.804
1354.0;2.053
1354.5;3.075
1355.0;2.81
1355.5;3.044
1356.0;0.735
1356.5;4.992
1357.0;4.831
1357.5;5.042
1358.0;2.273
1358.5;5.713
1359.0;5.771
1359.5;4.903
1360.0;3.461
1360.5;6.301
1361.0;7.141
1361.5;5.034
1362.0;4.243
1362.5;7.115
1363.0;4.677
1363.5;3.428
1364.0;3.165
1364.5;4.694
1365.0;6.633
1365.5;3.711
1366.0;4.672
1366.5;8.355
1367.0;5.609
1367.5;4.871
1368.0;5.671
1368.5;10.23
1369.0;11.115
1369.5;11.716
1370.0;16.161
1370.5;16.482
1371.0;14.889
1371.5;13.071
1372.0;16.108
1372.5;17.59
1373.0;17.694
1373.5;13.041
1374.0;16.147
1374.5;19.693
1375.0;19.576
1375.5;17.698
1376.0;18.46
1376.5;17.666
1377.0;16.758
1377.5;12.847
1378.0;12.067
1378.5;15.379
1379.0;17.497
1379.5;16.55
1380.0;16.569
1380.5;19.537
1381.0;18.888
1381.5;17.562
1382.0;17.477
1382.5;19.548
1383.0;17.834
1383.5;15.798
1384.0;11.122
1384.5;12.086
1385.0;11.223
1385.5;8.775
1386.0;6.084
1386.5;7.428
1387.0;6.758
1387.5;5.539
1388.0;3.086
1388.5;1.845
1389.0;5.846
1389.5;6.835
1390.0;5.158
1390.5;2.804
1391.0;3.806
1391.5;4.401
1392.0;3.929
1392.5;2.649
1393.0;1.662
1393.5;1.635
1394.0;2.759
1394.5;4.787
1395.0;3.731
1395.5;2.779
1396.0;7.332
1396.5;5.842
1397.0;5.368
1397.5;3.749
1398.0;3.211
1398.5;4.526
1399.0;1.931
1399.5;3.958
1400.0;2.79
1400.5;0.111
1401.0;1.124
1401.5;2.458
1402.0;3.419
1402.5;2.144
1403.0;6.638
1403.5;4.949
1404.0;4.146
1404.5;6.261
1405.0;6.717
1405.5;6.28
1406.0;5.334
1406.5;5.932
1407.0;5.525
1407.5;3.892
1408.0;1.007
1408.5;2.921
1409.0;2.119
1409.5;2.22
1410.0;3.614
1410.5;4.748
1411.0;2.978
1411.5;4.737
1412.0;4.85
1412.5;3.926
1413.0;3.052
1413.5;2.526
1414.0;2.597
1414.5;1.664
1415.0;2.732
1415.5;2.215
1416.0;2.32
1416.5;0.519
1417.0;3.366
1417.5;1.403
1418.0;1.498
1418.5;4.803
1419.0;3.412
1419.5;1.859
1420.0;3.431
1420.5;3.531
1421.0;1.447
1421.5;1.029
1422.0;2.189
1422.5;3.033
1423.0;0.858
1423.5;5.462
1424.0;5.619
1424.5;5.84
1425.0;6.065
1425.5;6.464
1426.0;7.678
1426.5;4.923
1427.0;5.657
1427.5;4.701
1428.0;5.881
1428.5;2.116
1429.0;1.185
1429.5;2.681
1430.0;2.14
1430.5;2.446
1431.0;4.72
1431.5;6.396
1432.0;4.485
1432.5;5.769
1433.0;8.899
1433.5;5.913
1434.0;6.187
1434.5;4.053
1435.0;5.959
1435.5;6.503
1436.0;2.711
1436.5;4.745
1437.0;2.396
1437.5;2.507
1438.0;1.345
1438.5;0.842
1439.0;0.989
1439.5;0.66
1440.0;5.115
1440.5;4.462
1441.0;5.644
1441.5;4.904
1442.0;4.024
1442.5;4.881
1443.0;2.691
1443.5;2.225
1444.0;3.974
1444.5;6.071
1445.0;2.095
1445.5;0.568
1446.0;1.046
1446.5;1.953
1447.0;2.202
1447.5;2.516
1448.0;1.012
1448.5;1.149
1449.0;1.486
1449.5;4.198
1450.0;3.101
1450.5;2.26
1451.0;2.667
1451.5;3.998
1452.0;3.916
1452.5;2.404
1453.0;2.386
1453.5;3.502
1454.0;3.622
1454.5;0.308
1455.0;0.371
1455.5;0.865
1456.0;2.053
1456.5;2.828
1457.0;1.167
1457.5;1.47
1458.0;1.399
1458.5;3.289
1459.0;4.868
1459.5;2.695
1460.0;0.821
1460.5;1.816
1461.0;3.193
1461.5;1.628
1462.0;2.246
1462.5;1.736
1463.0;1.96
1463.5;2.198
1464.0;0.989
1464.5;1.542
1465.0;0.601
1465.5;2.078
1466.0;2.119
1466.5;0.417
1467.0;1.677
1467.5;1.352
1468.0;1.027
1468.5;2.827
1469.0;0.549
1469.5;1.767
1470.0;1.687
1470.5;2.404
1471.0;1.354
1471.5;0.751
1472.0;1.817
1472.5;2.33
1473.0;1.65
1473.5;1.477
1474.0;1.324
1474.5;1.288
1475.0;2.918
1475.5;1.617
1476.0;0.946
1476.5;0.558
1477.0;2.392
1477.5;1.262
1478.0;3.046
1478.5;1.191
1479.0;1.324
1479.5;0.317
1480.0;1.616
1480.5;2.213
1481.0;1.348
1481.5;2.49
1482.0;5.025
1482.5;1.615
1483.0;2.919
1483.5;1.775
1484.0;2.598
1484.5;2.04
1485.0;2.361
1485.5;2.382
1486.0;2.969
1486.5;3.319
1487.0;1.422
1487.5;0.795
1488.0;3.32
1488.5;1.143
1489.0;1.551
1489.5;2.428
1490.0;3.169
1490.5;0.775
1491.0;3.15
1491.5;2.45
1492.0;2.403
1492.5;2.94
1493.0;4.784
1493.5;3.637
1494.0;0.966
1494.5;3.182
1495.0;2.482
1495.5;1.212
1496.0;2.499
1496.5;1.285
1497.0;2.047
1497.5;1.521
1498.0;4.25
1498.5;2.895
1499.0;3.313
1499.5;2.891
1500.0;2.347
1500.5;2.378
1501.0;2.298
1501.5;0.552
1502.0;2.611
1502.5;1.495
1503.0;4.108
1503.5;2.171
1504.0;6.815
1504.5;2.188
1505.0;1.464
1505.5;1.878
1506.0;5.332
1506.5;1.219
1507.0;2.331
1507.5;0.273
1508.0;1.716
1508.5;3.471
1509.0;6.506
1509.5;2.041
1510.0;0.602
1510.5;1.848
1511.0;5.971
1511.5;2.561
1512.0;1.907
1512.5;1.11
1513.0;2.319
1513.5;1.495
1514.0;5.729
1514.5;3.011
1515.0;2.302
1515.5;1.505
1516.0;3.002
1516.5;3.929
1517.0;4.586
1517.5;0.929
1518.0;0.894
1518.5;0.459
1519.0;4.011
1519.5;3.84
1520.0;3.082
1520.5;2.106
1521.0;5.762
1521.5;3.817
1522.0;4.492
1522.5;2.012
1523.0;2.962
1523.5;0.923
1524.0;2.255
1524.5;1.376
1525.0;4.24
1525.5;1.099
1526.0;1.439
1526.5;1.806
1527.0;4.842
1527.5;5.941
1528.0;4.937
1528.5;3.861
1529.0;4.971
1529.5;2.912
1530.0;8.311
1530.5;5.552
1531.0;3.444
1531.5;5.219
1532.0;8.371
1532.5;3.007
1533.0;3.312
1533.5;1.275
1534.0;5.752
1534.5;2.568
1535.0;5.12
1535.5;3.898
1536.0;4.161
1536.5;1.377
1537.0;5.886
1537.5;5.72
1538.0;5.192
1538.5;0.423
1539.0;4.527
1539.5;2.847
1540.0;6.153
1540.5;6.042
1541.0;7.455
1541.5;1.896
1542.0;4.0
1542.5;6.649
1543.0;10.211
1543.5;4.671
1544.0;4.521
1544.5;4.853
1545.0;9.538
1545.5;7.725
1546.0;9.564
1546.5;5.172
1547.0;8.022
1547.5;8.533
1548.0;16.224
1548.5;8.491
1549.0;5.243
1549.5;4.562
1550.0;7.146
1550.5;5.483
1551.0;12.612
1551.5;11.216
1552.0;10.177
1552.5;10.099
1553.0;10.825
1553.5;5.192
1554.0;9.697
1554.5;12.204
1555.0;25.751
1555.5;34.786
1556.0;44.836
1556.5;46.351
1557.0;45.636
1557.5;51.061
1558.0;38.94
1558.5;22.689
1559.0;21.19
1559.5;10.64
1560.0;17.356
1560.5;18.036
1561.0;15.228
1561.5;12.644
1562.0;7.773
1562.5;5.711
1563.0;15.858
1563.5;24.315
1564.0;12.344
1564.5;17.38
1565.0;6.158
1565.5;3.838
1566.0;5.134
1566.5;15.197
1567.0;10.938
1567.5;6.782
1568.0;19.926
1568.5;15.304
1569.0;31.195
1569.5;25.515
1570.0;32.823
1570.5;51.756
1571.0;32.99
1571.5;47.14
1572.0;33.498
1572.5;41.857
1573.0;40.596
1573.5;17.126
1574.0;33.865
1574.5;19.078
1575.0;18.612
1575.5;6.063
1576.0;7.908
1576.5;7.18
1577.0;8.38
1577.5;9.899
1578.0;9.682
1578.5;13.086
1579.0;6.537
1579.5;16.676
1580.0;8.795
1580.5;7.151
1581.0;7.299
1581.5;6.614
1582.0;4.117
1582.5;3.081
1583.0;5.04
1583.5;5.866
1584.0;6.335
1584.5;2.335
1585.0;3.44
1585.5;2.83
1586.0;2.268
1586.5;3.208
1587.0;1.135
1587.5;3.391
1588.0;3.153
1588.5;1.259
1589.0;1.323
1589.5;1.219
1590.0;2.1
1590.5;3.535
1591.0;3.647
1591.5;3.766
1592.0;0.477
1592.5;1.247
1593.0;2.079
1593.5;4.081
1594.0;1.87
1594.5;2.22
1595.0;2.057
1595.5;3.94
1596.0;5.289
1596.5;1.306
1597.0;2.272
1597.5;0.7
1598.0;3.539
1598.5;0.306
1599.0;1.985
1599.5;3.634
1600.0;3.298
1600.5;3.002
1601.0;3.123
1601.5;3.701
1602.0;2.499
1602.5;3.718
1603.0;1.544
1603.5;0.379
1604.0;2.423
1604.5;2.4
1605.0;1.924
1605.5;1.796
1606.0;3.046
1606.5;1.572
1607.0;2.065
1607.5;2.151
1608.0;3.283
1608.5;1.147
1609.0;4.011
1609.5;0.611
1610.0;3.062
1610.5;1.958
1611.0;2.562
1611.5;3.04
1612.0;4.964
1612.5;2.254
1613.0;1.953
1613.5;3.141
1614.0;2.284
1614.5;2.724
1615.0;3.329
1615.5;1.107
1616.0;1.815
1616.5;5.157
1617.0;3.327
1617.5;1.804
1618.0;2.65
1618.5;4.787
1619.0;2.822
1619.5;1.549
1620.0;0.756
1620.5;1.178
1621.0;4.329
1621.5;3.632
1622.0;2.589
1622.5;1.755
1623.0;4.846
1623.5;4.704
1624.0;3.437
1624.5;0.859
1625.0;1.729
1625.5;1.291
1626.0;2.111
1626.5;1.232
1627.0;3.213
1627.5;1.496
1628.0;5.356
1628.5;4.675
1629.0;1.852
1629.5;2.878
1630.0;4.184
1630.5;2.476
1631.0;1.297
1631.5;0.63
1632.0;1.543
1632.5;4.034
1633.0;6.689
1633.5;2.5
1634.0;1.076
1634.5;2.273
1635.0;2.957
1635.5;0.699
1636.0;2.981
1636.5;4.128
1637.0;1.044
1637.5;1.663
1638.0;2.68
1638.5;2.843
1639.0;1.562
1639.5;2.053
1640.0;2.531
1640.5;1.949
1641.0;2.183
1641.5;1.605
1642.0;2.241
1642.5;6.761
1643.0;4.634
1643.5;3.2
1644.0;2.372
1644.5;6.357
1645.0;3.497
1645.5;2.576
1646.0;4.498
1646.5;3.338
1647.0;4.409
1647.5;5.751
1648.0;2.349
1648.5;2.122
1649.0;6.096
1649.5;5.057
1650.0;6.493
1650.5;7.784
1651.0;7.973
1651.5;2.105
1652.0;4.636
1652.5;1.625
1653.0;3.674
1653.5;2.628
1654.0;4.18
1654.5;0.992
1655.0;2.773
1655.5;4.775
1656.0;1.779
1656.5;3.594
1657.0;2.192
1657.5;2.096
1658.0;2.997
1658.5;4.927
1659.0;2.339
1659.5;1.738
1660.0;5.353
1660.5;5.251
1661.0;1.917
1661.5;2.454
1662.0;2.934
1662.5;3.087
1663.0;2.233
1663.5;2.763
1664.0;1.357
1664.5;1.929
1665.0;4.602
1665.5;3.373
1666.0;3.511
1666.5;2.065
1667.0;3.574
1667.5;4.994
1668.0;0.984
1668.5;1.221
1669.0;2.722
1669.5;6.926
1670.0;8.742
1670.5;4.68
1671.0;3.637
1671.5;3.397
1672.0;4.81
1672.5;4.209
1673.0;3.187
1673.5;3.19
1674.0;7.638
1674.5;8.939
1675.0;1.95
1675.5;1.253
1676.0;2.665
1676.5;5.778
1677.0;6.13
1677.5;2.31
1678.0;4.296
1678.5;7.598
1679.0;10.93
1679.5;7.157
1680.0;2.561
1680.5;1.977
1681.0;5.039
1681.5;9.891
1682.0;7.628
1682.5;4.809
1683.0;6.858
1683.5;6.834
1684.0;6.195
1684.5;1.889
1685.0;3.672
1685.5;6.286
1686.0;8.336
1686.5;4.675
1687.0;5.598
1687.5;6.691
1688.0;1.752
1688.5;2.312
1689.0;3.971
1689.5;5.044
1690.0;4.389
1690.5;2.256
1691.0;6.019
1691.5;4.835
1692.0;3.902
1692.5;3.06
1693.0;7.513
1693.5;10.066
1694.0;2.071
1694.5;5.429
1695.0;3.006
1695.5;2.673
1696.0;6.803
1696.5;9.65
1697.0;7.866
1697.5;4.042
1698.0;5.105
1698.5;13.931
1699.0;15.646
1699.5;5.392
1700.0;3.405
1700.5;5.049
1701.0;9.478
1701.5;10.414
1702.0;7.107
1702.5;7.712
1703.0;15.819
1703.5;18.84
1704.0;16.843
1704.5;17.519
1705.0;11.754
1705.5;14.633
1706.0;12.406
1706.5;16.128
1707.0;11.28
1707.5;11.331
1708.0;23.718
1708.5;26.401
1709.0;23.371
1709.5;27.81
1710.0;30.925
1710.5;32.104
1711.0;59.062
1711.5;76.406
1712.0;19.764
1712.5;53.284
1713.0;92.166
1713.5;54.294
1714.0;26.786
1714.5;62.276
1715.0;46.639
1715.5;22.65
1716.0;28.763
1716.5;23.139
1717.0;24.828
1717.5;44.702
1718.0;18.499
1718.5;20.724
1719.0;20.633
1719.5;4.792
1720.0;16.391
1720.5;2.908
1721.0;25.718
1721.5;19.639
1722.0;13.209
1722.5;31.794
1723.0;24.516
1723.5;17.861
1724.0;11.303
1724.5;17.603
1725.0;7.338
1725.5;38.027
1726.0;21.763
1726.5;23.368
1727.0;40.885
1727.5;52.666
1728.0;46.474
1728.5;51.882
1729.0;32.312
1729.5;15.459
1730.0;22.607
1730.5;22.818
1731.0;29.486
1731.5;20.801
1732.0;50.133
1732.5;48.414
1733.0;31.109
1733.5;26.962
1734.0;40.272
1734.5;10.707
1735.0;28.099
1735.5;19.934
1736.0;34.52
1736.5;74.489
1737.0;64.689
1737.5;22.859
1738.0;52.268
1738.5;14.309
1739.0;8.897
1739.5;26.647
1740.0;20.913
1740.5;31.578
1741.0;61.827
1741.5;10.681
1742.0;86.238
1742.5;105.77
1743.0;35.625
1743.5;128.46
1744.0;76.59
1744.5;42.339
1745.0;57.607
1745.5;19.359
1746.0;51.615
1746.5;75.101
1747.0;124.87
1747.5;124.063
1748.0;167.236
1748.5;216.582
1749.0;215.141
1749.5;262.473
1750.0;269.417
1750.5;213.864
1751.0;192.453
1751.5;169.527
1752.0;137.573
1752.5;123.999
1753.0;93.811
1753.5;68.305
1754.0;43.715
1754.5;16.198
1755.0;14.294
1755.5;8.317
1756.0;23.288
1756.5;14.369
1757.0;19.346
1757.5;25.992
1758.0;7.121
1758.5;18.308
1759.0;16.892
1759.5;20.061
1760.0;15.912
1760.5;11.373
1761.0;9.824
1761.5;15.69
1762.0;33.019
1762.5;24.177
1763.0;15.487
1763.5;16.341
1764.0;13.139
1764.5;15.855
1765.0;21.571
1765.5;26.541
1766.0;25.2
1766.5;23.796
1767.0;16.603
1767.5;5.162
1768.0;6.186
1768.5;8.549
1769.0;15.741
1769.5;14.206
1770.0;10.931
1770.5;12.15
1771.0;12.147
1771.5;10.449
1772.0;3.303
1772.5;2.874
1773.0;13.604
1773.5;27.871
1774.0;27.829
1774.5;24.873
1775.0;25.914
1775.5;20.571
1776.0;14.161
1776.5;16.813
1777.0;19.92
1777.5;23.529
1778.0;26.316
1778.5;26.117
1779.0;22.698
1779.5;17.017
1780.0;19.651
1780.5;27.862
1781.0;30.762
1781.5;25.527
1782.0;19.289
1782.5;16.138
1783.0;12.089
1783.5;13.098
1784.0;18.483
1784.5;19.072
1785.0;14.386
1785.5;11.78
1786.0;9.714
1786.5;13.489
1787.0;17.846
1787.5;18.199
1788.0;17.456
1788.5;19.751
1789.0;20.591
1789.5;24.991
1790.0;33.796
1790.5;40.443
1791.0;43.854
1791.5;49.795
1792.0;63.889
1792.5;76.265
1793.0;84.459
1793.5;88.271
1794.0;88.007
1794.5;78.734
1795.0;65.349
1795.5;61.0
1796.0;57.194
1796.5;54.111
1797.0;55.83
1797.5;59.377
1798.0;59.359
1798.5;52.299
1799.0;46.567
1799.5;45.681
1800.0;46.797
1800.5;51.674
1801.0;58.754
1801.5;61.534
1802.0;64.422
1802.5;65.34
1803.0;74.529
1803.5;76.233
1804.0;76.907
1804.5;77.124
1805.0;71.722
1805.5;65.609
1806.0;61.997
1806.5;63.064
1807.0;67.675
1807.5;62.543
1808.0;59.588
1808.5;53.598
1809.0;49.516
1809.5;43.672
1810.0;39.707
1810.5;38.884
1811.0;32.281
1811.5;23.91
1812.0;19.828
1812.5;14.838
1813.0;12.095
1813.5;16.335
1814.0;16.445
1814.5;18.277
1815.0;15.986
1815.5;13.979
1816.0;11.483
1816.5;6.257
1817.0;8.975
1817.5;9.788
1818.0;8.057
1818.5;10.041
1819.0;9.711
1819.5;10.303
1820.0;8.504
1820.5;8.127
1821.0;10.841
1821.5;10.345
1822.0;11.778
1822.5;15.766
1823.0;11.627
1823.5;12.362
1824.0;10.699
1824.5;9.828
1825.0;12.238
1825.5;5.802
1826.0;10.635
1826.5;8.137
1827.0;3.703
1827.5;5.58
1828.0;4.422
1828.5;7.581
1829.0;3.93
1829.5;7.077
1830.0;4.691
1830.5;3.979
1831.0;3.024
1831.5;5.301
1832.0;6.648
1832.5;6.198
1833.0;2.155
1833.5;7.152
1834.0;8.425
1834.5;9.482
1835.0;10.168
1835.5;10.869
1836.0;12.822
1836.5;12.341
1837.0;10.665
1837.5;4.974
1838.0;16.135
1838.5;8.486
1839.0;16.71
1839.5;12.094
1840.0;13.63
1840.5;14.838
1841.0;6.059
1841.5;7.457
1842.0;6.11
1842.5;7.143
1843.0;5.41
1843.5;5.978
1844.0;4.423
1844.5;8.619
1845.0;6.277
1845.5;6.007
1846.0;4.138
1846.5;7.193
1847.0;8.225
1847.5;2.695
1848.0;4.836
1848.5;2.905
1849.0;3.603
1849.5;1.58
1850.0;2.871
1850.5;1.238
1851.0;2.152
1851.5;4.702
1852.0;3.892
1852.5;4.743
1853.0;4.441
1853.5;6.985
1854.0;5.93
1854.5;4.265
1855.0;2.621
1855.5;2.243
1856.0;4.135
1856.5;2.651
1857.0;1.751
1857.5;1.229
1858.0;1.245
1858.5;4.381
1859.0;1.229
1859.5;0.977
1860.0;2.72
1860.5;3.118
1861.0;2.469
1861.5;0.69
1862.0;2.08
1862.5;2.576
1863.0;2.038
1863.5;1.682
1864.0;1.725
1864.5;0.589
1865.0;1.691
1865.5;5.519
1866.0;1.918
1866.5;3.506
1867.0;3.289
1867.5;4.518
1868.0;3.354
1868.5;3.684
1869.0;2.021
1869.5;2.551
1870.0;1.669
1870.5;2.322
1871.0;1.462
1871.5;0.632
1872.0;0.335
1872.5;2.551
1873.0;2.665
1873.5;0.75
1874.0;1.248
1874.5;2.513
1875.0;1.766
1875.5;1.667
1876.0;0.854
1876.5;1.771
1877.0;1.792
1877.5;1.47
1878.0;3.177
1878.5;2.2
1879.0;0.253
1879.5;1.076
1880.0;2.127
1880.5;1.48
1881.0;0.731
1881.5;0.952
1882.0;1.652
1882.5;3.086
1883.0;1.25
1883.5;2.793
1884.0;2.818
1884.5;2.718
1885.0;4.263
1885.5;3.522
1886.0;2.732
1886.5;0.987
1887.0;3.051
1887.5;2.434
1888.0;3.314
1888.5;3.112
1889.0;2.555
1889.5;4.027
1890.0;3.496
1890.5;4.949
1891.0;3.153
1891.5;2.816
1892.0;5.269
1892.5;4.564
1893.0;3.477
1893.5;2.504
1894.0;2.544
1894.5;1.784
1895.0;1.837
1895.5;1.422
1896.0;1.28
1896.5;2.005
1897.0;3.604
1897.5;3.585
1898.0;4.749
1898.5;3.952
1899.0;6.531
1899.5;6.348
1900.0;6.485
1900.5;5.139
1901.0;5.963
1901.5;5.194
1902.0;4.68
1902.5;2.679
1903.0;0.404
1903.5;0.311
1904.0;2.41
1904.5;3.904
1905.0;5.458
1905.5;5.649
1906.0;7.401
1906.5;7.683
1907.0;8.028
1907.5;7.833
1908.0;5.826
1908.5;7.355
1909.0;5.229
1909.5;6.441
1910.0;2.421
1910.5;4.004
1911.0;1.589
1911.5;2.701
1912.0;1.991
1912.5;0.474
1913.0;2.249
1913.5;3.59
1914.0;3.356
1914.5;5.219
1915.0;3.617
1915.5;4.384
1916.0;6.608
1916.5;5.272
1917.0;4.312
1917.5;4.006
1918.0;3.264
1918.5;4.894
1919.0;1.744
1919.5;1.43
1920.0;1.934
1920.5;0.781
1921.0;2.092
1921.5;3.519
1922.0;3.256
1922.5;3.118
1923.0;4.537
1923.5;5.142
1924.0;5.141
1924.5;5.201
1925.0;6.113
1925.5;5.486
1926.0;5.084
1926.5;3.664
1927.0;3.309
1927.5;3.918
1928.0;3.782
1928.5;2.346
1929.0;2.356
1929.5;0.789
1930.0;1.605
1930.5;2.129
1931.0;2.22
1931.5;1.281
1932.0;2.64
1932.5;2.7
1933.0;2.251
1933.5;2.904
1934.0;1.077
1934.5;2.293
1935.0;1.663
1935.5;2.043
1936.0;1.3
1936.5;0.181
1937.0;1.184
1937.5;1.974
1938.0;1.356
1938.5;0.534
1939.0;0.751
1939.5;1.423
1940.0;1.258
1940.5;1.523
1941.0;2.367
1941.5;0.992
1942.0;2.73
1942.5;2.914
1943.0;1.003
1943.5;1.789
1944.0;0.884
1944.5;2.57
1945.0;2.789
1945.5;0.58
1946.0;1.064
1946.5;2.191
1947.0;2.155
1947.5;0.562
1948.0;1.064
1948.5;0.823
1949.0;2.347
1949.5;1.586
1950.0;0.631
1950.5;1.664
1951.0;0.611
1951.5;1.275
1952.0;1.694
1952.5;0.138
1953.0;0.915
1953.5;0.877
1954.0;1.303
1954.5;1.351
1955.0;0.333
1955.5;1.357
1956.0;1.154
1956.5;0.811
1957.0;1.372
1957.5;0.461
1958.0;1.514
1958.5;0.677
1959.0;0.538
1959.5;2.086
1960.0;0.96
1960.5;0.734
1961.0;1.738
1961.5;1.552
1962.0;0.772
1962.5;1.317
1963.0;1.003
1963.5;1.825
1964.0;0.768
1964.5;1.398
1965.0;1.338
1965.5;0.624
1966.0;1.719
1966.5;0.982
1967.0;0.485
1967.5;0.765
1968.0;2.136
1968.5;0.254
1969.0;0.688
1969.5;1.179
1970.0;0.947
1970.5;0.97
1971.0;1.0
1971.5;0.772
1972.0;1.32
1972.5;1.299
1973.0;1.729
1973.5;0.432
1974.0;0.816
1974.5;0.266
1975.0;1.463
1975.5;0.421
1976.0;0.438
1976.5;1.215
1977.0;0.154
1977.5;1.023
1978.0;0.552
1978.5;0.7
1979.0;1.32
1979.5;0.434
1980.0;1.063
1980.5;0.253
1981.0;0.772
1981.5;0.839
1982.0;1.359
1982.5;1.129
1983.0;0.434
1983.5;0.489
1984.0;0.9
1984.5;0.536
1985.0;0.92
1985.5;0.544
1986.0;1.472
1986.5;1.199
1987.0;0.908
1987.5;0.764
1988.0;1.135
1988.5;0.511
1989.0;0.796
1989.5;0.476
1990.0;0.832
1990.5;0.058
1991.0;0.746
1991.5;0.194
1992.0;0.545
1992.5;0.853
1993.0;0.101
1993.5;0.597
1994.0;0.495
1994.5;1.336
1995.0;0.199
1995.5;0.88
1996.0;0.467
1996.5;1.164
1997.0;0.289
1997.5;0.525
1998.0;0.651
1998.5;1.472
1999.0;0.233
1999.5;1.705
2000.0;2.079
2000.5;1.391
2001.0;0.718
2001.5;1.154
2002.0;0.703
2002.5;0.711
2003.0;1.146
2003.5;0.584
2004.0;0.087
2004.5;0.641
2005.0;1.339
2005.5;1.264
2006.0;0.647
2006.5;1.007
2007.0;0.242
2007.5;0.215
2008.0;1.153
2008.5;1.07
2009.0;0.169
2009.5;1.1
2010.0;1.079
2010.5;0.924
2011.0;0.767
2011.5;0.547
2012.0;0.537
2012.5;0.215
2013.0;0.528
2013.5;0.168
2014.0;0.261
2014.5;0.515
2015.0;0.853
2015.5;1.093
2016.0;1.239
2016.5;1.238
2017.0;1.207
2017.5;1.102
2018.0;0.644
2018.5;1.183
2019.0;0.293
2019.5;0.552
2020.0;0.26
2020.5;0.97
2021.0;0.747
2021.5;0.414
2022.0;0.964
2022.5;0.117
2023.0;0.232
2023.5;0.666
2024.0;1.061
2024.5;1.403
2025.0;1.148
2025.5;0.484
2026.0;0.537
2026.5;1.351
2027.0;1.708
2027.5;0.858
2028.0;0.497
2028.5;0.857
2029.0;1.478
2029.5;0.387
2030.0;1.223
2030.5;1.101
2031.0;0.998
2031.5;1.554
2032.0;0.566
2032.5;2.016
2033.0;0.592
2033.5;0.776
2034.0;0.634
2034.5;0.975
2035.0;1.036
2035.5;0.502
2036.0;0.604
2036.5;0.256
2037.0;0.278
2037.5;0.952
2038.0;2.06
2038.5;0.908
2039.0;0.826
2039.5;0.936
2040.0;1.515
2040.5;1.232
2041.0;0.567
2041.5;0.746
2042.0;1.188
2042.5;0.889
2043.0;0.733
2043.5;1.352
2044.0;1.626
2044.5;1.511
2045.0;0.784
2045.5;0.142
2046.0;1.096
2046.5;1.622
2047.0;2.026
2047.5;0.297
2048.0;0.245
2048.5;0.847
2049.0;0.364
2049.5;1.225
2050.0;1.622
2050.5;0.988
2051.0;2.23
2051.5;2.772
2052.0;2.545
2052.5;1.895
2053.0;2.356
2053.5;2.669
2054.0;1.343
2054.5;0.665
2055.0;2.019
2055.5;1.594
2056.0;2.988
2056.5;2.39
2057.0;2.144
2057.5;0.877
2058.0;1.304
2058.5;2.112
2059.0;1.712
2059.5;1.952
2060.0;0.364
2060.5;3.994
2061.0;2.488
2061.5;1.302
2062.0;1.172
2062.5;3.406
2063.0;3.991
2063.5;4.415
2064.0;6.687
2064.5;4.681
2065.0;2.247
2065.5;2.227
2066.0;5.525
2066.5;10.045
2067.0;10.386
2067.5;10.131
2068.0;8.487
2068.5;3.408
2069.0;4.617
2069.5;17.591
2070.0;27.643
2070.5;32.224
2071.0;36.613
2071.5;29.428
2072.0;15.516
2072.5;0.294
2073.0;22.214
2073.5;51.522
2074.0;85.942
2074.5;122.533
2075.0;142.045
2075.5;146.519
2076.0;146.99
2076.5;122.119
2077.0;90.329
2077.5;66.084
2078.0;44.61
2078.5;24.984
2079.0;16.87
2079.5;22.31
2080.0;21.891
2080.5;23.635
2081.0;14.982
2081.5;6.551
2082.0;10.065
2082.5;15.384
2083.0;21.318
2083.5;11.748
2084.0;5.604
2084.5;2.888
2085.0;4.148
2085.5;3.868
2086.0;5.939
2086.5;4.491
2087.0;1.386
2087.5;2.881
2088.0;2.096
2088.5;2.838
2089.0;3.026
2089.5;7.523
2090.0;8.295
2090.5;8.421
2091.0;12.192
2091.5;19.727
2092.0;26.482
2092.5;20.505
2093.0;27.08
2093.5;27.964
2094.0;29.185
2094.5;28.084
2095.0;20.003
2095.5;21.771
2096.0;22.769
2096.5;23.539
2097.0;23.341
2097.5;21.288
2098.0;27.495
2098.5;14.716
2099.0;6.274
2099.5;5.194
2100.0;2.365
2100.5;2.352
2101.0;6.886
2101.5;5.235
2102.0;4.185
2102.5;8.697
2103.0;10.438
2103.5;14.297
2104.0;10.663
2104.5;7.074
2105.0;8.272
2105.5;4.196
2106.0;3.106
2106.5;4.079
2107.0;4.686
2107.5;3.496
2108.0;7.123
2108.5;7.264
2109.0;8.398
2109.5;5.22
2110.0;6.322
2110.5;6.11
2111.0;5.554
2111.5;2.335
2112.0;3.239
2112.5;1.618
2113.0;4.79
2113.5;7.133
2114.0;7.062
2114.5;5.262
2115.0;2.525
2115.5;4.649
2116.0;6.704
2116.5;2.178
2117.0;0.301
2117.5;1.568
2118.0;1.474
2118.5;3.017
2119.0;6.986
2119.5;5.182
2120.0;2.861
2120.5;3.82
2121.0;6.164
2121.5;2.336
2122.0;0.925
2122.5;0.782
2123.0;1.681
2123.5;1.435
2124.0;4.852
2124.5;3.364
2125.0;2.409
2125.5;3.929
2126.0;4.414
2126.5;0.578
2127.0;2.154
2127.5;1.785
2128.0;4.235
2128.5;4.619
2129.0;5.968
2129.5;4.073
2130.0;8.02
2130.5;6.928
2131.0;5.342
2131.5;1.943
2132.0;7.774
2132.5;7.262
2133.0;9.215
2133.5;9.808
2134.0;13.693
2134.5;16.257
2135.0;25.03
2135.5;26.172
2136.0;32.015
2136.5;37.726
2137.0;42.458
2137.5;43.3
2138.0;47.627
2138.5;50.827
2139.0;49.701
2139.5;50.431
2140.0;47.824
2140.5;47.031
2141.0;40.99
2141.5;36.842
2142.0;34.79
2142.5;29.21
2143.0;28.568
2143.5;28.816
2144.0;27.867
2144.5;27.431
2145.0;27.861
2145.5;27.985
2146.0;27.124
2146.5;27.986
2147.0;30.623
2147.5;30.756
2148.0;34.226
2148.5;31.283
2149.0;31.028
2149.5;29.8
2150.0;26.731
2150.5;23.24
2151.0;23.385
2151.5;22.023
2152.0;19.841
2152.5;23.428
2153.0;20.625
2153.5;18.018
2154.0;14.673
2154.5;16.372
2155.0;14.818
2155.5;17.319
2156.0;21.352
2156.5;21.984
2157.0;22.404
2157.5;19.719
2158.0;17.575
2158.5;15.014
2159.0;16.347
2159.5;18.433
2160.0;16.384
2160.5;20.062
2161.0;18.279
2161.5;15.047
2162.0;17.059
2162.5;18.0
2163.0;17.713
2163.5;21.426
2164.0;22.455
2164.5;20.438
2165.0;20.329
2165.5;18.893
2166.0;16.774
2166.5;18.342
2167.0;14.949
2167.5;14.606
2168.0;12.426
2168.5;11.455
2169.0;15.283
2169.5;14.263
2170.0;15.851
2170.5;13.126
2171.0;9.732
2171.5;10.048
2172.0;9.138
2172.5;10.078
2173.0;10.879
2173.5;7.789
2174.0;7.067
2174.5;6.131
2175.0;5.435
2175.5;7.146
2176.0;5.127
2176.5;3.565
2177.0;3.284
2177.5;2.286
2178.0;4.665
2178.5;2.325
2179.0;4.605
2179.5;2.664
2180.0;3.706
2180.5;3.369
2181.0;1.979
2181.5;3.127
2182.0;2.513
2182.5;2.262
2183.0;3.419
2183.5;0.767
2184.0;3.418
2184.5;1.27
2185.0;0.973
2185.5;1.341
2186.0;0.344
2186.5;1.646
2187.0;1.148
2187.5;1.457
2188.0;1.241
2188.5;1.228
2189.0;4.154
2189.5;2.354
2190.0;1.432
2190.5;0.6
2191.0;1.988
2191.5;4.408
2192.0;3.536
2192.5;0.847
2193.0;1.671
2193.5;4.913
2194.0;2.439
2194.5;2.109
2195.0;1.126
2195.5;1.707
2196.0;2.22
2196.5;1.272
2197.0;0.804
2197.5;1.214
2198.0;1.017
2198.5;1.536
2199.0;3.848
2199.5;2.861
2200.0;0.849
2200.5;1.308
2201.0;3.544
2201.5;0.065
2202.0;0.937
2202.5;0.587
2203.0;5.254
2203.5;3.472
2204.0;4.271
2204.5;1.148
2205.0;0.685
2205.5;2.163
2206.0;2.184
2206.5;1.713
2207.0;2.451
2207.5;1.007
2208.0;1.338
2208.5;1.661
2209.0;1.484
2209.5;2.447
2210.0;2.454
2210.5;2.194
2211.0;1.08
2211.5;0.523
2212.0;0.625
2212.5;2.992
2213.0;2.786
2213.5;3.173
2214.0;2.378
2214.5;2.586
2215.0;2.703
2215.5;2.073
2216.0;0.891
2216.5;1.192
2217.0;1.78
2217.5;1.028
2218.0;1.899
2218.5;1.197
2219.0;1.565
2219.5;0.932
2220.0;1.218
2220.5;0.914
2221.0;0.75
2221.5;2.246
2222.0;1.444
2222.5;0.888
2223.0;0.609
2223.5;1.707
2224.0;1.388
2224.5;0.999
2225.0;1.294
2225.5;0.104
2226.0;1.721
2226.5;1.0
2227.0;1.005
2227.5;1.543
2228.0;0.443
2228.5;0.74
2229.0;0.239
2229.5;0.759
2230.0;0.84
2230.5;2.008
2231.0;4.394
2231.5;5.107
2232.0;4.059
2232.5;3.462
2233.0;3.425
2233.5;3.426
2234.0;1.855
2234.5;1.783
2235.0;0.94
2235.5;2.977
2236.0;4.279
2236.5;3.579
2237.0;3.256
2237.5;2.227
2238.0;2.368
2238.5;0.836
2239.0;2.463
2239.5;3.257
2240.0;3.566
2240.5;4.647
2241.0;5.077
2241.5;4.29
2242.0;2.62
2242.5;2.456
2243.0;2.536
2243.5;1.806
2244.0;0.921
2244.5;1.755
2245.0;3.622
2245.5;3.258
2246.0;1.462
2246.5;1.892
2247.0;0.801
2247.5;0.96
2248.0;2.497
2248.5;3.139
2249.0;4.937
2249.5;5.087
2250.0;6.847
2250.5;8.858
2251.0;5.003
2251.5;4.815
2252.0;4.216
2252.5;3.122
2253.0;0.947
2253.5;1.176
2254.0;2.38
2254.5;2.853
2255.0;2.74
2255.5;2.788
2256.0;2.741
2256.5;1.464
2257.0;1.271
2257.5;2.222
2258.0;4.77
2258.5;6.653
2259.0;6.865
2259.5;6.829
2260.0;7.574
2260.5;5.412
2261.0;5.443
2261.5;3.629
2262.0;3.957
2262.5;4.572
2263.0;4.959
2263.5;6.971
2264.0;6.839
2264.5;5.087
2265.0;4.258
2265.5;3.456
2266.0;2.628
2266.5;2.125
2267.0;1.699
2267.5;2.569
2268.0;3.916
2268.5;3.859
2269.0;4.17
2269.5;3.111
2270.0;2.773
2270.5;4.909
2271.0;5.192
2271.5;6.704
2272.0;8.398
2272.5;9.664
2273.0;10.306
2273.5;12.733
2274.0;13.567
2274.5;12.399
2275.0;10.66
2275.5;8.42
2276.0;10.704
2276.5;10.302
2277.0;9.388
2277.5;8.218
2278.0;8.282
2278.5;8.866
2279.0;9.317
2279.5;13.579
2280.0;14.46
2280.5;17.773
2281.0;17.257
2281.5;18.811
2282.0;19.465
2282.5;18.327
2283.0;14.151
2283.5;9.977
2284.0;10.571
2284.5;13.979
2285.0;17.412
2285.5;20.376
2286.0;21.956
2286.5;25.028
2287.0;28.892
2287.5;30.751
2288.0;31.425
2288.5;28.319
2289.0;23.422
2289.5;21.348
2290.0;20.31
2290.5;19.259
2291.0;15.321
2291.5;10.031
2292.0;9.556
2292.5;9.476
2293.0;13.371
2293.5;9.83
2294.0;12.05
2294.5;7.755
2295.0;6.582
2295.5;2.818
2296.0;3.193
2296.5;1.519
2297.0;4.922
2297.5;13.106
2298.0;12.126
2298.5;14.191
2299.0;5.346
2299.5;5.025
2300.0;9.104
2300.5;5.517
2301.0;6.499
2301.5;3.878
2302.0;8.772
2302.5;8.716
2303.0;8.031
2303.5;8.317
2304.0;11.482
2304.5;17.217
2305.0;11.508
2305.5;3.472
2306.0;7.9
2306.5;7.874
2307.0;3.058
2307.5;0.543
2308.0;1.281
2308.5;2.38
2309.0;3.476
2309.5;6.799
2310.0;6.288
2310.5;8.427
2311.0;11.455
2311.5;5.98
2312.0;9.685
2312.5;16.552
2313.0;14.595
2313.5;11.484
2314.0;11.925
2314.5;14.443
2315.0;24.217
2315.5;26.075
2316.0;22.382
2316.5;34.083
2317.0;38.839
2317.5;37.773
2318.0;41.169
2318.5;47.388
2319.0;52.358
2319.5;46.063
2320.0;50.952
2320.5;69.088
2321.0;58.692
2321.5;37.746
2322.0;54.738
2322.5;51.76
2323.0;34.127
2323.5;14.382
2324.0;30.446
2324.5;31.928
2325.0;6.094
2325.5;23.27
2326.0;20.27
2326.5;17.273
2327.0;31.801
2327.5;15.8
2328.0;17.256
2328.5;22.465
2329.0;17.276
2329.5;11.771
2330.0;10.207
2330.5;22.884
2331.0;20.766
2331.5;15.548
2332.0;31.339
2332.5;32.669
2333.0;32.602
2333.5;37.167
2334.0;33.772
2334.5;47.615
2335.0;43.3
2335.5;30.838
2336.0;40.38
2336.5;28.61
2337.0;11.801
2337.5;18.577
2338.0;9.824
2338.5;4.172
2339.0;9.467
2339.5;8.959
2340.0;7.741
2340.5;8.041
2341.0;5.748
2341.5;4.246
2342.0;4.515
2342.5;1.921
2343.0;2.561
2343.5;3.162
2344.0;0.834
2344.5;2.611
2345.0;2.144
2345.5;0.561
2346.0;1.27
2346.5;2.778
2347.0;3.757
2347.5;4.32
2348.0;5.678
2348.5;2.911
2349.0;2.084
2349.5;2.383
2350.0;4.659
2350.5;4.914
2351.0;2.442
2351.5;1.587
2352.0;0.845
2352.5;0.92
2353.0;1.352
2353.5;0.51
2354.0;2.736
2354.5;1.652
2355.0;1.084
2355.5;0.98
2356.0;1.974
2356.5;2.754
2357.0;1.807
2357.5;0.732
2358.0;1.702
2358.5;1.893
2359.0;0.377
2359.5;2.199
2360.0;3.192
2360.5;3.074
2361.0;2.314
2361.5;3.25
2362.0;4.16
2362.5;3.179
2363.0;2.59
2363.5;1.763
2364.0;2.097
2364.5;0.86
2365.0;0.979
2365.5;1.319
2366.0;0.262
2366.5;1.409
2367.0;1.404
2367.5;2.457
2368.0;2.319
2368.5;2.0
2369.0;1.988
2369.5;3.8
2370.0;4.695
2370.5;3.848
2371.0;4.79
2371.5;6.374
2372.0;5.193
2372.5;4.605
2373.0;5.064
2373.5;6.495
2374.0;6.659
2374.5;6.161
2375.0;7.427
2375.5;10.076
2376.0;8.888
2376.5;9.078
2377.0;10.102
2377.5;9.865
2378.0;7.352
2378.5;6.975
2379.0;5.859
2379.5;4.377
2380.0;2.735
2380.5;3.103
2381.0;4.72
2381.5;5.104
2382.0;4.483
2382.5;4.481
2383.0;4.234
2383.5;3.946
2384.0;3.889
2384.5;3.181
2385.0;2.58
2385.5;1.758
2386.0;2.176
2386.5;3.74
2387.0;2.615
2387.5;4.337
2388.0;3.735
2388.5;3.765
2389.0;3.893
2389.5;1.879
2390.0;2.7
2390.5;2.437
2391.0;2.854
2391.5;4.6
2392.0;4.977
2392.5;7.671
2393.0;8.91
2393.5;9.706
2394.0;13.381
2394.5;15.171
2395.0;15.977
2395.5;14.579
2396.0;14.654
2396.5;12.753
2397.0;11.845
2397.5;9.217
2398.0;5.661
2398.5;1.575
2399.0;2.544
2399.5;5.084
2400.1;8.549
2400.6;8.932
2401.1;9.84
2401.6;11.384
2402.1;14.615
2402.6;16.155
2403.1;17.191
2403.6;20.465
2404.1;19.613
2404.6;20.52
2405.1;17.593
2405.6;16.708
2406.1;15.692
2406.6;13.002
2407.1;14.422
2407.6;14.74
2408.1;14.375
2408.6;14.293
2409.1;12.78
2409.6;12.084
2410.1;11.144
2410.6;12.524
2411.1;12.28
2411.6;11.873
2412.1;12.034
2412.6;10.324
2413.1;11.258
2413.6;11.312
2414.1;12.057
2414.6;12.254
2415.1;10.106
2415.6;9.767
2416.1;8.807
2416.6;7.078
2417.1;7.365
2417.6;7.954
2418.1;8.725
2418.6;9.075
2419.1;9.965
2419.6;10.79
2420.1;8.868
2420.6;7.818
2421.1;6.184
2421.6;6.49
2422.1;6.613
2422.6;6.691
2423.1;7.363
2423.6;6.197
2424.1;5.968
2424.6;4.932
2425.1;4.068
2425.6;3.195
2426.1;2.461
2426.6;2.336
2427.1;2.624
2427.6;1.928
2428.1;1.718
2428.6;1.808
2429.1;2.16
2429.6;2.197
2430.1;1.111
2430.6;0.611
2431.1;1.092
2431.6;1.268
2432.1;1.076
2432.6;1.156
2433.1;0.709
2433.6;1.145
2434.1;1.38
2434.6;1.387
2435.1;1.299
2435.6;0.546
2436.1;0.126
2436.6;0.456
2437.1;0.768
2437.6;1.369
2438.1;0.912
2438.6;0.357
2439.1;0.864
2439.6;0.527
2440.1;0.494
2440.6;0.224
2441.1;0.735
2441.6;0.433
2442.1;0.951
2442.6;1.393
2443.1;0.348
2443.6;0.371
2444.1;0.395
2444.6;1.471
2445.1;1.605
2445.6;0.659
2446.1;1.635
2446.6;1.517
2447.1;1.118
2447.6;1.223
2448.1;1.262
2448.6;1.527
2449.1;1.31
2449.6;1.396
2450.1;0.844
2450.6;1.066
2451.1;0.677
2451.6;1.163
2452.1;1.222
2452.6;0.861
2453.1;0.921
2453.6;0.272
2454.1;0.847
2454.6;0.523
2455.1;0.485
2455.6;0.801
2456.1;0.685
2456.6;0.285
2457.1;0.284
2457.6;1.53
2458.1;0.912
2458.6;0.43
2459.1;1.526
2459.6;1.189
2460.1;0.349
2460.6;1.25
2461.1;1.273
2461.6;1.271
2462.1;1.265
2462.6;0.995
2463.1;0.337
2463.6;1.192
2464.1;0.945
2464.6;0.951
2465.1;0.7
2465.6;0.767
2466.1;0.157
2466.6;0.822
2467.1;1.305
2467.6;0.718
2468.1;0.995
2468.6;1.209
2469.1;0.999
2469.6;0.548
2470.1;0.178
2470.6;0.771
2471.1;0.851
2471.6;0.569
2472.1;1.0
2472.6;1.098
2473.1;1.121
2473.6;1.243
2474.1;0.924
2474.6;0.805
2475.1;0.857
2475.6;0.388
2476.1;0.51
2476.6;1.988
2477.1;1.461
2477.6;0.418
2478.1;0.784
2478.6;0.648
2479.1;0.619
2479.6;0.942
2480.1;1.065
2480.6;0.797
2481.1;0.702
2481.6;1.399
2482.1;1.249
2482.6;0.592
2483.1;0.881
2483.6;0.777
2484.1;1.422
2484.6;2.951
2485.1;0.84
2485.6;0.502
2486.1;1.528
2486.6;0.161
2487.1;1.584
2487.6;0.518
2488.1;1.001
2488.6;1.591
2489.1;0.685
2489.6;0.776
2490.1;0.183
2490.6;0.363
2491.1;1.205
2491.6;0.924
2492.1;1.809
2492.6;1.326
2493.1;1.522
2493.6;0.724
2494.1;1.547
2494.6;0.161
2495.1;1.149
2495.6;1.825
2496.1;1.428
2496.6;0.407
2497.1;0.341
2497.6;1.199
2498.1;1.572
2498.6;0.277
2499.1;1.213
2499.6;0.644
2500.1;0.447
2500.6;1.251
2501.1;1.295
2501.6;1.047
2502.1;0.332
2502.6;0.843
2503.1;0.473
2503.6;1.015
2504.1;0.942
2504.6;1.316
2505.1;1.281
2505.6;1.537
2506.1;0.906
2506.6;1.181
2507.1;1.574
2507.6;1.221
2508.1;0.57
2508.6;1.314
2509.1;0.929
2509.6;0.617
2510.1;1.608
2510.6;1.13
2511.1;1.633
2511.6;1.137
2512.1;1.136
2512.6;1.153
2513.1;1.246
2513.6;2.03
2514.1;1.892
2514.6;1.333
2515.1;2.32
2515.6;2.144
2516.1;1.673
2516.6;1.621
2517.1;1.977
2517.6;0.85
2518.1;1.678
2518.6;2.687
2519.1;2.394
2519.6;1.011
2520.1;1.7
2520.6;2.552
2521.1;2.493
2521.6;1.129
2522.1;2.711
2522.6;1.801
2523.1;1.71
2523.6;1.987
2524.1;1.341
2524.6;1.412
2525.1;2.791
2525.6;1.961
2526.1;1.63
2526.6;2.314
2527.1;2.221
2527.6;1.255
2528.1;3.611
2528.6;1.543
2529.1;1.151
2529.6;1.447
2530.1;3.64
2530.6;0.913
2531.1;1.626
2531.6;2.131
2532.1;1.472
2532.6;2.289
2533.1;2.916
2533.6;1.1
2534.1;3.45
2534.6;1.966
2535.1;2.161
2535.6;0.161
2536.1;2.333
2536.6;2.397
2537.1;2.899
2537.6;3.291
2538.1;3.176
2538.6;0.799
2539.1;2.763
2539.6;1.844
2540.1;1.629
2540.6;1.159
2541.1;4.602
2541.6;1.983
2542.1;3.386
2542.6;2.624
2543.1;2.88
2543.6;1.874
2544.1;2.63
2544.6;1.425
2545.1;2.864
2545.6;3.017
2546.1;4.066
2546.6;3.719
2547.1;3.342
2547.6;2.758
2548.1;4.643
2548.6;2.548
2549.1;5.216
2549.6;4.047
2550.1;3.794
2550.6;2.92
2551.1;7.773
2551.6;4.848
2552.1;6.387
2552.6;8.659
2553.1;9.243
2553.6;5.698
2554.1;10.181
2554.6;8.109
2555.1;8.724
2555.6;9.65
2556.1;12.172
2556.6;9.04
2557.1;14.127
2557.6;11.712
2558.1;10.334
2558.6;9.038
2559.1;14.235
2559.6;10.503
2560.1;16.077
2560.6;19.857
2561.1;24.804
2561.6;28.806
2562.1;37.475
2562.6;40.097
2563.1;47.795
2563.6;55.143
2564.1;61.165
2564.6;63.815
2565.1;68.234
2565.6;68.553
2566.1;69.007
2566.6;68.056
2567.1;58.478
2567.6;59.95
2568.1;46.809
2568.6;37.852
2569.1;30.617
2569.6;19.766
2570.1;25.328
2570.6;18.93
2571.1;22.675
2571.6;27.297
2572.1;28.093
2572.6;31.938
2573.1;21.317
2573.6;23.289
2574.1;21.581
2574.6;12.968
2575.1;17.554
2575.6;14.946
2576.1;14.982
2576.6;19.475
2577.1;16.153
2577.6;14.543
2578.1;8.395
2578.6;6.707
2579.1;7.576
2579.6;10.219
2580.1;6.724
2580.6;13.224
2581.1;13.692
2581.6;10.418
2582.1;6.504
2582.6;4.456
2583.1;8.836
2583.6;7.156
2584.1;11.994
2584.6;10.736
2585.1;12.807
2585.6;16.881
2586.1;4.444
2586.6;8.395
2587.1;12.061
2587.6;10.802
2588.1;9.215
2588.6;5.219
2589.1;16.782
2589.6;29.644
2590.1;29.833
2590.6;28.866
2591.1;20.014
2591.6;22.872
2592.1;44.734
2592.6;59.308
2593.1;67.556
2593.6;84.959
2594.1;100.569
2594.6;104.638
2595.1;102.651
2595.6;99.311
2596.1;79.841
2596.6;48.672
2597.1;27.267
2597.6;14.018
2598.1;13.799
2598.6;26.41
2599.1;34.398
2599.6;22.282
2600.1;15.499
2600.6;5.498
2601.1;17.726
2601.6;25.039
2602.1;23.557
2602.6;23.934
2603.1;15.267
2603.6;5.776
2604.1;13.435
2604.6;14.087
2605.1;16.031
2605.6;23.535
2606.1;15.731
2606.6;12.749
2607.1;11.392
2607.6;8.479
2608.1;15.212
2608.6;9.821
2609.1;12.176
2609.6;9.14
2610.1;4.974
2610.6;9.929
2611.1;9.444
2611.6;6.718
2612.1;15.26
2612.6;9.115
2613.1;11.343
2613.6;16.351
2614.1;11.132
2614.6;21.919
2615.1;18.969
2615.6;25.228
2616.1;30.041
2616.6;31.136
2617.1;45.589
2617.6;30.998
2618.1;39.884
2618.6;39.738
2619.1;35.32
2619.6;40.532
2620.1;22.956
2620.6;30.005
2621.1;24.994
2621.6;18.327
2622.1;15.437
2622.6;6.118
2623.1;7.973
2623.6;6.751
2624.1;8.501
2624.6;6.046
2625.1;7.894
2625.6;5.848
2626.1;8.926
2626.6;9.795
2627.1;5.181
2627.6;7.266
2628.1;5.098
2628.6;6.4
2629.1;3.51
2629.6;3.484
2630.1;2.313
2630.6;3.307
2631.1;3.698
2631.6;6.304
2632.1;4.515
2632.6;3.881
2633.1;6.539
2633.6;1.993
2634.1;3.039
2634.6;3.391
2635.1;1.143
2635.6;1.634
2636.1;2.675
2636.6;2.934
2637.1;4.604
2637.6;4.459
2638.1;1.783
2638.6;1.744
2639.1;1.64
2639.6;2.831
2640.1;1.088
2640.6;0.995
2641.1;1.828
2641.6;1.186
2642.1;2.716
2642.6;2.476
2643.1;0.812
2643.6;0.22
2644.1;1.732
2644.6;2.201
2645.1;0.611
2645.6;1.811
2646.1;1.244
2646.6;1.245
2647.1;2.839
2647.6;1.829
2648.1;1.481
2648.6;0.525
2649.1;2.414
2649.6;2.544
2650.1;1.144
2650.6;0.691
2651.1;0.585
2651.6;1.388
2652.1;1.469
2652.6;0.963
2653.1;1.247
2653.6;1.355
2654.1;0.56
2654.6;2.202
2655.1;1.428
2655.6;1.137
2656.1;1.4
2656.6;1.323
2657.1;0.776
2657.6;0.79
2658.1;1.621
2658.6;0.826
2659.1;2.195
2659.6;0.837
2660.1;1.407
2660.6;3.425
2661.1;0.594
2661.6;0.745
2662.1;1.382
2662.6;1.485
2663.1;0.207
2663.6;2.069
2664.1;0.334
2664.6;0.166
2665.1;1.276
2665.6;2.004
2666.1;0.272
2666.6;0.666
2667.1;0.741
2667.6;0.684
2668.1;0.854
2668.6;0.649
2669.1;0.769
2669.6;0.445
2670.1;1.802
2670.6;1.107
2671.1;0.389
2671.6;2.162
2672.1;1.129
2672.6;0.842
2673.1;0.328
2673.6;1.321
2674.1;0.495
2674.6;0.82
2675.1;1.1
2675.6;0.32
2676.1;0.996
2676.6;1.817
2677.1;0.16
2677.6;1.121
2678.1;1.053
2678.6;0.304
2679.1;0.688
2679.6;1.046
2680.1;0.698
2680.6;0.471
2681.1;0.809
2681.6;0.768
2682.1;1.251
2682.6;0.291
2683.1;0.414
2683.6;0.622
2684.1;0.72
2684.6;0.4
2685.1;0.332
2685.6;0.601
2686.1;1.042
2686.6;1.01
2687.1;0.481
2687.6;0.829
2688.1;0.764
2688.6;0.201
2689.1;0.387
2689.6;0.989
2690.1;0.678
2690.6;0.6
2691.1;0.861
2691.6;0.345
2692.1;0.53
2692.6;0.729
2693.1;0.898
2693.6;1.196
2694.1;0.255
2694.6;1.022
2695.1;0.489
2695.6;0.486
2696.1;0.309
2696.6;0.143
2697.1;0.452
2697.6;0.662
2698.1;0.835
2698.6;0.368
2699.1;0.674
2699.6;0.732
2700.1;0.537
2700.6;0.215
2701.1;0.36
2701.6;0.942
2702.1;0.602
2702.6;1.79
2703.1;0.695
2703.6;1.342
2704.1;0.951
2704.6;1.411
2705.1;0.443
2705.6;1.326
2706.1;0.462
2706.6;1.057
2707.1;0.548
2707.6;0.565
2708.1;0.323
2708.6;0.701
2709.1;0.607
2709.6;0.435
2710.1;0.216
2710.6;0.461
2711.1;0.852
2711.6;1.323
2712.1;0.931
2712.6;0.659
2713.1;0.945
2713.6;1.076
2714.1;0.964
2714.6;1.025
2715.1;0.951
2715.6;1.145
2716.1;0.675
2716.6;0.694
2717.1;0.828
2717.6;0.806
2718.1;1.194
2718.6;0.291
2719.1;0.713
2719.6;0.279
2720.1;0.641
2720.6;0.686
2721.1;0.585
2721.6;0.701
2722.1;0.47
2722.6;1.428
2723.1;0.485
2723.6;0.672
2724.1;0.37
2724.6;0.467
2725.1;0.56
2725.6;0.418
2726.1;0.801
2726.6;0.35
2727.1;0.612
2727.6;1.35
2728.1;1.068
2728.6;0.878
2729.1;0.674
2729.6;0.766
2730.1;0.451
2730.6;0.786
2731.1;0.544
2731.6;0.765
2732.1;0.781
2732.6;0.599
2733.1;0.276
2733.6;1.183
2734.1;1.55
2734.6;0.512
2735.1;0.869
2735.6;0.727
2736.1;0.314
2736.6;1.107
2737.1;0.83
2737.6;1.37
2738.1;1.076
2738.6;0.973
2739.1;0.463
2739.6;1.252
2740.1;0.769
2740.6;0.715
2741.1;1.089
2741.6;1.371
2742.1;0.637
2742.6;0.941
2743.1;0.351
2743.6;0.515
2744.1;1.298
2744.6;0.842
2745.1;0.772
2745.6;0.768
2746.1;0.933
2746.6;0.415
2747.1;0.435
2747.6;0.542
2748.1;1.072
2748.6;0.885
2749.1;0.366
2749.6;0.494
2750.1;0.46
2750.6;1.26
2751.1;0.239
2751.6;0.669
2752.1;0.718
2752.6;0.756
2753.1;0.215
2753.6;0.277
2754.1;0.967
2754.6;1.434
2755.1;0.522
2755.6;0.858
2756.1;1.055
2756.6;1.8
2757.1;1.693
2757.6;0.245
2758.1;0.271
2758.6;0.588
2759.1;1.89
2759.6;1.481
2760.1;0.504
2760.6;0.776
2761.1;1.134
2761.6;1.899
2762.1;0.573
2762.6;0.882
2763.1;0.535
2763.6;0.706
2764.1;0.628
2764.6;0.12
2765.1;0.828
2765.6;0.923
2766.1;0.632
2766.6;1.047
2767.1;0.678
2767.6;0.587
2768.1;0.391
2768.6;1.134
2769.1;1.059
2769.6;0.174
2770.1;1.534
2770.6;1.327
2771.1;1.431
2771.6;0.184
2772.1;0.306
2772.6;0.508
2773.1;0.642
2773.6;0.961
2774.1;0.897
2774.6;0.752
2775.1;2.573
2775.6;1.015
2776.1;0.699
2776.6;0.569
2777.1;0.917
2777.6;1.16
2778.1;0.653
2778.6;0.533
2779.1;1.413
2779.6;0.88
2780.1;0.6
2780.6;1.1
2781.1;1.109
2781.6;1.56
2782.1;0.794
2782.6;0.804
2783.1;0.852
2783.6;0.766
2784.1;0.788
2784.6;0.576
2785.1;1.582
2785.6;1.258
2786.1;1.452
2786.6;1.127
2787.1;0.431
2787.6;0.383
2788.1;0.594
2788.6;0.858
2789.1;1.037
2789.6;1.746
2790.1;1.355
2790.6;0.85
2791.1;2.034
2791.6;0.649
2792.1;0.468
2792.6;0.954
2793.1;1.048
2793.6;1.601
2794.1;1.571
2794.6;1.861
2795.1;2.582
2795.6;1.412
2796.1;1.708
2796.6;0.186
2797.1;1.079
2797.6;0.728
2798.1;0.575
2798.6;2.556
2799.1;2.728
2799.6;1.649
2800.1;2.759
2800.6;2.642
2801.1;1.548
2801.6;0.716
2802.1;0.828
2802.6;2.032
2803.1;2.606
2803.6;3.235
2804.1;3.618
2804.6;2.89
2805.1;2.582
2805.6;1.308
2806.1;1.269
2806.6;2.065
2807.1;2.471
2807.6;2.699
2808.1;4.422
2808.6;4.608
2809.1;2.922
2809.6;2.289
2810.1;1.247
2810.6;0.705
2811.1;0.455
2811.6;1.614
2812.1;2.745
2812.6;3.848
2813.1;4.494
2813.6;3.992
2814.1;3.339
2814.6;2.541
2815.1;1.389
2815.6;1.548
2816.1;1.961
2816.6;2.49
2817.1;3.932
2817.6;4.112
2818.1;2.7
2818.6;1.575
2819.1;1.602
2819.6;0.866
2820.1;0.48
2820.6;1.025
2821.1;0.955
2821.6;1.974
2822.1;3.048
2822.6;4.264
2823.1;4.505
2823.6;3.174
2824.1;2.174
2824.6;1.414
2825.1;1.987
2825.6;3.053
2826.1;4.142
2826.6;4.738
2827.1;5.814
2827.6;5.766
2828.1;4.727
2828.6;3.486
2829.1;1.955
2829.6;1.568
2830.1;2.594
2830.6;3.851
2831.1;3.99
2831.6;5.013
2832.1;4.769
2832.6;3.928
2833.1;3.193
2833.6;2.855
2834.1;1.964
2834.6;1.714
2835.1;1.963
2835.6;3.269
2836.1;5.839
2836.6;6.332
2837.1;5.936
2837.6;4.679
2838.1;4.772
2838.6;3.84
2839.1;2.804
2839.6;3.426
2840.1;5.301
2840.6;7.58
2841.1;7.576
2841.6;6.726
2842.1;4.542
2842.6;3.167
2843.1;1.601
2843.6;1.16
2844.1;1.49
2844.6;2.776
2845.1;5.704
2845.6;6.65
2846.1;7.433
2846.6;7.641
2847.1;6.59
2847.6;4.765
2848.1;3.498
2848.6;3.416
2849.1;4.925
2849.6;6.253
2850.1;7.098
2850.6;5.489
2851.1;6.967
2851.6;7.945
2852.1;4.216
2852.6;5.314
2853.1;7.729
2853.6;7.387
2854.1;9.338
2854.6;10.951
2855.1;12.016
2855.6;11.974
2856.1;7.722
2856.6;2.397
2857.1;2.125
2857.6;2.187
2858.1;1.682
2858.6;2.931
2859.1;8.098
2859.6;11.99
2860.1;12.317
2860.6;11.117
2861.1;8.416
2861.6;5.533
2862.1;4.391
2862.6;4.365
2863.1;4.546
2863.6;2.252
2864.1;5.103
2864.6;8.026
2865.1;9.708
2865.6;9.924
2866.1;8.819
2866.6;5.083
2867.1;3.386
2867.6;2.845
2868.1;4.952
2868.6;6.59
2869.1;7.226
2869.6;8.401
2870.1;11.572
2870.6;13.84
2871.1;9.69
2871.6;7.302
2872.1;5.474
2872.6;6.704
2873.1;8.238
2873.6;6.686
2874.1;8.397
2874.6;9.425
2875.1;9.792
2875.6;7.247
2876.1;4.674
2876.6;3.56
2877.1;3.812
2877.6;5.601
2878.1;6.089
2878.6;8.696
2879.1;10.286
2879.6;10.253
2880.1;10.057
2880.6;7.889
2881.1;6.342
2881.6;4.44
2882.1;3.644
2882.6;3.499
2883.1;8.648
2883.6;14.393
2884.1;11.619
2884.6;12.137
2885.1;17.297
2885.6;12.348
2886.1;6.27
2886.6;5.205
2887.1;10.754
2887.6;16.909
2888.1;19.102
2888.6;16.627
2889.1;14.655
2889.6;19.218
2890.1;17.599
2890.6;8.712
2891.1;2.992
2891.6;16.029
2892.1;27.031
2892.6;20.05
2893.1;8.82
2893.6;28.079
2894.1;29.959
2894.6;8.823
2895.1;13.617
2895.6;24.154
2896.1;34.896
2896.6;27.175
2897.1;9.374
2897.6;43.705
2898.1;37.655
2898.6;0.852
2899.1;33.78
2899.6;30.399
2900.1;9.507
2900.6;12.3
2901.1;14.484
2901.6;29.074
2902.1;25.161
2902.6;22.167
2903.1;44.234
2903.6;39.642
2904.1;29.905
2904.6;34.745
2905.1;23.056
2905.6;12.68
2906.1;10.508
2906.6;15.242
2907.1;20.018
2907.6;38.119
2908.1;54.844
2908.6;53.608
2909.1;60.826
2909.6;62.906
2910.1;46.241
2910.6;43.81
2911.1;38.325
2911.6;15.225
2912.1;14.053
2912.6;26.997
2913.1;58.345
2913.6;80.99
2914.1;109.259
2914.6;128.14
2915.1;138.572
2915.6;155.365
2916.1;151.982
2916.6;145.184
2917.1;148.158
2917.6;133.233
2918.1;116.252
2918.6;106.839
2919.1;92.427
2919.6;82.275
2920.1;72.315
2920.6;57.594
2921.1;47.437
2921.6;33.949
2922.1;23.742
2922.6;21.927
2923.1;15.69
2923.6;12.523
2924.1;23.574
2924.6;30.562
2925.1;30.013
2925.6;39.386
2926.1;42.598
2926.6;36.902
2927.1;31.915
2927.6;25.399
2928.1;16.505
2928.6;7.666
2929.1;3.513
2929.6;5.742
2930.1;12.189
2930.6;15.632
2931.1;12.689
2931.6;12.352
2932.1;11.541
2932.6;6.773
2933.1;0.235
2933.6;3.379
2934.1;6.372
2934.6;12.229
2935.1;15.632
2935.6;13.901
2936.1;12.37
2936.6;11.025
2937.1;5.425
2937.6;4.211
2938.1;5.784
2938.6;5.237
2939.1;4.508
2939.6;4.685
2940.1;2.734
2940.6;6.814
2941.1;7.639
2941.6;5.802
2942.1;8.192
2942.6;5.974
2943.1;1.009
2943.6;1.754
2944.1;1.754
2944.6;5.296
2945.1;6.263
2945.6;4.933
2946.1;6.345
2946.6;8.039
2947.1;7.625
2947.6;5.54
2948.1;5.233
2948.6;1.61
2949.1;4.167
2949.6;6.474
2950.1;7.055
2950.6;8.286
2951.1;8.318
2951.6;6.129
2952.1;3.877
2952.6;1.214
2953.1;2.146
2953.6;5.056
2954.1;7.62
2954.6;6.221
2955.1;5.715
2955.6;4.816
2956.1;1.706
2956.6;1.784
2957.1;1.102
2957.6;3.588
2958.1;4.955
2958.6;5.137
2959.1;4.544
2959.6;3.976
2960.1;4.291
2960.6;1.032
2961.1;1.458
2961.6;1.233
2962.1;3.879
2962.6;5.814
2963.1;5.54
2963.6;4.305
2964.1;2.547
2964.6;0.19
2965.1;3.172
2965.6;6.242
2966.1;7.661
2966.6;4.901
2967.1;4.597
2967.6;3.448
2968.1;1.031
2968.6;2.373
2969.1;2.27
2969.6;3.015
2970.1;3.752
2970.6;2.889
2971.1;2.459
2971.6;0.879
2972.1;2.286
2972.6;1.883
2973.1;1.524
2973.6;1.825
2974.1;2.815
2974.6;3.886
2975.1;3.576
2975.6;3.57
2976.1;3.197
2976.6;2.344
2977.1;1.728
2977.6;3.586
2978.1;5.293
2978.6;6.833
2979.1;7.67
2979.6;8.279
2980.1;6.333
2980.6;4.816
2981.1;6.688
2981.6;7.606
2982.1;7.932
2982.6;6.247
2983.1;5.576
2983.6;4.931
2984.1;3.772
2984.6;3.761
2985.1;3.827
2985.6;3.865
2986.1;3.607
2986.6;4.32
2987.1;5.169
2987.6;3.106
2988.1;1.977
2988.6;3.313
2989.1;7.743
2989.6;10.636
2990.1;9.037
2990.6;5.975
2991.1;3.055
2991.6;11.937
2992.1;17.926
2992.6;17.55
2993.1;10.416
2993.6;2.787
2994.1;11.689
2994.6;20.475
2995.1;20.881
2995.6;12.103
2996.1;7.079
2996.6;9.457
2997.1;10.397
2997.6;10.691
2998.1;14.298
2998.6;19.617
2999.1;20.212
2999.6;16.6
3000.1;11.281
3000.6;14.229
3001.1;16.904
3001.6;16.995
3002.1;15.816
3002.6;14.748
3003.1;13.774
3003.6;12.494
3004.1;11.333
3004.6;14.569
3005.1;17.162
3005.6;15.698
3006.1;15.43
3006.6;14.892
3007.1;14.711
3007.6;11.514
3008.1;12.816
3008.6;16.42
3009.1;19.438
3009.6;16.583
3010.1;15.171
3010.6;14.39
3011.1;10.444
3011.6;9.226
3012.1;11.13
3012.6;13.755
3013.1;12.004
3013.6;10.043
3014.1;10.992
3014.6;12.138
3015.1;8.605
3015.6;10.435
3016.1;13.969
3016.6;13.379
3017.1;9.801
3017.6;10.35
3018.1;9.402
3018.6;7.998
3019.1;6.143
3019.6;10.591
3020.1;13.107
3020.6;11.144
3021.1;10.455
3021.6;12.213
3022.1;9.233
3022.6;7.183
3023.1;11.751
3023.6;14.001
3024.1;11.724
3024.6;9.046
3025.1;11.394
3025.6;9.223
3026.1;3.295
3026.6;9.417
3027.1;13.088
3027.6;8.458
3028.1;4.345
3028.6;6.598
3029.1;6.227
3029.6;3.0
3030.1;5.511
3030.6;7.31
3031.1;5.411
3031.6;2.939
3032.1;3.543
3032.6;3.427
3033.1;1.95
3033.6;1.702
3034.1;3.998
3034.6;3.343
3035.1;3.744
3035.6;4.728
3036.1;3.976
3036.6;0.625
3037.1;2.407
3037.6;3.098
3038.1;1.062
3038.6;4.813
3039.1;6.216
3039.6;2.222
3040.1;0.716
3040.6;2.001
3041.1;0.794
3041.6;2.778
3042.1;3.657
3042.6;1.888
3043.1;1.13
3043.6;3.729
3044.1;4.051
3044.6;2.472
3045.1;3.68
3045.6;2.179
3046.1;0.942
3046.6;3.998
3047.1;4.258
3047.6;2.724
3048.1;3.031
3048.6;0.743
3049.1;0.744
3049.6;3.4
3050.1;4.757
3050.6;1.712
3051.1;1.142
3051.6;1.37
3052.1;1.481
3052.6;2.241
3053.1;2.575
3053.6;0.745
3054.1;0.498
3054.6;1.625
3055.1;3.037
3055.6;0.831
3056.1;1.598
3056.6;1.541
3057.1;2.015
3057.6;1.648
3058.1;1.664
3058.6;0.547
3059.1;1.564
3059.6;2.403
3060.1;1.74
3060.6;0.225
3061.1;1.278
3061.6;0.779
3062.1;1.366
3062.6;1.187
3063.1;1.366
3063.6;0.965
3064.1;1.474
3064.6;1.572
3065.1;2.46
3065.6;2.141
3066.1;3.141
3066.6;0.491
3067.1;1.231
3067.6;0.687
3068.1;1.378
3068.6;1.061
3069.1;2.233
3069.6;1.084
3070.1;1.106
3070.6;1.483
3071.1;2.753
3071.6;0.797
3072.1;1.039
3072.6;1.724
3073.1;1.901
3073.6;1.46
3074.1;2.271
3074.6;0.831
3075.1;1.807
3075.6;2.002
3076.1;1.398
3076.6;0.084
3077.1;1.64
3077.6;1.08
3078.1;1.01
3078.6;1.198
3079.1;2.219
3079.6;1.225
3080.1;1.626
3080.6;1.686
3081.1;1.14
3081.6;0.682
3082.1;2.14
3082.6;0.914
3083.1;1.103
3083.6;1.287
3084.1;0.49
3084.6;0.487
3085.1;1.882
3085.6;1.724
3086.1;1.089
3086.6;0.749
3087.1;1.94
3087.6;1.349
3088.1;0.362
3088.6;1.49
3089.1;1.849
3089.6;1.142
3090.1;1.246
3090.6;0.645
3091.1;1.728
3091.6;2.097
3092.1;2.339
3092.6;0.477
3093.1;1.584
3093.6;1.051
3094.1;1.105
3094.6;1.35
3095.1;1.388
3095.6;2.22
3096.1;1.484
3096.6;1.65
3097.1;0.465
3097.6;0.352
3098.1;2.403
3098.6;1.875
3099.1;1.215
3099.6;1.331
3100.1;0.79
3100.6;1.752
3101.1;0.745
3101.6;0.534
3102.1;0.457
3102.6;1.471
3103.1;0.843
3103.6;2.181
3104.1;2.943
3104.6;2.466
3105.1;3.655
3105.6;0.206
3106.1;3.02
3106.6;3.512
3107.1;2.222
3107.6;5.178
3108.1;3.296
3108.6;4.568
3109.1;5.474
3109.6;1.636
3110.1;2.623
3110.6;4.365
3111.1;6.289
3111.6;11.223
3112.1;14.389
3112.6;16.355
3113.1;18.698
3113.6;18.978
3114.1;16.266
3114.6;15.155
3115.1;10.715
3115.6;9.544
3116.1;4.292
3116.6;2.993
3117.1;4.692
3117.6;1.886
3118.1;2.095
3118.6;2.131
3119.1;3.26
3119.6;2.183
3120.1;3.257
3120.6;3.137
3121.1;1.915
3121.6;1.754
3122.1;0.377
3122.6;1.27
3123.1;1.155
3123.6;1.633
3124.1;1.756
3124.6;1.489
3125.1;1.077
3125.6;2.664
3126.1;1.133
3126.6;0.253
3127.1;2.587
3127.6;1.213
3128.1;0.534
3128.6;1.885
3129.1;0.878
3129.6;0.983
3130.1;2.513
3130.6;1.997
3131.1;1.071
3131.6;1.29
3132.1;1.602
3132.6;0.437
3133.1;1.529
3133.6;2.244
3134.1;1.302
3134.6;0.891
3135.1;1.588
3135.6;2.674
3136.1;1.335
3136.6;2.144
3137.1;1.773
3137.6;0.944
3138.1;0.936
3138.6;0.943
3139.1;2.312
3139.6;4.599
3140.1;1.818
3140.6;4.008
3141.1;5.183
3141.6;3.728
3142.1;4.205
3142.6;2.509
3143.1;3.265
3143.6;2.187
3144.1;2.073
3144.6;3.941
3145.1;0.372
3145.6;0.923
3146.1;1.261
3146.6;1.023
3147.1;1.219
3147.6;1.744
3148.1;1.411
3148.6;1.945
3149.1;3.062
3149.6;1.242
3150.1;1.784
3150.6;1.982
3151.1;0.468
3151.6;1.795
3152.1;1.498
3152.6;0.35
3153.1;1.946
3153.6;0.369
3154.1;0.858
3154.6;2.352
3155.1;1.891
3155.6;0.909
3156.1;1.317
3156.6;0.902
3157.1;0.412
3157.6;1.701
3158.1;1.518
3158.6;1.455
3159.1;0.708
3159.6;1.112
3160.1;0.549
3160.6;0.104
3161.1;1.436
3161.6;1.342
3162.1;0.316
3162.6;1.164
3163.1;1.428
3163.6;1.091
3164.1;0.507
3164.6;0.309
3165.1;0.511
3165.6;1.317
3166.1;0.873
3166.6;1.15
3167.1;1.25
3167.6;1.306
3168.1;1.199
3168.6;0.477
3169.1;0.547
3169.6;0.939
3170.1;0.9
3170.6;0.872
3171.1;1.183
3171.6;0.811
3172.1;0.921
3172.6;0.715
3173.1;0.77
3173.6;1.071
3174.1;0.364
3174.6;0.924
3175.1;1.111
3175.6;0.783
3176.1;0.775
3176.6;0.627
3177.1;0.874
3177.6;0.873
3178.1;0.376
3178.6;0.116
3179.1;0.384
3179.6;1.018
3180.1;0.305
3180.6;1.567
3181.1;1.69
3181.6;1.674
3182.1;0.257
3182.6;0.287
3183.1;0.606
3183.6;0.388
3184.1;0.923
3184.6;1.472
3185.1;0.635
3185.6;0.708
3186.1;0.702
3186.6;1.162
3187.1;1.838
3187.6;0.762
3188.1;0.515
3188.6;0.584
3189.1;0.511
3189.6;0.593
3190.1;0.658
3190.6;1.694
3191.1;1.953
3191.6;1.26
3192.1;0.803
3192.6;0.286
3193.1;1.007
3193.6;0.904
3194.1;0.666
3194.6;1.802
3195.1;1.703
3195.6;1.439
3196.1;1.016
3196.6;1.244
3197.1;0.592
3197.6;0.208
3198.1;0.661
3198.6;1.599
3199.1;1.34
3199.6;0.288
3200.1;1.175
3200.6;1.189
3201.1;1.099
3201.6;0.565
3202.1;1.514
3202.6;1.474
3203.1;0.781
3203.6;0.236
3204.1;1.274
3204.6;1.956
3205.1;1.062
3205.6;0.793
3206.1;1.974
3206.6;1.147
3207.1;1.177
3207.6;0.332
3208.1;1.641
3208.6;2.836
3209.1;0.788
3209.6;0.331
3210.1;1.76
3210.6;1.253
3211.1;1.674
3211.6;0.113
3212.1;2.392
3212.6;1.49
3213.1;0.884
3213.6;0.557
3214.1;1.391
3214.6;2.084
3215.1;1.384
3215.6;0.082
3216.1;2.344
3216.6;2.008
3217.1;1.449
3217.6;1.634
3218.1;1.474
3218.6;2.344
3219.1;2.154
3219.6;1.589
3220.1;1.211
3220.6;1.569
3221.1;1.855
3221.6;1.517
3222.1;1.038
3222.6;1.259
3223.1;1.571
3223.6;0.988
3224.1;0.682
3224.6;0.958
3225.1;1.557
3225.6;1.123
3226.1;0.292
3226.6;0.907
3227.1;1.62
3227.6;1.332
3228.1;0.825
3228.6;0.899
3229.1;1.043
3229.6;1.479
3230.1;1.087
3230.6;0.534
3231.1;1.161
3231.6;1.646
3232.1;1.075
3232.6;0.555
3233.1;0.779
3233.6;0.535
3234.1;0.87
3234.6;0.139
3235.1;0.465
3235.6;0.332
3236.1;0.97
3236.6;0.946
3237.1;1.276
3237.6;0.469
3238.1;1.272
3238.6;1.487
3239.1;0.334
3239.6;0.239
3240.1;0.051
3240.6;0.471
3241.1;1.129
3241.6;1.628
3242.1;0.737
3242.6;0.91
3243.1;2.043
3243.6;0.455
3244.1;0.915
3244.6;0.827
3245.1;1.051
3245.6;1.338
3246.1;0.539
3246.6;1.127
3247.1;1.39
3247.6;1.169
3248.1;1.623
3248.6;2.318
3249.1;1.733
3249.6;1.28
3250.1;1.282
3250.6;1.292
3251.1;0.351
3251.6;1.298
3252.1;2.059
3252.6;0.985
3253.1;0.707
3253.6;0.941
3254.1;0.502
3254.6;0.379
3255.1;1.353
3255.6;0.557
3256.1;0.823
3256.6;0.801
3257.1;1.308
3257.6;0.996
3258.1;0.284
3258.6;1.804
3259.1;1.106
3259.6;0.593
3260.1;0.762
3260.6;0.935
3261.1;0.841
3261.6;0.427
3262.1;0.263
3262.6;0.805
3263.1;0.621
3263.6;1.115
3264.1;0.789
3264.6;0.36
3265.1;0.393
3265.6;0.558
3266.1;0.346
3266.6;1.355
3267.1;0.704
3267.6;0.988
3268.1;1.353
3268.6;0.264
3269.1;0.172
3269.6;0.759
3270.1;0.677
3270.6;0.571
3271.1;0.509
3271.6;0.779
3272.1;0.608
3272.6;1.82
3273.1;1.24
3273.6;0.418
3274.1;0.826
3274.6;1.111
3275.1;0.783
3275.6;0.569
3276.1;0.772
3276.6;0.872
3277.1;1.081
3277.6;1.201
3278.1;0.771
3278.6;0.663
3279.1;0.55
3279.6;1.216
3280.1;0.951
3280.6;1.071
3281.1;0.734
3281.6;0.4
3282.1;1.31
3282.6;0.71
3283.1;0.651
3283.6;1.358
3284.1;1.367
3284.6;1.291
3285.1;1.027
3285.6;1.356
3286.1;1.043
3286.6;0.724
3287.1;0.806
3287.6;1.369
3288.1;0.659
3288.6;0.284
3289.1;0.834
3289.6;0.531
3290.1;0.825
3290.6;1.443
3291.1;0.9
3291.6;1.197
3292.1;0.631
3292.6;0.44
3293.1;1.112
3293.6;0.374
3294.1;0.497
3294.6;0.441
3295.1;0.979
3295.6;0.644
3296.1;0.718
3296.6;0.851
3297.1;0.46
3297.6;1.472
3298.1;0.407
3298.6;0.54
3299.1;1.204
3299.6;0.836
3300.1;1.204
3300.6;0.888
3301.1;0.565
3301.6;0.652
3302.1;0.706
3302.6;0.768
3303.1;0.62
3303.6;1.673
3304.1;0.186
3304.6;0.825
3305.1;1.501
3305.6;0.894
3306.1;0.588
3306.6;2.189
3307.1;1.787
3307.6;1.614
3308.1;0.871
3308.6;0.081
3309.1;0.846
3309.6;0.676
3310.1;0.767
3310.6;1.66
3311.1;1.453
3311.6;1.038
3312.1;1.245
3312.6;0.236
3313.1;0.239
3313.6;0.764
3314.1;1.394
3314.6;0.579
3315.1;0.98
3315.6;0.447
3316.1;0.728
3316.6;1.75
3317.1;1.572
3317.6;0.497
3318.1;0.865
3318.6;0.467
3319.1;0.842
3319.6;0.981
3320.1;1.656
3320.6;0.975
3321.1;1.389
3321.6;1.579
3322.1;0.809
3322.6;0.684
3323.1;0.611
3323.6;0.707
3324.1;1.35
3324.6;1.395
3325.1;0.932
3325.6;1.172
3326.1;1.143
3326.6;0.517
3327.1;0.976
3327.6;0.987
3328.1;0.958
3328.6;0.973
3329.1;0.638
3329.6;1.253
3330.1;1.87
3330.6;0.831
3331.1;1.21
3331.6;1.447
3332.1;0.507
3332.6;1.468
3333.1;0.59
3333.6;1.173
3334.1;2.973
3334.6;1.441
3335.1;3.122
3335.6;0.679
3336.1;0.527
3336.6;0.706
3337.1;0.802
3337.6;0.538
3338.1;1.181
3338.6;0.75
3339.1;1.839
3339.6;1.086
3340.1;1.892
3340.6;2.075
3341.1;0.779
3341.6;2.023
3342.1;2.037
3342.6;0.772
3343.1;3.476
3343.6;2.623
3344.1;2.125
3344.6;3.006
3345.1;0.96
3345.6;2.156
3346.1;1.765
3346.6;0.433
3347.1;2.411
3347.6;2.145
3348.1;3.462
3348.6;2.979
3349.1;2.083
3349.6;2.471
3350.1;1.005
3350.6;0.97
3351.1;2.027
3351.6;2.251
3352.1;2.382
3352.6;4.639
3353.1;1.243
3353.6;2.969
3354.1;2.377
3354.6;1.337
3355.1;0.965
3355.6;0.544
3356.1;1.052
3356.6;1.515
3357.1;2.338
3357.6;4.046
3358.1;2.709
3358.6;3.1
3359.1;3.585
3359.6;2.783
3360.1;1.024
3360.6;4.178
3361.1;0.979
3361.6;2.17
3362.1;3.445
3362.6;1.66
3363.1;2.447
3363.6;0.814
3364.1;0.724
3364.6;2.213
3365.1;1.129
3365.6;2.362
3366.1;2.007
3366.6;3.543
3367.1;3.607
3367.6;1.582
3368.1;1.349
3368.6;2.671
3369.1;1.688
3369.6;1.403
3370.1;3.238
3370.6;1.975
3371.1;3.877
3371.6;4.334
3372.1;3.338
3372.6;2.391
3373.1;1.985
3373.6;2.03
3374.1;1.127
3374.6;2.045
3375.1;2.843
3375.6;2.583
3376.1;5.009
3376.6;5.418
3377.1;2.544
3377.6;3.448
3378.1;3.891
3378.6;1.758
3379.1;2.449
3379.6;5.528
3380.1;5.281
3380.6;6.066
3381.1;6.338
3381.6;5.825
3382.1;2.765
3382.6;3.859
3383.1;2.147
3383.6;1.508
3384.1;3.666
3384.6;4.269
3385.1;3.142
3385.6;4.473
3386.1;5.224
3386.6;2.687
3387.1;1.513
3387.6;2.194
3388.1;0.799
3388.6;1.827
3389.1;3.762
3389.6;4.207
3390.1;3.951
3390.6;4.585
3391.1;3.587
3391.6;1.995
3392.1;1.52
3392.6;1.772
3393.1;0.758
3393.6;2.188
3394.1;3.55
3394.6;3.971
3395.1;4.731
3395.6;5.261
3396.1;1.917
3396.6;1.774
3397.1;1.729
3397.6;1.599
3398.1;0.834
3398.6;2.025
3399.1;2.384
3399.6;2.419
3400.1;2.898
3400.6;2.232
3401.1;0.675
3401.6;0.48
3402.1;0.291
3402.6;0.685
3403.1;1.461
3403.6;2.177
3404.1;1.915
3404.6;0.629
3405.1;0.051
3405.6;1.142
3406.1;0.634
3406.6;0.487
3407.1;0.231
3407.6;0.828
3408.1;0.757
3408.6;0.345
3409.1;1.385
3409.6;2.033
3410.1;3.447
3410.6;2.294
3411.1;2.288
3411.6;1.509
3412.1;1.42
3412.6;0.573
3413.1;3.16
3413.6;3.778
3414.1;4.295
3414.6;5.331
3415.1;4.397
3415.6;1.999
3416.1;5.494
3416.6;6.975
3417.1;7.386
3417.6;5.197
3418.1;9.208
3418.6;13.398
3419.1;14.412
3419.6;10.57
3420.1;9.777
3420.6;13.431
3421.1;15.695
3421.6;13.851
3422.1;10.674
3422.6;9.042
3423.1;8.408
3423.6;8.4
3424.1;4.787
3424.6;5.081
3425.1;6.502
3425.6;4.867
3426.1;5.047
3426.6;8.553
3427.1;11.608
3427.6;6.308
3428.1;4.226
3428.6;9.477
3429.1;8.916
3429.6;2.054
3430.1;5.983
3430.6;7.827
3431.1;3.978
3431.6;7.242
3432.1;10.912
3432.6;4.273
3433.1;4.339
3433.6;9.319
3434.1;8.948
3434.6;1.785
3435.1;8.721
3435.6;8.519
3436.1;4.823
3436.6;8.114
3437.1;5.921
3437.6;4.295
3438.1;6.116
3438.6;3.872
3439.1;1.38
3439.6;4.811
3440.1;4.465
3440.6;2.909
3441.1;2.874
3441.6;3.48
3442.1;2.242
3442.6;2.174
3443.1;1.23
3443.6;2.383
3444.1;3.549
3444.6;2.375
3445.1;2.725
3445.6;1.572
3446.1;3.045
3446.6;1.523
3447.1;2.69
3447.6;4.273
3448.1;3.979
3448.6;3.095
3449.1;3.165
3449.6;2.928
3450.1;2.575
3450.6;3.154
3451.1;4.21
3451.6;5.103
3452.1;3.658
3452.6;2.725
3453.1;3.394
3453.6;3.995
3454.1;3.727
3454.6;2.942
3455.1;4.887
3455.6;5.151
3456.1;4.432
3456.6;4.009
3457.1;3.682
3457.6;5.441
3458.1;3.742
3458.6;6.501
3459.1;6.553
3459.6;5.206
3460.1;3.244
3460.6;5.255
3461.1;4.495
3461.6;3.585
3462.1;4.487
3462.6;6.138
3463.1;4.624
3463.6;3.512
3464.1;2.059
3464.6;6.02
3465.1;3.467
3465.6;4.722
3466.1;4.753
3466.6;5.848
3467.1;2.74
3467.6;2.777
3468.1;4.612
3468.6;4.598
3469.1;3.553
3469.6;3.108
3470.1;2.524
3470.6;1.732
3471.1;2.282
3471.6;4.24
3472.1;2.23
3472.6;3.587
3473.1;0.867
3473.6;3.242
3474.1;4.112
3474.6;5.187
3475.1;2.616
3475.6;4.146
3476.1;4.522
3476.6;5.384
3477.1;11.278
3477.6;2.896
3478.1;8.26
3478.6;10.16
3479.1;10.144
3479.6;3.983
3480.1;5.301
3480.6;10.363
3481.1;7.861
3481.6;1.965
3482.1;9.09
3482.6;8.789
3483.1;2.93
3483.6;5.226
3484.1;4.867
3484.6;2.35
3485.1;2.293
3485.6;5.434
3486.1;6.882
3486.6;7.674
3487.1;10.407
3487.6;8.638
3488.1;9.045
3488.6;12.776
3489.1;7.857
3489.6;5.352
3490.1;9.242
3490.6;11.367
3491.1;10.634
3491.6;13.255
3492.1;15.454
3492.6;15.369
3493.1;14.925
3493.6;11.332
3494.1;8.164
3494.6;6.12
3495.1;3.182
3495.6;2.641
3496.1;6.075
3496.6;9.445
3497.1;12.764
3497.6;14.629
3498.1;17.98
3498.6;21.558
3499.1;23.66
3499.6;26.8
3500.1;28.427
3500.6;29.26
3501.1;28.65
3501.6;26.675
3502.1;24.556
3502.6;20.024
3503.1;15.449
3503.6;12.913
3504.1;9.633
3504.6;6.365
3505.1;5.329
3505.6;3.679
3506.1;2.158
3506.6;2.821
3507.1;4.073
3507.6;4.287
3508.1;4.337
3508.6;4.42
3509.1;4.941
3509.6;4.073
3510.1;3.941
3510.6;4.008
3511.1;3.501
3511.6;2.509
3512.1;2.87
3512.6;2.235
3513.1;0.566
3513.6;0.788
3514.1;0.387
3514.6;0.87
3515.1;1.141
3515.6;0.964
3516.1;0.554
3516.6;0.908
3517.1;1.068
3517.6;1.273
3518.1;1.73
3518.6;1.233
3519.1;1.53
3519.6;1.764
3520.1;1.812
3520.6;1.82
3521.1;2.29
3521.6;2.127
3522.1;1.323
3522.6;0.857
3523.1;1.243
3523.6;1.803
3524.1;2.68
3524.6;2.37
3525.1;2.842
3525.6;2.937
3526.1;2.228
3526.6;1.621
3527.1;1.275
3527.6;1.689
3528.1;1.476
3528.6;1.149
3529.1;0.781
3529.6;1.097
3530.1;1.036
3530.6;0.427
3531.1;0.466
3531.6;0.942
3532.1;0.972
3532.6;1.765
3533.1;1.391
3533.6;1.679
3534.1;1.094
3534.6;1.125
3535.1;1.436
3535.6;1.635
3536.1;1.285
3536.6;1.156
3537.1;1.278
3537.6;1.231
3538.1;1.286
3538.6;0.984
3539.1;1.314
3539.6;1.848
3540.1;2.257
3540.6;1.8
3541.1;0.464
3541.6;0.456
3542.1;0.879
3542.6;1.722
3543.1;1.76
3543.6;1.062
3544.1;1.084
3544.6;1.279
3545.1;1.231
3545.6;1.479
3546.1;1.072
3546.6;1.183
3547.1;0.725
3547.6;0.655
3548.1;0.992
3548.6;1.629
3549.1;2.077
3549.6;1.963
3550.1;1.378
3550.6;1.411
3551.1;1.354
3551.6;1.785
3552.1;2.037
3552.6;1.716
3553.1;1.279
3553.6;0.851
3554.1;0.456
3554.6;0.287
3555.1;0.502
3555.6;0.931
3556.1;0.815
3556.6;1.084
3557.1;0.639
3557.6;0.125
3558.1;0.683
3558.6;0.652
3559.1;0.547
3559.6;0.96
3560.1;1.371
3560.6;1.905
3561.1;1.843
3561.6;1.88
3562.1;1.421
3562.6;1.535
3563.1;1.708
3563.6;2.668
3564.1;3.576
3564.6;3.578
3565.1;3.676
3565.6;3.703
3566.1;2.733
3566.6;3.384
3567.1;4.221
3567.6;4.204
3568.1;4.538
3568.6;3.529
3569.1;3.359
3569.6;3.788
3570.1;2.991
3570.6;2.883
3571.1;2.328
3571.6;1.561
3572.1;1.647
3572.6;0.925
3573.1;0.538
3573.6;1.582
3574.1;1.411
3574.6;0.879
3575.1;1.113
3575.6;2.342
3576.1;2.316
3576.6;2.881
3577.1;2.787
3577.6;2.889
3578.1;2.566
3578.6;3.004
3579.1;3.297
3579.6;4.142
3580.1;4.6
3580.6;4.161
3581.1;4.869
3581.6;4.198
3582.1;4.104
3582.6;5.259
3583.1;5.698
3583.6;5.673
3584.1;6.017
3584.6;3.865
3585.1;3.768
3585.6;3.859
3586.1;3.721
3586.6;4.132
3587.1;3.386
3587.6;2.708
3588.1;2.602
3588.6;2.954
3589.1;3.627
3589.6;3.865
3590.1;3.333
3590.6;3.817
3591.1;3.113
3591.6;2.99
3592.1;3.279
3592.6;4.109
3593.1;4.708
3593.6;4.641
3594.1;4.65
3594.6;5.058
3595.1;5.116
3595.6;5.485
3596.1;6.135
3596.6;5.854
3597.1;5.755
3597.6;5.404
3598.1;5.439
3598.6;6.651
3599.1;7.592
3599.6;7.788
3600.1;8.079
3600.6;7.977
3601.1;7.425
3601.6;7.933
3602.1;7.661
3602.6;7.716
3603.1;7.399
3603.6;6.783
3604.1;6.986
3604.6;7.143
3605.1;6.943
3605.6;8.207
3606.1;8.662
3606.6;7.797
3607.1;8.988
3607.6;8.807
3608.1;8.612
3608.6;8.966
3609.1;7.657
3609.6;8.055
3610.1;8.923
3610.6;7.753
3611.1;8.805
3611.6;8.497
3612.1;6.055
3612.6;8.035
3613.1;6.164
3613.6;7.132
3614.1;8.01
3614.6;5.96
3615.1;6.41
3615.6;6.366
3616.1;4.524
3616.6;7.796
3617.1;6.011
3617.6;5.673
3618.1;6.567
3618.6;4.006
3619.1;4.429
3619.6;5.6
3620.1;3.455
3620.6;5.537
3621.1;4.298
3621.6;4.441
3622.1;5.016
3622.6;5.109
3623.1;2.012
3623.6;6.383
3624.1;3.919
3624.6;5.429
3625.1;4.416
3625.6;2.625
3626.1;2.373
3626.6;6.601
3627.1;4.648
3627.6;11.232
3628.1;8.988
3628.6;10.039
3629.1;5.738
3629.6;3.621
3630.1;5.716
3630.6;14.329
3631.1;16.138
3631.6;25.838
3632.1;24.815
3632.6;27.001
3633.1;22.429
3633.6;18.38
3634.1;16.052
3634.6;7.023
3635.1;6.516
3635.6;5.91
3636.1;3.967
3636.6;10.017
3637.1;5.885
3637.6;5.735
3638.1;2.29
3638.6;3.394
3639.1;5.305
3639.6;11.844
3640.1;7.999
3640.6;10.107
3641.1;3.742
3641.6;1.033
3642.1;7.955
3642.6;10.112
3643.1;12.181
3643.6;11.435
3644.1;6.977
3644.6;3.506
3645.1;4.512
3645.6;6.555
3646.1;7.996
3646.6;7.407
3647.1;6.518
3647.6;0.393
3648.1;3.317
3648.6;2.629
3649.1;5.114
3649.6;4.589
3650.1;4.882
3650.6;2.139
3651.1;2.748
3651.6;3.192
3652.1;4.317
3652.6;4.92
3653.1;2.49
3653.6;3.491
3654.1;1.362
3654.6;3.562
3655.1;1.716
3655.6;3.93
3656.1;2.92
3656.6;2.153
3657.1;1.923
3657.6;2.275
3658.1;2.013
3658.6;4.161
3659.1;2.757
3659.6;1.996
3660.1;4.44
3660.6;3.419
3661.1;9.696
3661.6;8.789
3662.1;10.001
3662.6;15.899
3663.1;11.891
3663.6;18.338
3664.1;14.634
3664.6;18.303
3665.1;20.015
3665.6;16.247
3666.1;17.603
3666.6;14.812
3667.1;15.024
3667.6;13.086
3668.1;7.645
3668.6;8.897
3669.1;5.095
3669.6;4.289
3670.1;1.354
3670.6;3.45
3671.1;0.703
3671.6;3.738
3672.1;3.92
3672.6;6.663
3673.1;5.133
3673.6;5.873
3674.1;5.664
3674.6;7.109
3675.1;3.045
3675.6;4.522
3676.1;0.83
3676.6;3.826
3677.1;3.021
3677.6;0.499
3678.1;3.021
3678.6;1.058
3679.1;4.243
3679.6;3.134
3680.1;4.274
3680.6;0.575
3681.1;3.999
3681.6;1.251
3682.1;3.557
3682.6;1.861
3683.1;1.88
3683.6;0.664
3684.1;0.253
3684.6;2.357
3685.1;1.112
3685.6;2.802
3686.1;1.546
3686.6;3.109
3687.1;1.742
3687.6;2.632
3688.1;1.141
3688.6;0.415
3689.1;0.35
3689.6;0.545
3690.1;0.784
3690.6;1.582
3691.1;0.932
3691.6;2.123
3692.1;1.336
3692.6;1.93
3693.1;1.391
3693.6;0.632
3694.1;0.064
3694.6;2.19
3695.1;1.099
3695.6;1.068
3696.1;1.417
3696.6;1.416
3697.1;1.657
3697.6;1.273
3698.1;0.869
3698.6;0.738
3699.1;0.809
3699.6;0.587
3700.1;0.68
3700.6;1.101
3701.1;0.692
3701.6;1.294
3702.1;0.104
3702.6;1.099
3703.1;0.343
3703.6;1.519
3704.1;0.921
3704.6;0.3
3705.1;0.759
3705.6;2.44
3706.1;0.747
3706.6;0.357
3707.1;0.627
3707.6;0.775
3708.1;0.776
3708.6;1.075
3709.1;0.14
3709.6;1.417
3710.1;1.309
3710.6;1.323
3711.1;0.859
3711.6;1.318
3712.1;1.059
3712.6;0.295
3713.1;0.63
3713.6;1.279
3714.1;1.002
3714.6;0.585
3715.1;0.617
3715.6;0.628
3716.1;0.393
3716.6;1.075
3717.1;0.415
3717.6;0.589
3718.1;0.426
3718.6;0.877
3719.1;0.333
3719.6;1.884
3720.1;0.035
3720.6;1.49
3721.1;1.029
3721.6;0.564
3722.1;0.336
3722.6;0.601
3723.1;0.273
3723.6;1.583
3724.1;0.29
3724.6;1.242
3725.1;0.97
3725.6;1.699
3726.1;0.072
3726.6;0.53
3727.1;0.236
3727.6;0.66
3728.1;1.36
3728.6;1.089
3729.1;1.83
3729.6;0.559
3730.1;0.927
3730.6;0.753
3731.1;0.442
3731.6;1.143
3732.1;0.379
3732.6;0.51
3733.1;0.367
3733.6;0.157
3734.1;0.56
3734.6;0.888
3735.1;0.386
3735.6;0.761
3736.1;0.54
3736.6;0.641
3737.1;0.654
3737.6;1.234
3738.1;0.898
3738.6;1.058
3739.1;0.311
3739.6;1.532
3740.1;0.64
3740.6;0.314
3741.1;0.628
3741.6;1.234
3742.1;0.657
3742.6;0.642
3743.1;0.625
3743.6;0.636
3744.1;0.791
3744.6;1.008
3745.1;0.264
3745.6;0.934
3746.1;0.692
3746.6;0.442
3747.1;0.718
3747.6;0.871
3748.1;0.577
3748.6;1.318
3749.1;0.484
3749.6;0.493
3750.1;0.298
3750.6;0.718
3751.1;0.648
3751.6;1.108
3752.1;1.229
3752.6;0.168
3753.1;1.145
3753.6;0.705
3754.1;0.76
3754.6;0.19
3755.1;0.354
3755.6;1.123
3756.1;0.666
3756.6;0.988
3757.1;0.141
3757.6;1.144
3758.1;0.237
3758.6;0.606
3759.1;0.605
3759.6;0.496
3760.1;0.237
3760.6;0.799
3761.1;0.951
3761.6;0.315
3762.1;0.914
3762.6;0.755
3763.1;0.939
3763.6;0.607
3764.1;0.359
3764.6;0.665
3765.1;0.6
3765.6;0.514
3766.1;0.681
3766.6;0.488
3767.1;0.491
3767.6;0.417
3768.1;0.442
3768.6;0.126
3769.1;0.156
3769.6;0.433
3770.1;1.088
3770.6;0.735
3771.1;0.313
3771.6;0.254
3772.1;0.695
3772.6;0.111
3773.1;0.316
3773.6;0.207
3774.1;0.571
3774.6;1.043
3775.1;0.843
3775.6;0.384
3776.1;0.608
3776.6;0.713
3777.1;0.397
3777.6;0.071
3778.1;0.574
3778.6;0.258
3779.1;0.667
3779.6;1.232
3780.1;0.307
3780.6;0.1
3781.1;0.464
3781.6;0.201
3782.1;0.297
3782.6;0.535
3783.1;0.258
3783.6;0.736
3784.1;1.176
3784.6;0.553
3785.1;0.248
3785.6;0.629
3786.1;0.516
3786.6;0.397
3787.1;0.609
3787.6;0.538
3788.1;0.291
3788.6;0.566
3789.1;0.532
3789.6;0.629
3790.1;0.532
3790.6;0.494
3791.1;0.491
3791.6;0.488
3792.1;0.341
3792.6;0.523
3793.1;0.548
3793.6;0.346
3794.1;0.62
3794.6;0.298
3795.1;0.696
3795.6;1.103
3796.1;0.195
3796.6;0.509
3797.1;0.277
3797.6;0.149
3798.1;0.413
3798.6;0.228
3799.1;0.48
3799.6;0.346
3800.1;0.672
3800.6;0.925
3801.1;0.742
3801.6;0.619
3802.1;0.914
3802.6;0.556
3803.1;0.599
3803.6;0.532
3804.1;0.573
3804.6;0.339
3805.1;0.605
3805.6;0.508
3806.1;0.534
3806.6;0.956
3807.1;0.844
3807.6;0.514
3808.1;0.271
3808.6;0.16
3809.1;0.589
3809.6;0.712
3810.1;0.27
3810.6;0.452
3811.1;0.643
3811.6;0.639
3812.1;0.258
3812.6;0.22
3813.1;0.709
3813.6;0.727
3814.1;0.651
3814.6;0.761
3815.1;0.317
3815.6;0.492
3816.1;1.008
3816.6;1.587
3817.1;0.931
3817.6;0.296
3818.1;1.062
3818.6;1.456
3819.1;0.738
3819.6;0.285
3820.1;0.541
3820.6;0.47
3821.1;0.646
3821.6;1.249
3822.1;0.962
3822.6;0.889
3823.1;0.818
3823.6;1.565
3824.1;1.407
3824.6;0.657
3825.1;0.529
3825.6;0.761
3826.1;1.409
3826.6;0.936
3827.1;0.164
3827.6;0.638
3828.1;1.252
3828.6;0.942
3829.1;0.961
3829.6;0.665
3830.1;1.106
3830.6;0.962
3831.1;1.037
3831.6;0.901
3832.1;1.054
3832.6;1.116
3833.1;2.164
3833.6;1.499
3834.1;1.099
3834.6;1.469
3835.1;2.137
3835.6;1.954
3836.1;1.456
3836.6;1.479
3837.1;2.13
3837.6;2.093
3838.1;2.223
3838.6;1.95
3839.1;1.93
3839.6;1.62
3840.1;2.679
3840.6;2.938
3841.1;2.573
3841.6;2.451
3842.1;4.028
3842.6;4.604
3843.1;5.507
3843.6;6.522
3844.1;7.654
3844.6;9.76
3845.1;10.945
3845.6;12.456
3846.1;13.671
3846.6;14.742
3847.1;15.564
3847.6;15.842
3848.1;16.005
3848.6;16.302
3849.1;15.429
3849.6;13.971
3850.1;12.42
3850.6;11.205
3851.1;9.975
3851.6;8.059
3852.1;6.575
3852.6;4.522
3853.1;3.59
3853.6;4.042
3854.1;4.405
3854.6;4.933
3855.1;5.047
3855.6;5.734
3856.1;5.923
3856.6;5.848
3857.1;5.781
3857.6;5.404
3858.1;5.292
3858.6;5.799
3859.1;5.921
3859.6;6.026
3860.1;5.518
3860.6;5.088
3861.1;4.144
3861.6;3.211
3862.1;2.09
3862.6;1.342
3863.1;0.836
3863.6;0.551
3864.1;0.743
3864.6;1.351
3865.1;1.433
3865.6;1.137
3866.1;0.795
3866.6;0.552
3867.1;0.514
3867.6;0.713
3868.1;0.847
3868.6;1.34
3869.1;1.579
3869.6;1.657
3870.1;2.812
3870.6;2.949
3871.1;2.974
3871.6;3.743
3872.1;3.278
3872.6;3.48
3873.1;2.691
3873.6;1.759
3874.1;1.864
3874.6;2.47
3875.1;1.949
3875.6;2.19
3876.1;1.949
3876.6;1.934
3877.1;1.867
3877.6;2.161
3878.1;2.062
3878.6;1.908
3879.1;3.052
3879.6;3.159
3880.1;2.701
3880.6;2.298
3881.1;2.584
3881.6;2.575
3882.1;2.217
3882.6;2.46
3883.1;2.323
3883.6;2.828
3884.1;3.101
3884.6;3.179
3885.1;3.401
3885.6;3.582
3886.1;3.217
3886.6;2.63
3887.1;3.06
3887.6;3.046
3888.1;2.469
3888.6;1.725
3889.1;2.419
3889.6;2.855
3890.1;2.395
3890.6;2.786
3891.1;2.534
3891.6;2.609
3892.1;2.354
3892.6;1.559
3893.1;2.095
3893.6;2.42
3894.1;1.441
3894.6;1.385
3895.1;1.518
3895.6;1.347
3896.1;1.139
3896.6;1.13
3897.1;2.154
3897.6;1.967
3898.1;0.621
3898.6;0.655
3899.1;0.799
3899.6;0.672
3900.1;1.509
3900.6;1.135
3901.1;1.533
3901.6;1.725
3902.1;0.659
3902.6;1.04
3903.1;0.895
3903.6;0.126
3904.1;0.738
3904.6;1.113
3905.1;0.82
3905.6;0.32
3906.1;0.652
3906.6;0.25
3907.1;0.588
3907.6;0.509
3908.1;0.985
3908.6;1.253
3909.1;0.655
3909.6;1.061
3910.1;1.252
3910.6;0.571
3911.1;1.078
3911.6;1.473
3912.1;0.889
3912.6;0.425
3913.1;0.888
3913.6;0.681
3914.1;0.507
3914.6;0.701
3915.1;0.903
3915.6;0.359
3916.1;0.48
3916.6;0.798
3917.1;0.617
3917.6;0.321
3918.1;0.994
3918.6;0.757
3919.1;0.082
3919.6;0.553
3920.1;1.072
3920.6;0.607
3921.1;0.49
3921.6;0.554
3922.1;0.684
3922.6;0.337
3923.1;0.918
3923.6;0.263
3924.1;0.974
3924.6;0.954
3925.1;1.534
3925.6;0.762
3926.1;0.857
3926.6;0.806
3927.1;0.245
3927.6;0.786
3928.1;1.624
3928.6;1.243
3929.1;1.38
3929.6;1.782
3930.1;1.65
3930.6;1.217
3931.1;1.107
3931.6;0.777
3932.1;0.519
3932.6;1.398
3933.1;1.293
3933.6;1.023
3934.1;1.138
3934.6;1.278
3935.1;1.184
3935.6;0.753
3936.1;1.032
3936.6;0.642
3937.1;0.942
3937.6;1.507
3938.1;2.051
3938.6;1.78
3939.1;1.854
3939.6;1.673
3940.1;1.191
3940.6;1.124
3941.1;1.273
3941.6;1.02
3942.1;1.079
3942.6;1.52
3943.1;1.719
3943.6;1.429
3944.1;1.622
3944.6;0.81
3945.1;0.465
3945.6;0.835
3946.1;0.426
3946.6;1.025
3947.1;1.113
3947.6;1.622
3948.1;1.446
3948.6;1.429
3949.1;1.254
3949.6;0.872
3950.1;0.812
3950.6;0.973
3951.1;1.109
3951.6;1.242
3952.1;1.421
3952.6;0.929
3953.1;0.865
3953.6;0.538
3954.1;0.243
3954.6;0.184
3955.1;0.563
3955.6;0.639
3956.1;0.894
3956.6;1.337
3957.1;1.329
3957.6;0.924
3958.1;1.12
3958.6;1.325
3959.1;1.078
3959.6;0.583
3960.1;0.706
3960.6;0.926
3961.1;0.981
3961.6;0.848
3962.1;0.998
3962.6;0.517
3963.1;0.577
3963.6;0.273
3964.1;0.456
3964.6;0.916
3965.1;1.014
3965.6;1.477
3966.1;1.402
3966.6;1.771
3967.1;1.856
3967.6;1.922
3968.1;1.931
3968.6;1.588
3969.1;1.187
3969.6;1.295
3970.1;1.105
3970.6;1.152
3971.1;1.63
3971.6;1.087
3972.1;0.35
3972.6;0.244
3973.1;0.498
3973.6;0.524
3974.1;1.035
3974.6;1.663
3975.1;1.737
3975.6;2.628
3976.1;2.893
3976.6;2.735
3977.1;2.597
3977.6;2.732
3978.1;2.357
3978.6;1.61
3979.1;0.598
3979.6;0.077
3980.1;0.262
3980.6;0.676
3981.1;0.502
3981.6;0.835
3982.1;1.333
3982.6;1.469
3983.1;1.983
3983.6;2.327
3984.1;3.214
3984.6;3.186
3985.1;3.265
3985.6;3.329
3986.1;3.161
3986.6;2.457
3987.1;1.851
3987.6;1.547
3988.1;1.186
3988.6;1.644
3989.1;2.532
3989.6;3.222
3990.1;3.51
3990.6;3.93
3991.1;4.416
3991.6;4.581
3992.1;4.383
3992.6;3.421
3993.1;2.577
3993.6;1.913
3994.1;1.236
3994.6;1.503
3995.1;1.272
3995.6;1.42
3996.1;1.803
3996.6;2.197
3997.1;2.91
3997.6;3.492
3998.1;4.082
3998.6;4.802
3999.1;4.655
3999.6;4.545
4000.1;3.774
4000.6;3.189
4001.1;2.733
4001.6;2.426
4002.1;2.492
4002.6;2.709
4003.1;3.423
4003.6;4.082
4004.1;4.33
4004.6;4.948
4005.1;5.242
4005.6;4.945
4006.1;4.402
4006.6;3.686
4007.1;3.144
4007.6;3.217
4008.1;3.242
4008.6;3.982
4009.1;3.442
4009.6;3.344
4010.1;2.971
4010.6;2.324
4011.1;2.608
4011.6;2.543
4012.1;1.84
4012.6;2.369
4013.1;2.409
4013.6;3.103
4014.1;3.707
4014.6;4.678
4015.1;4.415
4015.6;4.599
4016.1;4.7
4016.6;3.376
4017.1;2.484
4017.6;2.103
4018.1;2.154
4018.6;1.898
4019.1;1.354
4019.6;1.395
4020.1;1.976
4020.6;3.062
4021.1;2.386
4021.6;1.805
4022.1;1.047
4022.6;1.112
4023.1;0.086
4023.6;0.98
4024.1;1.025
4024.6;0.965
4025.1;2.462
4025.6;2.795
4026.1;2.06
4026.6;0.626
4027.1;0.102
4027.6;0.846
4028.1;1.337
4028.6;1.238
4029.1;0.855
4029.6;1.092
4030.1;1.736
4030.6;1.485
4031.1;1.651
4031.6;2.103
4032.1;1.597
4032.6;0.314
4033.1;0.402
4033.6;1.545
4034.1;1.017
4034.6;0.807
4035.1;1.261
4035.6;1.474
4036.1;1.305
4036.6;1.311
4037.1;0.2
4037.6;1.204
4038.1;1.327
4038.6;0.413
4039.1;0.655
4039.6;1.714
4040.1;2.099
4040.6;0.929
4041.1;1.152
4041.6;1.336
4042.1;0.727
4042.6;0.994
4043.1;1.892
4043.6;0.963
4044.1;1.261
4044.6;1.357
4045.1;0.708
4045.6;0.881
4046.1;2.2
4046.6;1.291
4047.1;0.892
4047.6;1.676
4048.1;1.424
4048.6;0.939
4049.1;2.711
4049.6;3.173
4050.1;0.741
4050.6;2.461
4051.1;3.747
4051.6;2.835
4052.1;1.764
4052.6;2.827
4053.1;4.402
4053.6;3.236
4054.1;1.939
4054.6;4.584
4055.1;3.494
4055.6;0.65
4056.1;2.868
4056.6;2.958
4057.1;2.774
4057.6;2.406
4058.1;2.017
4058.6;5.279
4059.1;8.821
4059.6;4.812
4060.1;5.317
4060.6;9.842
4061.1;6.18
4061.6;3.236
4062.1;6.97
4062.6;7.21
4063.1;2.774
4063.6;3.889
4064.1;8.204
4064.6;5.76
4065.1;6.686
4065.6;7.706
4066.1;2.199
4066.6;4.794
4067.1;4.728
4067.6;3.334
4068.1;1.378
4068.6;3.242
4069.1;6.033
4069.6;4.958
4070.1;5.766
4070.6;9.513
4071.1;6.462
4071.6;7.709
4072.1;6.584
4072.6;4.249
4073.1;4.453
4073.6;6.398
4074.1;8.58
4074.6;8.422
4075.1;14.24
4075.6;15.699
4076.1;12.758
4076.6;17.396
4077.1;15.179
4077.6;11.245
4078.1;9.675
4078.6;6.702
4079.1;2.677
4079.6;1.787
4080.1;4.74
4080.6;6.228
4081.1;8.078
4081.6;9.452
4082.1;8.959
4082.6;10.34
4083.1;11.549
4083.6;12.683
4084.1;12.157
4084.6;14.37
4085.1;13.029
4085.6;13.273
4086.1;11.738
4086.6;11.403
4087.1;9.959
4087.6;9.021
4088.1;9.976
4088.6;8.206
4089.1;7.925
4089.6;6.257
4090.1;5.447
4090.6;4.475
4091.1;3.699
4091.6;4.371
4092.1;4.298
4092.6;3.996
4093.1;4.449
4093.6;5.699
4094.1;4.868
4094.6;3.406
4095.1;3.356
4095.6;1.984
4096.1;2.011
4096.6;2.138
4097.1;1.314
4097.6;1.887
4098.1;0.595
4098.6;1.239
4099.1;0.516
4099.6;2.356
4100.1;1.054
4100.6;1.788
4101.1;0.345
4101.6;1.146
4102.1;1.895
4102.6;2.573
4103.1;2.175
4103.6;2.54
4104.1;2.354
4104.6;1.45
4105.1;1.777
4105.6;1.677
4106.1;1.098
4106.6;2.965
4107.1;1.933
4107.6;0.553
4108.1;0.722
4108.6;3.241
4109.1;1.862
4109.6;2.835
4110.1;1.798
4110.6;0.804
4111.1;0.717
4111.6;1.554
4112.1;0.577
4112.6;2.548
4113.1;1.103
4113.6;0.778
4114.1;0.505
4114.6;1.497
4115.1;0.572
4115.6;2.125
4116.1;1.43
4116.6;0.692
4117.1;0.839
4117.6;2.621
4118.1;2.347
4118.6;3.066
4119.1;2.828
4119.6;0.568
4120.1;1.733
4120.6;2.749
4121.1;1.54
4121.6;4.132
4122.1;2.268
4122.6;2.44
4123.1;2.533
4123.6;1.337
4124.1;1.902
4124.6;2.241
4125.1;0.853
4125.6;1.738
4126.1;0.973
4126.6;1.861
4127.1;1.632
4127.6;2.615
4128.1;1.371
4128.6;1.36
4129.1;1.622
4129.6;2.016
4130.1;1.126
4130.6;2.728
4131.1;1.027
4131.6;1.873
4132.1;0.991
4132.6;2.139
4133.1;2.441
4133.6;3.315
4134.1;2.104
4134.6;2.239
4135.1;3.271
4135.6;1.026
4136.1;2.161
4136.6;1.61
4137.1;0.856
4137.6;0.574
4138.1;2.673
4138.6;3.506
4139.1;2.865
4139.6;3.072
4140.1;2.527
4140.6;0.57
4141.1;2.354
4141.6;2.404
4142.1;4.565
4142.6;5.488
4143.1;4.41
4143.6;4.403
4144.1;1.116
4144.6;2.777
4145.1;6.047
4145.6;11.615
4146.1;14.077
4146.6;18.398
4147.1;16.175
4147.6;13.558
4148.1;9.221
4148.6;12.885
4149.1;22.68
4149.6;42.176
4150.1;55.253
4150.6;67.142
4151.1;74.223
4151.6;66.382
4152.1;67.39
4152.6;48.756
4153.1;36.819
4153.6;20.871
4154.1;7.111
4154.6;4.585
4155.1;7.775
4155.6;5.559
4156.1;6.391
4156.6;3.135
4157.1;2.634
4157.6;3.474
4158.1;6.322
4158.6;6.394
4159.1;7.167
4159.6;4.59
4160.1;2.494
4160.6;1.172
4161.1;5.395
4161.6;5.312
4162.1;8.656
4162.6;6.319
4163.1;4.687
4163.6;3.31
4164.1;3.436
4164.6;4.224
4165.1;8.195
4165.6;7.24
4166.1;9.288
4166.6;4.057
4167.1;4.486
4167.6;2.394
4168.1;6.626
4168.6;6.848
4169.1;6.066
4169.6;5.518
4170.1;3.289
4170.6;2.848
4171.1;5.086
4171.6;4.612
4172.1;4.967
4172.6;6.0
4173.1;3.02
4173.6;4.117
4174.1;4.889
4174.6;3.527
4175.1;4.117
4175.6;3.485
4176.1;3.317
4176.6;4.454
4177.1;4.337
4177.6;4.644
4178.1;3.896
4178.6;3.988
4179.1;2.644
4179.6;2.808
4180.1;4.604
4180.6;3.64
4181.1;6.016
4181.6;3.649
4182.1;3.581
4182.6;1.514
4183.1;3.79
4183.6;1.785
4184.1;7.419
4184.6;4.975
4185.1;8.077
4185.6;5.722
4186.1;7.638
4186.6;5.368
4187.1;4.251
4187.6;4.376
4188.1;3.972
4188.6;6.017
4189.1;9.592
4189.6;9.397
4190.1;11.998
4190.6;8.475
4191.1;10.065
4191.6;3.722
4192.1;4.542
4192.6;2.21
4193.1;2.523
4193.6;4.814
4194.1;3.906
4194.6;2.786
4195.1;2.466
4195.6;2.578
4196.1;3.657
4196.6;5.452
4197.1;6.284
4197.6;5.662
4198.1;4.605
4198.6;3.991
4199.1;4.292
4199.6;7.692
4200.1;7.007
4200.6;9.64
4201.1;7.294
4201.6;6.628
4202.1;6.736
4202.6;6.435
4203.1;7.781
4203.6;7.153
4204.1;5.877
4204.6;4.735
4205.1;4.315
4205.6;2.651
4206.1;4.879
4206.6;3.836
4207.1;4.675
4207.6;4.561
4208.1;4.986
4208.6;4.13
4209.1;4.46
4209.6;4.253
4210.1;4.051
4210.6;3.497
4211.1;3.501
4211.6;2.923
4212.1;3.067
4212.6;3.674
4213.1;2.452
4213.6;4.781
4214.1;2.395
4214.6;4.594
4215.1;3.654
4215.6;3.603
4216.1;1.929
4216.6;3.1
4217.1;1.619
4217.6;2.597
4218.1;2.955
4218.6;2.743
4219.1;2.702
4219.6;2.422
4220.1;2.305
4220.6;1.855
4221.1;2.067
4221.6;1.732
4222.1;2.284
4222.6;2.247
4223.1;2.417
4223.6;3.07
4224.1;1.875
4224.6;2.429
4225.1;2.129
4225.6;3.483
4226.1;2.299
4226.6;3.296
4227.1;1.537
4227.6;2.89
4228.1;1.471
4228.6;2.685
4229.1;1.631
4229.6;2.027
4230.1;1.233
4230.6;1.688
4231.1;0.442
4231.6;1.206
4232.1;0.334
4232.6;0.926
4233.1;0.365
4233.6;1.441
4234.1;1.007
4234.6;1.691
4235.1;0.957
4235.6;0.41
4236.1;1.267
4236.6;1.52
4237.1;1.032
4237.6;2.147
4238.1;0.796
4238.6;0.367
4239.1;1.254
4239.6;0.393
4240.1;1.054
4240.6;0.586
4241.1;0.455
4241.6;1.454
4242.1;0.961
4242.6;1.246
4243.1;1.012
4243.6;0.524
4244.1;0.318
4244.6;0.964
4245.1;2.103
4245.6;0.256
4246.1;1.287
4246.6;1.41
4247.1;1.018
4247.6;1.037
4248.1;1.25
4248.6;0.747
4249.1;1.363
4249.6;1.268
4250.1;1.165
4250.6;0.386
4251.1;0.6
4251.6;0.977
4252.1;1.852
4252.6;0.463
4253.1;0.24
4253.6;0.938
4254.1;0.904
4254.6;0.415
4255.1;0.721
4255.6;1.537
4256.1;1.54
4256.6;2.077
4257.1;1.327
4257.6;0.686
4258.1;0.621
4258.6;1.343
4259.1;0.966
4259.6;0.9
4260.1;1.678
4260.6;2.485
4261.1;2.14
4261.6;2.558
4262.1;2.179
4262.6;2.419
4263.1;2.541
4263.6;3.241
4264.1;4.493
4264.6;2.972
4265.1;3.147
4265.6;2.858
4266.1;3.411
4266.6;3.09
4267.1;2.7
4267.6;2.649
4268.1;3.897
4268.6;3.789
4269.1;3.1
4269.6;2.922
4270.1;4.461
4270.6;3.653
4271.1;6.196
4271.6;8.002
4272.1;8.848
4272.6;9.862
4273.1;10.702
4273.6;12.208
4274.1;13.612
4274.6;14.043
4275.1;13.618
4275.6;12.627
4276.1;12.107
4276.6;11.923
4277.1;10.908
4277.6;10.148
4278.1;8.099
4278.6;7.23
4279.1;7.366
4279.6;6.584
4280.1;6.586
4280.6;6.397
4281.1;7.368
4281.6;7.533
4282.1;6.496
4282.6;6.294
4283.1;5.784
4283.6;4.968
4284.1;4.413
4284.6;5.023
4285.1;5.889
4285.6;7.656
4286.1;8.525
4286.6;8.189
4287.1;8.62
4287.6;8.263
4288.1;8.031
4288.6;7.319
4289.1;6.357
4289.6;5.404
4290.1;5.695
4290.6;5.498
4291.1;6.215
4291.6;7.299
4292.1;8.084
4292.6;7.567
4293.1;6.309
4293.6;5.044
4294.1;5.448
4294.6;5.982
4295.1;5.547
4295.6;6.64
4296.1;6.281
4296.6;4.463
4297.1;4.358
4297.6;5.365
4298.1;5.757
4298.6;5.939
4299.1;6.068
4299.6;5.469
4300.1;4.861
4300.6;4.496
4301.1;4.81
4301.6;4.575
4302.1;4.564
4302.6;3.985
4303.1;2.931
4303.6;3.45
4304.1;4.04
4304.6;4.406
4305.1;4.714
4305.6;4.073
4306.1;3.508
4306.6;2.737
4307.1;2.859
4307.6;2.752
4308.1;3.4
4308.6;3.964
4309.1;3.602
4309.6;2.423
4310.1;1.592
4310.6;1.221
4311.1;1.007
4311.6;1.852
4312.1;1.764
4312.6;2.392
4313.1;2.387
4313.6;1.916
4314.1;1.666
4314.6;1.92
4315.1;2.458
4315.6;2.696
4316.1;2.999
4316.6;2.524
4317.1;2.004
4317.6;1.455
4318.1;1.449
4318.6;1.363
4319.1;0.977
4319.6;1.498
4320.1;0.917
4320.6;0.56
4321.1;0.888
4321.6;0.775
4322.1;1.212
4322.6;0.909
4323.1;1.388
4323.6;1.207
4324.1;1.822
4324.6;1.899
4325.1;2.336
4325.6;2.504
4326.1;1.321
4326.6;0.473
4327.1;0.941
4327.6;0.938
4328.1;1.027
4328.6;1.47
4329.1;1.389
4329.6;0.982
4330.1;1.477
4330.6;1.207
4331.1;1.0
4331.6;0.983
4332.1;1.183
4332.6;2.517
4333.1;2.012
4333.6;2.506
4334.1;3.267
4334.6;2.609
4335.1;2.366
4335.6;1.832
4336.1;1.684
4336.6;1.309
4337.1;1.346
4337.6;1.62
4338.1;1.299
4338.6;1.659
4339.1;1.171
4339.6;0.831
4340.1;1.371
4340.6;1.129
4341.1;0.708
4341.6;0.613
4342.1;1.111
4342.6;0.575
4343.1;1.484
4343.6;1.32
4344.1;1.132
4344.6;1.056
4345.1;0.75
4345.6;0.513
4346.1;0.733
4346.6;1.447
4347.1;1.771
4347.6;1.392
4348.1;1.023
4348.6;0.891
4349.1;1.364
4349.6;0.879
4350.1;1.044
4350.6;1.496
4351.1;1.179
4351.6;2.069
4352.1;1.214
4352.6;1.086
4353.1;1.007
4353.6;0.981
4354.1;1.373
4354.6;1.223
4355.1;1.232
4355.6;1.276
4356.1;0.926
4356.6;1.238
4357.1;0.457
4357.6;1.036
4358.1;1.282
4358.6;0.403
4359.1;1.143
4359.6;0.585
4360.1;0.466
4360.6;1.256
4361.1;0.709
4361.6;0.106
4362.1;0.201
4362.6;0.664
4363.1;0.999
4363.6;0.679
4364.1;0.964
4364.6;0.268
4365.1;0.481
4365.6;0.498
4366.1;0.25
4366.6;0.051
4367.1;0.76
4367.6;1.423
4368.1;0.198
4368.6;0.692
4369.1;0.734
4369.6;0.852
4370.1;0.899
4370.6;0.321
4371.1;0.52
4371.6;0.508
4372.1;1.351
4372.6;0.767
4373.1;0.635
4373.6;1.002
4374.1;0.633
4374.6;0.364
4375.1;0.424
4375.6;0.587
4376.1;0.715
4376.6;0.584
4377.1;0.146
4377.6;0.394
4378.1;0.46
4378.6;0.378
4379.1;0.673
4379.6;0.41
4380.1;0.145
4380.6;0.127
4381.1;1.146
4381.6;1.015
4382.1;0.325
4382.6;0.177
4383.1;0.121
4383.6;0.52
4384.1;0.708
4384.6;0.663
4385.1;0.406
4385.6;1.25
4386.1;0.278
4386.6;1.131
4387.1;0.311
4387.6;0.553
4388.1;0.597
4388.6;0.171
4389.1;0.314
4389.6;0.701
4390.1;0.263
4390.6;1.0
4391.1;0.53
4391.6;0.616
4392.1;0.33
4392.6;0.424
4393.1;0.262
4393.6;0.033
4394.1;0.4
4394.6;0.552
4395.1;0.255
4395.6;0.551
4396.1;0.469
4396.6;0.41
4397.1;0.442
4397.6;0.039
4398.1;0.289
4398.6;0.181
4399.1;0.1
4399.6;0.349
4400.1;0.295
4400.6;0.514
4401.1;0.153
4401.6;0.691
4402.1;0.377
4402.6;0.222
4403.1;0.562
4403.6;0.343
4404.1;0.581
4404.6;0.545
4405.1;0.747
4405.6;0.741
4406.1;0.819
4406.6;0.932
4407.1;0.173
4407.6;0.637
4408.1;0.418
4408.6;0.395
4409.1;0.274
4409.6;0.752
4410.1;0.325
4410.6;0.544
4411.1;0.46
4411.6;0.758
4412.1;0.247
4412.6;0.213
4413.1;0.55
4413.6;0.61
4414.1;0.588
4414.6;0.258
4415.1;0.609
4415.6;0.431
4416.1;0.411
4416.6;0.412
4417.1;0.556
4417.6;0.047
4418.1;0.445
4418.6;0.218
4419.1;0.326
4419.6;0.163
4420.1;0.619
4420.6;0.116
4421.1;0.255
4421.6;0.633
4422.1;0.316
4422.6;0.431
4423.1;0.223
4423.6;0.374
4424.1;0.476
4424.6;0.998
4425.1;0.384
4425.6;0.595
4426.1;0.15
4426.6;0.267
4427.1;0.709
4427.6;0.765
4428.1;0.864
4428.6;0.451
4429.1;0.398
4429.6;0.177
4430.1;0.566
4430.6;0.458
4431.1;0.621
4431.6;0.211
4432.1;0.526
4432.6;0.706
4433.1;1.134
4433.6;0.581
4434.1;1.129
4434.6;0.566
4435.1;0.705
4435.6;0.482
4436.1;0.371
4436.6;0.535
4437.1;1.055
4437.6;0.701
4438.1;0.312
4438.6;0.936
4439.1;0.561
4439.6;0.333
4440.1;0.822
4440.6;0.671
4441.1;0.697
4441.6;0.233
4442.1;0.668
4442.6;0.646
4443.1;0.993
4443.6;0.984
4444.1;0.877
4444.6;0.569
4445.1;1.021
4445.6;0.397
4446.1;0.274
4446.6;0.705
4447.1;0.508
4447.6;0.395
4448.1;0.627
4448.6;0.408
4449.1;0.543
4449.6;0.6
4450.1;0.485
4450.6;0.603
4451.1;0.375
4451.6;0.449
4452.1;0.635
4452.6;0.305
4453.1;0.39
4453.6;0.411
4454.1;0.026
4454.6;0.202
4455.1;0.32
4455.6;0.414
4456.1;0.183
4456.6;0.344
4457.1;0.307
4457.6;0.295
4458.1;0.273
4458.6;0.582
4459.1;0.267
4459.6;0.526
4460.1;0.329
4460.6;0.235
4461.1;0.632
4461.6;0.127
4462.1;0.411
4462.6;0.806
4463.1;0.278
4463.6;0.727
4464.1;0.413
4464.6;0.411
4465.1;0.467
4465.6;0.926
4466.1;0.851
4466.6;0.15
4467.1;0.49
4467.6;0.315
4468.1;0.475
4468.6;0.908
4469.1;0.339
4469.6;0.594
4470.1;0.665
4470.6;0.449
4471.1;0.659
4471.6;0.242
4472.1;0.478
4472.6;0.072
4473.1;0.553
4473.6;0.556
4474.1;0.473
4474.6;0.167
4475.1;0.49
4475.6;1.132
4476.1;0.483
4476.6;0.446
4477.1;0.237
4477.6;0.973
4478.1;0.672
4478.6;0.892
4479.1;0.149
4479.6;0.391
4480.1;0.192
4480.6;0.341
4481.1;0.607
4481.6;0.413
4482.1;0.485
4482.6;0.048
4483.1;0.35
4483.6;0.545
4484.1;0.297
4484.6;0.507
4485.1;0.617
4485.6;0.282
4486.1;0.235
4486.6;0.407
4487.1;0.043
4487.6;0.587
4488.1;0.609
4488.6;0.273
4489.1;0.169
4489.6;0.241
4490.1;0.218
4490.6;0.424
4491.1;0.089
4491.6;0.127
4492.1;0.111
4492.6;0.409
4493.1;0.065
4493.6;0.398
4494.1;0.151
4494.6;0.52
4495.1;0.14
4495.6;0.4
4496.1;0.293
4496.6;0.453
4497.1;0.666
4497.6;0.671
4498.1;1.028
4498.6;0.445
4499.1;0.557
4499.6;0.754
4500.1;0.687
4500.6;0.724
4501.1;0.716
4501.6;0.341
4502.1;1.059
4502.6;0.774
4503.1;0.321
4503.6;0.537
4504.1;0.445
4504.6;0.506
4505.1;0.755
4505.6;1.537
4506.1;0.942
4506.6;0.694
4507.1;0.604
4507.6;0.629
4508.1;1.228
4508.6;0.293
4509.1;0.759
4509.6;0.509
4510.1;0.993
4510.6;0.792
4511.1;0.618
4511.6;0.406
4512.1;0.711
4512.6;0.519
4513.1;0.501
4513.6;0.818
4514.1;0.581
4514.6;0.144
4515.1;0.677
4515.6;0.216
4516.1;0.428
4516.6;0.777
4517.1;0.75
4517.6;0.238
4518.1;0.289
4518.6;0.164
4519.1;0.335
4519.6;0.54
4520.1;0.523
4520.6;0.366
4521.1;0.452
4521.6;0.711
4522.1;0.809
4522.6;0.699
4523.1;1.51
4523.6;0.871
4524.1;0.857
4524.6;1.294
4525.1;1.899
4525.6;1.131
4526.1;0.596
4526.6;0.709
4527.1;0.404
4527.6;0.521
4528.1;0.344
4528.6;0.595
4529.1;0.511
4529.6;1.439
4530.1;0.963
4530.6;0.195
4531.1;0.587
4531.6;1.649
4532.1;1.068
4532.6;0.531
4533.1;0.33
4533.6;1.046
4534.1;1.347
4534.6;1.534
4535.1;0.327
4535.6;0.2
4536.1;0.714
4536.6;0.235
4537.1;0.45
4537.6;1.175
4538.1;1.128
4538.6;1.195
4539.1;2.16
4539.6;2.1
4540.1;1.367
4540.6;2.143
4541.1;0.6
4541.6;0.59
4542.1;0.542
4542.6;1.177
4543.1;1.429
4543.6;0.812
4544.1;0.851
4544.6;0.642
4545.1;0.591
4545.6;0.744
4546.1;1.541
4546.6;1.639
4547.1;1.099
4547.6;1.61
4548.1;1.672
4548.6;2.071
4549.1;2.453
4549.6;1.355
4550.1;1.407
4550.6;0.518
4551.1;1.617
4551.6;1.156
4552.1;2.028
4552.6;1.542
4553.1;1.362
4553.6;1.352
4554.1;1.336
4554.6;1.716
4555.1;1.63
4555.6;2.076
4556.1;1.257
4556.6;1.93
4557.1;2.725
4557.6;2.15
4558.1;2.96
4558.6;2.031
4559.1;1.794
4559.6;2.49
4560.1;3.087
4560.6;3.58
4561.1;3.969
4561.6;5.562
4562.1;5.14
4562.6;4.761
4563.1;5.669
4563.6;5.629
4564.1;5.411
4564.6;5.285
4565.1;4.969
4565.6;3.269
4566.1;3.356
4566.6;1.532
4567.1;2.715
4567.6;3.575
4568.1;3.427
4568.6;3.548
4569.1;3.651
4569.6;5.044
4570.1;4.512
4570.6;6.148
4571.1;5.662
4571.6;5.211
4572.1;6.353
4572.6;5.571
4573.1;6.949
4573.6;5.788
4574.1;7.368
4574.6;4.904
4575.1;6.475
4575.6;6.595
4576.1;7.325
4576.6;9.084
4577.1;7.703
4577.6;7.577
4578.1;5.031
4578.6;6.549
4579.1;3.505
4579.6;5.404
4580.1;5.269
4580.6;7.773
4581.1;6.102
4581.6;5.829
4582.1;6.385
4582.6;4.948
4583.1;6.538
4583.6;5.03
4584.1;6.924
4584.6;3.745
4585.1;7.153
4585.6;5.269
4586.1;7.908
4586.6;7.095
4587.1;8.137
4587.6;7.913
4588.1;4.813
4588.6;6.789
4589.1;2.508
4589.6;3.841
4590.1;2.364
4590.6;2.989
4591.1;1.354
4591.6;2.918
4592.1;1.905
4592.6;1.03
4593.1;1.16
4593.6;0.716
4594.1;1.177
4594.6;0.675
4595.1;0.962
4595.6;0.881
4596.1;2.183
4596.6;0.926
4597.1;2.13
4597.6;1.967
4598.1;0.602
4598.6;3.542
4599.1;1.194
4599.6;1.465
4600.1;1.665
4600.6;2.912
4601.1;0.719
4601.6;3.069
4602.1;4.091
4602.6;1.487
4603.1;4.114
4603.6;2.501
4604.1;1.787
4604.6;3.67
4605.1;2.522
4605.6;0.852
4606.1;3.833
4606.6;3.008
4607.1;1.936
4607.6;2.406
4608.1;1.648
4608.6;1.973
4609.1;3.173
4609.6;2.691
4610.1;0.516
4610.6;3.648
4611.1;3.764
4611.6;1.339
4612.1;1.788
4612.6;2.445
4613.1;3.35
4613.6;4.201
4614.1;0.896
4614.6;1.517
4615.1;4.356
4615.6;1.493
4616.1;0.302
4616.6;1.505
4617.1;3.269
4617.6;3.08
4618.1;2.431
4618.6;3.692
4619.1;3.023
4619.6;4.743
4620.1;2.584
4620.6;1.167
4621.1;4.7
4621.6;4.343
4622.1;1.887
4622.6;3.211
4623.1;2.146
4623.6;3.213
4624.1;3.06
4624.6;1.919
4625.1;2.424
4625.6;2.535
4626.1;2.063
4626.6;1.056
4627.1;0.929
4627.6;3.333
4628.1;2.693
4628.6;2.485
4629.1;1.451
4629.6;3.415
4630.1;3.131
4630.6;2.979
4631.1;2.931
4631.6;1.175
4632.1;4.275
4632.6;5.907
4633.1;2.771
4633.6;7.65
4634.1;7.212
4634.6;3.99
4635.1;6.521
4635.6;7.942
4636.1;7.302
4636.6;5.423
4637.1;4.102
4637.6;9.591
4638.1;9.477
4638.6;1.371
4639.1;7.03
4639.6;9.645
4640.1;5.134
4640.6;5.241
4641.1;5.812
4641.6;8.375
4642.1;4.236
4642.6;3.355
4643.1;8.743
4643.6;5.158
4644.1;3.004
4644.6;4.571
4645.1;3.95
4645.6;1.508
4646.1;3.575
4646.6;6.24
4647.1;4.498
4647.6;7.573
4648.1;8.018
4648.6;5.855
4649.1;5.45
4649.6;7.406
4650.1;3.641
4650.6;0.502
4651.1;4.332
4651.6;8.554
4652.1;7.684
4652.6;11.306
4653.1;12.892
4653.6;10.677
4654.1;11.298
4654.6;9.754
4655.1;5.711
4655.6;4.152
4656.1;2.465
4656.6;6.076
4657.1;8.284
4657.6;15.299
4658.1;17.115
4658.6;23.199
4659.1;25.002
4659.6;27.985
4660.1;27.223
4660.6;24.19
4661.1;24.881
4661.6;12.302
4662.1;15.011
4662.6;11.612
4663.1;11.576
4663.6;14.452
4664.1;30.491
4664.6;19.267
4665.1;41.405
4665.6;35.136
4666.1;42.123
4666.6;42.736
4667.1;33.004
4667.6;37.087
4668.1;28.817
4668.6;22.95
4669.1;31.578
4669.6;8.709
4670.1;27.28
4670.6;1.732
4671.1;19.091
4671.6;2.658
4672.1;11.681
4672.6;5.756
4673.1;7.266
4673.6;9.746
4674.1;3.154
4674.6;11.733
4675.1;4.805
4675.6;10.707
4676.1;10.674
4676.6;5.323
4677.1;10.327
4677.6;4.475
4678.1;5.563
4678.6;5.978
4679.1;1.408
4679.6;0.95
4680.1;2.628
4680.6;6.274
4681.1;2.093
4681.6;5.314
4682.1;2.794
4682.6;1.54
4683.1;3.181
4683.6;3.557
4684.1;1.065
4684.6;4.7
4685.1;3.174
4685.6;4.043
4686.1;3.452
4686.6;2.236
4687.1;3.102
4687.6;3.934
4688.1;0.588
4688.6;2.175
4689.1;1.581
4689.6;1.481
4690.1;3.188
4690.6;3.788
4691.1;0.227
4691.6;4.357
4692.1;3.312
4692.6;1.903
4693.1;3.038
4693.6;3.606
4694.1;0.127
4694.6;3.946
4695.1;2.942
4695.6;1.326
4696.1;2.624
4696.6;3.421
4697.1;2.835
4697.6;4.169
4698.1;3.975
4698.6;2.605
4699.1;7.371
4699.6;5.933
4700.1;4.922
4700.6;9.092
4701.1;10.869
4701.6;6.67
4702.1;4.265
4702.6;13.404
4703.1;8.142
4703.6;5.175
4704.1;8.603
4704.6;6.785
4705.1;3.496
4705.6;4.926
4706.1;2.77
4706.6;1.208
4707.1;2.476
4707.6;3.474
4708.1;4.384
4708.6;4.465
4709.1;3.896
4709.6;6.084
4710.1;5.629
4710.6;4.457
4711.1;7.139
4711.6;7.719
4712.1;8.176
4712.6;9.276
4713.1;6.033
4713.6;8.771
4714.1;9.428
4714.6;5.381
4715.1;7.654
4715.6;8.196
4716.1;6.967
4716.6;6.5
4717.1;4.107
4717.6;2.69
4718.1;1.771
4718.6;5.212
4719.1;5.064
4719.6;2.589
4720.1;5.519
4720.6;6.226
4721.1;5.307
4721.6;5.947
4722.1;4.621
4722.6;6.149
4723.1;3.583
4723.6;2.54
4724.1;2.215
4724.6;1.739
4725.1;1.439
4725.6;2.276
4726.1;2.846
4726.6;1.101
4727.1;4.595
4727.6;6.308
4728.1;1.2
4728.6;2.895
4729.1;1.118
4729.6;1.999
4730.1;1.087
4730.6;2.487
4731.1;0.994
4731.6;1.176
4732.1;2.102
4732.6;0.986
4733.1;1.89
4733.6;1.775
4734.1;1.385
4734.6;2.239
4735.1;0.595
4735.6;0.399
4736.1;0.957
4736.6;1.009
4737.1;1.062
4737.6;0.585
4738.1;0.561
4738.6;1.224
4739.1;1.509
4739.6;1.347
4740.1;1.133
4740.6;1.465
4741.1;1.236
4741.6;0.664
4742.1;1.848
4742.6;2.217
4743.1;1.736
4743.6;1.559
4744.1;1.298
4744.6;2.2
4745.1;0.961
4745.6;1.348
4746.1;1.657
4746.6;2.861
4747.1;1.951
4747.6;1.597
4748.1;1.182
4748.6;0.868
4749.1;1.69
4749.6;2.291
4750.1;2.586
4750.6;0.961
4751.1;1.127
4751.6;1.248
4752.1;1.341
4752.6;2.136
4753.1;2.441
4753.6;0.97
4754.1;0.867
4754.6;1.932
4755.1;1.073
4755.6;1.642
4756.1;2.24
4756.6;1.368
4757.1;1.264
4757.6;2.081
4758.1;2.653
4758.6;0.39
4759.1;2.28
4759.6;2.927
4760.1;1.336
4760.6;1.784
4761.1;3.313
4761.6;2.176
4762.1;3.263
4762.6;4.055
4763.1;1.314
4763.6;0.589
4764.1;1.824
4764.6;3.334
4765.1;1.567
4765.6;1.269
4766.1;1.644
4766.6;1.54
4767.1;1.073
4767.6;1.873
4768.1;0.426
4768.6;1.9
4769.1;2.059
4769.6;0.53
4770.1;2.158
4770.6;1.991
4771.1;1.416
4771.6;3.592
4772.1;1.856
4772.6;2.575
4773.1;3.092
4773.6;3.073
4774.1;4.221
4774.6;4.745
4775.1;4.082
4775.6;3.183
4776.1;4.419
4776.6;3.47
4777.1;5.462
4777.6;5.628
4778.1;5.234
4778.6;6.77
4779.1;4.372
4779.6;5.704
4780.1;6.142
4780.6;4.968
4781.1;6.225
4781.6;4.707
4782.1;4.918
4782.6;3.654
4783.1;4.54
4783.6;5.048
4784.1;4.98
4784.6;5.738
4785.1;4.164
4785.6;4.379
4786.1;3.701
4786.6;4.452
4787.1;4.499
4787.6;6.117
4788.1;6.087
4788.6;3.419
4789.1;6.507
4789.6;4.035
4790.1;5.757
4790.6;7.722
4791.1;4.815
4791.6;7.379
4792.1;6.057
4792.6;5.471
4793.1;7.254
4793.6;8.023
4794.1;6.747
4794.6;8.611
4795.1;8.368
4795.6;6.334
4796.1;10.603
4796.6;9.574
4797.1;10.217
4797.6;13.723
4798.1;9.427
4798.6;11.626
4799.1;12.768
4799.6;11.02
4800.1;13.138
4800.6;13.308
4801.1;11.422
4801.6;12.411
4802.1;12.23
4802.6;10.066
4803.1;12.692
4803.6;12.209
4804.1;8.847
4804.6;11.051
4805.1;9.106
4805.6;7.271
4806.1;9.34
4806.6;7.393
4807.1;8.235
4807.6;9.222
4808.1;6.947
4808.6;6.599
4809.1;6.042
4809.6;4.999
4810.1;5.421
4810.6;5.873
4811.1;4.557
4811.6;4.791
4812.1;4.775
4812.6;3.293
4813.1;3.563
4813.6;3.79
4814.1;3.05
4814.6;3.948
4815.1;4.27
4815.6;3.412
4816.1;3.992
4816.6;4.279
4817.1;3.717
4817.6;4.959
4818.1;4.33
4818.6;5.031
4819.1;5.08
4819.6;4.946
4820.1;4.183
4820.6;5.198
4821.1;4.177
4821.6;4.574
4822.1;5.844
4822.6;4.544
4823.1;4.372
4823.6;4.226
4824.1;3.53
4824.6;3.517
4825.1;3.951
4825.6;3.433
4826.1;3.76
4826.6;4.005
4827.1;2.482
4827.6;2.912
4828.1;2.045
4828.6;2.485
4829.1;3.813
4829.6;3.178
4830.1;2.511
4830.6;2.686
4831.1;2.043
4831.6;1.862
4832.1;2.107
4832.6;2.016
4833.1;2.788
4833.6;3.173
4834.1;2.372
4834.6;1.881
4835.1;2.35
4835.6;1.345
4836.1;1.921
4836.6;1.947
4837.1;1.533
4837.6;2.261
4838.1;1.587
4838.6;0.289
4839.1;1.024
4839.6;1.025
4840.1;0.986
4840.6;1.608
4841.1;1.03
4841.6;1.61
4842.1;0.509
4842.6;0.339
4843.1;0.581
4843.6;0.973
4844.1;0.638
4844.6;0.92
4845.1;1.178
4845.6;0.785
4846.1;0.713
4846.6;0.104
4847.1;0.47
4847.6;0.812
4848.1;0.479
4848.6;0.512
4849.1;0.548
4849.6;0.259
4850.1;0.285
4850.6;0.255
4851.1;0.277
4851.6;0.455
4852.1;1.013
4852.6;0.785
4853.1;0.226
4853.6;0.103
4854.1;0.337
4854.6;0.892
4855.1;1.021
4855.6;0.598
4856.1;0.597
4856.6;0.627
4857.1;0.443
4857.6;0.594
4858.1;0.396
4858.6;0.285
4859.1;0.821
4859.6;0.299
4860.1;0.522
4860.6;0.857
4861.1;0.309
4861.6;0.442
4862.1;0.158
4862.6;0.448
4863.1;0.612
4863.6;0.638
4864.1;0.811
4864.6;0.473
4865.1;0.532
4865.6;0.489
4866.1;0.588
4866.6;0.697
4867.1;0.655
4867.6;0.344
4868.1;0.495
4868.6;0.178
4869.1;0.363
4869.6;0.109
4870.1;0.46
4870.6;0.563
4871.1;0.632
4871.6;0.706
4872.1;0.194
4872.6;0.64
4873.1;0.268
4873.6;0.445
4874.1;0.305
4874.6;0.614
4875.1;0.512
4875.6;0.441
4876.1;0.41
4876.6;0.586
4877.1;0.476
4877.6;0.333
4878.1;0.555
4878.6;0.332
4879.1;0.274
4879.6;0.415
4880.1;0.217
4880.6;0.083
4881.1;0.565
4881.6;0.364
4882.1;0.568
4882.6;0.989
4883.1;0.718
4883.6;0.75
4884.1;0.546
4884.6;0.592
4885.1;0.48
4885.6;0.546
4886.1;0.555
4886.6;0.327
4887.1;0.478
4887.6;0.507
4888.1;0.776
4888.6;0.598
4889.1;0.311
4889.6;0.404
4890.1;0.334
4890.6;0.555
4891.1;0.264
4891.6;0.374
4892.1;0.401
4892.6;0.362
4893.1;0.749
4893.6;0.522
4894.1;0.642
4894.6;0.817
4895.1;0.768
4895.6;0.549
4896.1;0.721
4896.6;0.256
4897.1;0.204
4897.6;0.406
4898.1;0.617
4898.6;0.569
4899.1;0.986
4899.6;0.452
4900.1;0.469
4900.6;0.685
4901.1;0.868
4901.6;0.533
4902.1;1.074
4902.6;0.478
4903.1;0.97
4903.6;1.031
4904.1;0.251
4904.6;0.336
4905.1;0.352
4905.6;0.304
4906.1;0.131
4906.6;0.244
4907.1;0.57
4907.6;0.048
4908.1;0.601
4908.6;0.363
4909.1;0.566
4909.6;0.577
4910.1;0.879
4910.6;0.491
4911.1;0.374
4911.6;0.165
4912.1;0.609
4912.6;0.45
4913.1;0.685
4913.6;0.519
4914.1;0.756
4914.6;0.808
4915.1;0.391
4915.6;0.423
4916.1;0.976
4916.6;0.491
4917.1;0.562
4917.6;0.241
4918.1;0.218
4918.6;0.382
4919.1;0.32
4919.6;0.673
4920.1;0.583
4920.6;0.369
4921.1;0.63
4921.6;0.545
4922.1;0.111
4922.6;0.228
4923.1;0.155
4923.6;0.443
4924.1;0.453
4924.6;0.502
4925.1;0.206
4925.6;0.126
4926.1;0.349
4926.6;0.225
4927.1;0.256
4927.6;0.677
4928.1;0.277
4928.6;0.406
4929.1;0.253
4929.6;0.282
4930.1;0.548
4930.6;0.382
4931.1;0.834
4931.6;0.841
4932.1;0.378
4932.6;0.572
4933.1;0.439
4933.6;0.403
4934.1;0.623
4934.6;0.668
4935.1;0.695
4935.6;0.099
4936.1;0.524
4936.6;0.302
4937.1;0.629
4937.6;0.601
4938.1;0.543
4938.6;0.485
4939.1;0.661
4939.6;0.768
4940.1;0.546
4940.6;0.461
4941.1;0.082
4941.6;0.171
4942.1;0.553
4942.6;0.477
4943.1;0.297
4943.6;0.241
4944.1;0.537
4944.6;0.72
4945.1;0.382
4945.6;0.109
4946.1;0.362
4946.6;0.597
4947.1;0.773
4947.6;0.535
4948.1;0.027
4948.6;0.689
4949.1;0.632
4949.6;0.363
4950.1;0.675
4950.6;0.329
4951.1;0.733
4951.6;0.342
4952.1;0.407
4952.6;0.242
4953.1;0.65
4953.6;0.856
4954.1;0.873
4954.6;0.222
4955.1;0.185
4955.6;0.62
4956.1;0.783
4956.6;0.309
4957.1;0.452
4957.6;0.607
4958.1;0.489
4958.6;0.409
4959.1;0.462
4959.6;0.619
4960.1;0.907
4960.6;0.289
4961.1;0.725
4961.6;0.337
4962.1;0.147
4962.6;0.693
4963.1;0.798
4963.6;0.331
4964.1;0.624
4964.6;0.541
4965.1;0.51
4965.6;0.535
4966.1;0.505
4966.6;0.353
4967.1;0.914
4967.6;0.251
4968.1;0.839
4968.6;0.524
4969.1;0.633
4969.6;0.761
4970.1;0.573
4970.6;0.376
4971.1;0.208
4971.6;0.71
4972.1;0.59
4972.6;0.779
4973.1;0.443
4973.6;0.053
4974.1;0.722
4974.6;0.347
4975.1;0.276
4975.6;0.678
4976.1;0.646
4976.6;0.163
4977.1;0.122
4977.6;0.22
4978.1;0.794
4978.6;0.777
4979.1;0.311
4979.6;0.303
4980.1;0.476
4980.6;0.117
4981.1;0.633
4981.6;0.64
4982.1;0.201
4982.6;0.688
4983.1;0.915
4983.6;0.673
4984.1;0.392
4984.6;0.301
4985.1;0.655
4985.6;0.653
4986.1;0.63
4986.6;0.674
4987.1;0.524
4987.6;0.887
4988.1;0.66
4988.6;0.302
4989.1;0.062
4989.6;0.578
4990.1;0.242
4990.6;0.828
4991.1;0.528
4991.6;0.092
4992.1;0.463
4992.6;0.524
4993.1;0.351
4993.6;0.18
4994.1;0.086
4994.6;0.583
4995.1;0.745
4995.6;0.759
4996.1;0.337
4996.6;0.241
4997.1;0.509
4997.6;0.371
4998.1;0.54
4998.6;0.264
4999.1;0.851
4999.6;0.634
5000.1;0.592
5000.6;0.719
5001.1;0.781
5001.6;0.229
5002.1;0.619
5002.6;0.231
5003.1;0.489
5003.6;0.625
5004.1;0.721
5004.6;0.345
5005.1;0.931
5005.6;0.461
5006.1;0.551
5006.6;0.459
5007.1;0.384
5007.6;0.238
5008.1;0.361
5008.6;0.369
5009.1;0.255
5009.6;0.455
5010.1;0.539
5010.6;0.819
5011.1;0.535
5011.6;0.433
5012.1;0.348
5012.6;0.279
5013.1;0.485
5013.6;0.482
5014.1;0.56
5014.6;0.416
5015.1;0.879
5015.6;0.517
5016.1;0.773
5016.6;0.249
5017.1;0.176
5017.6;0.321
5018.1;0.689
5018.6;0.461
5019.1;0.322
5019.6;0.424
5020.1;0.254
5020.6;0.543
5021.1;0.235
5021.6;0.089
5022.1;0.162
5022.6;0.588
5023.1;0.864
5023.6;0.628
5024.1;0.653
5024.6;0.51
5025.1;0.321
5025.6;0.552
5026.1;0.369
5026.6;0.499
5027.1;0.371
5027.6;0.55
5028.1;0.308
5028.6;0.428
5029.1;0.203
5029.6;0.776
5030.1;0.597
5030.6;0.321
5031.1;0.307
5031.6;0.461
5032.1;0.874
5032.6;0.554
5033.1;0.161
5033.6;1.332
5034.1;0.537
5034.6;0.31
5035.1;0.583
5035.6;0.556
5036.1;0.513
5036.6;0.259
5037.1;0.207
5037.6;0.445
5038.1;0.909
5038.6;0.672
5039.1;0.493
5039.6;0.782
5040.1;0.485
5040.6;0.535
5041.1;0.414
5041.6;0.076
5042.1;0.666
5042.6;0.709
5043.1;0.262
5043.6;1.36
5044.1;0.653
5044.6;0.61
5045.1;0.314
5045.6;0.789
5046.1;0.932
5046.6;0.653
5047.1;0.149
5047.6;1.188
5048.1;1.424
5048.6;0.165
5049.1;1.11
5049.6;0.368
5050.1;1.157
5050.6;0.713
5051.1;1.056
5051.6;0.817
5052.1;1.414
5052.6;1.904
5053.1;1.078
5053.6;1.489
5054.1;1.191
5054.6;0.837
5055.1;1.115
5055.6;0.68
5056.1;0.485
5056.6;1.219
5057.1;0.164
5057.6;1.155
5058.1;0.28
5058.6;1.239
5059.1;0.892
5059.6;0.786
5060.1;0.817
5060.6;1.025
5061.1;0.793
5061.6;0.266
5062.1;0.782
5062.6;1.281
5063.1;0.569
5063.6;0.257
5064.1;0.696
5064.6;0.952
5065.1;0.532
5065.6;0.73
5066.1;0.153
5066.6;0.699
5067.1;0.857
5067.6;0.614
5068.1;0.226
5068.6;0.816
5069.1;0.627
5069.6;0.423
5070.1;0.747
5070.6;0.294
5071.1;1.441
5071.6;0.85
5072.1;0.355
5072.6;0.21
5073.1;0.455
5073.6;0.261
5074.1;0.84
5074.6;0.796
5075.1;0.42
5075.6;1.684
5076.1;0.877
5076.6;0.424
5077.1;0.791
5077.6;1.311
5078.1;0.638
5078.6;0.303
5079.1;0.148
5079.6;0.383
5080.1;1.497
5080.6;1.245
5081.1;0.9
5081.6;0.664
5082.1;1.064
5082.6;1.788
5083.1;0.975
5083.6;0.395
5084.1;0.094
5084.6;0.999
5085.1;0.835
5085.6;0.411
5086.1;0.397
5086.6;1.348
5087.1;1.264
5087.6;0.18
5088.1;1.054
5088.6;0.469
5089.1;0.279
5089.6;1.213
5090.1;0.523
5090.6;0.384
5091.1;0.878
5091.6;1.597
5092.1;1.11
5092.6;1.296
5093.1;1.031
5093.6;0.752
5094.1;0.612
5094.6;1.173
5095.1;0.879
5095.6;0.666
5096.1;0.793
5096.6;1.328
5097.1;1.578
5097.6;0.714
5098.1;0.435
5098.6;1.278
5099.1;0.642
5099.6;1.106
5100.1;0.314
5100.6;1.228
5101.1;1.231
5101.6;1.144
5102.1;0.382
5102.6;0.535
5103.1;0.621
5103.6;0.915
5104.1;0.601
5104.6;0.401
5105.1;1.078
5105.6;2.335
5106.1;1.626
5106.6;0.986
5107.1;0.535
5107.6;1.561
5108.1;1.142
5108.6;1.128
5109.1;0.318
5109.6;1.08
5110.1;2.144
5110.6;1.457
5111.1;2.187
5111.6;2.268
5112.1;1.153
5112.6;0.779
5113.1;0.599
5113.6;0.954
5114.1;1.072
5114.6;0.707
5115.1;0.978
5115.6;1.297
5116.1;1.343
5116.6;0.598
5117.1;1.106
5117.6;1.659
5118.1;1.456
5118.6;0.595
5119.1;2.413
5119.6;3.381
5120.1;3.893
5120.6;3.668
5121.1;1.68
5121.6;1.612
5122.1;2.834
5122.6;3.789
5123.1;4.085
5123.6;3.387
5124.1;1.89
5124.6;3.63
5125.1;5.107
5125.6;6.195
5126.1;6.084
5126.6;5.067
5127.1;5.347
5127.6;9.088
5128.1;12.002
5128.6;12.501
5129.1;8.727
5129.6;8.069
5130.1;12.99
5130.6;14.416
5131.1;11.395
5131.6;5.607
5132.1;10.755
5132.6;12.111
5133.1;7.687
5133.6;2.613
5134.1;7.353
5134.6;8.293
5135.1;4.428
5135.6;2.685
5136.1;6.861
5136.6;6.314
5137.1;2.381
5137.6;2.439
5138.1;5.298
5138.6;4.237
5139.1;1.828
5139.6;3.371
5140.1;5.156
5140.6;3.461
5141.1;1.349
5141.6;5.543
5142.1;7.434
5142.6;4.183
5143.1;2.531
5143.6;5.295
5144.1;5.81
5144.6;1.254
5145.1;2.039
5145.6;4.444
5146.1;2.032
5146.6;3.372
5147.1;6.006
5147.6;3.723
5148.1;1.589
5148.6;5.667
5149.1;4.983
5149.6;1.151
5150.1;3.991
5150.6;4.8
5151.1;0.982
5151.6;3.42
5152.1;5.055
5152.6;0.544
5153.1;3.98
5153.6;4.29
5154.1;0.838
5154.6;3.674
5155.1;5.479
5155.6;2.906
5156.1;3.06
5156.6;5.182
5157.1;3.011
5157.6;1.819
5158.1;4.27
5158.6;3.28
5159.1;2.197
5159.6;5.454
5160.1;4.765
5160.6;0.733
5161.1;2.738
5161.6;2.393
5162.1;0.903
5162.6;3.213
5163.1;3.458
5163.6;1.782
5164.1;3.875
5164.6;3.724
5165.1;1.03
5165.6;2.191
5166.1;3.251
5166.6;0.734
5167.1;3.425
5167.6;1.723
5168.1;2.244
5168.6;3.853
5169.1;3.281
5169.6;0.796
5170.1;2.797
5170.6;2.972
5171.1;0.353
5171.6;1.59
5172.1;0.658
5172.6;1.701
5173.1;1.341
5173.6;1.067
5174.1;0.968
5174.6;3.588
5175.1;2.207
5175.6;1.33
5176.1;1.171
5176.6;1.535
5177.1;3.026
5177.6;1.763
5178.1;0.717
5178.6;1.998
5179.1;4.112
5179.6;2.715
5180.1;2.541
5180.6;0.779
5181.1;2.485
5181.6;1.757
5182.1;2.09
5182.6;3.929
5183.1;1.554
5183.6;5.246
5184.1;5.297
5184.6;5.35
5185.1;1.547
5185.6;2.604
5186.1;2.801
5186.6;3.739
5187.1;5.765
5187.6;9.649
5188.1;12.871
5188.6;15.804
5189.1;14.14
5189.6;15.328
5190.1;13.326
5190.6;9.527
5191.1;5.27
5191.6;6.462
5192.1;2.976
5192.6;2.676
5193.1;4.357
5193.6;0.714
5194.1;1.469
5194.6;0.335
5195.1;1.984
5195.6;3.143
5196.1;3.665
5196.6;1.497
5197.1;1.399
5197.6;1.27
5198.1;1.392
5198.6;1.553
5199.1;4.204
5199.6;4.408
5200.1;0.997
5200.6;1.933
5201.1;1.586
5201.6;2.046
5202.1;3.311
5202.6;2.882
5203.1;2.488
5203.6;0.971
5204.1;3.186
5204.6;1.383
5205.1;1.613
5205.6;2.716
5206.1;1.675
5206.6;1.777
5207.1;2.28
5207.6;1.916
5208.1;3.277
5208.6;2.971
5209.1;1.399
5209.6;1.752
5210.1;4.155
5210.6;5.168
5211.1;2.924
5211.6;5.825
5212.1;7.215
5212.6;7.983
5213.1;3.496
5213.6;9.221
5214.1;8.415
5214.6;11.128
5215.1;9.37
5215.6;9.373
5216.1;10.005
5216.6;8.363
5217.1;7.044
5217.6;6.411
5218.1;10.674
5218.6;8.073
5219.1;6.741
5219.6;5.7
5220.1;9.124
5220.6;5.773
5221.1;3.427
5221.6;7.318
5222.1;6.983
5222.6;5.263
5223.1;4.42
5223.6;6.07
5224.1;3.756
5224.6;2.148
5225.1;4.865
5225.6;3.063
5226.1;0.629
5226.6;5.79
5227.1;5.331
5227.6;4.13
5228.1;5.056
5228.6;6.616
5229.1;3.399
5229.6;0.961
5230.1;4.42
5230.6;2.682
5231.1;2.141
5231.6;7.689
5232.1;6.544
5232.6;2.092
5233.1;1.765
5233.6;2.071
5234.1;2.988
5234.6;6.575
5235.1;9.412
5235.6;7.908
5236.1;3.073
5236.6;3.668
5237.1;5.653
5237.6;5.066
5238.1;6.591
5238.6;2.399
5239.1;3.089
5239.6;2.505
5240.1;2.169
5240.6;2.567
5241.1;5.039
5241.6;8.627
5242.1;8.31
5242.6;11.619
5243.1;9.816
5243.6;5.399
5244.1;10.46
5244.6;9.001
5245.1;3.678
5245.6;3.48
5246.1;4.312
5246.6;5.037
5247.1;4.696
5247.6;7.485
5248.1;9.735
5248.6;9.76
5249.1;12.913
5249.6;15.524
5250.1;14.842
5250.6;14.107
5251.1;12.49
5251.6;12.422
5252.1;12.088
5252.6;10.443
5253.1;5.673
5253.6;5.826
5254.1;5.052
5254.6;2.918
5255.1;1.957
5255.6;2.275
5256.1;3.272
5256.6;2.582
5257.1;0.955
5257.6;1.678
5258.1;2.706
5258.6;2.104
5259.1;0.804
5259.6;0.797
5260.1;1.738
5260.6;1.193
5261.1;2.327
5261.6;1.62
5262.1;1.312
5262.6;1.439
5263.1;0.533
5263.6;1.353
5264.1;0.677
5264.6;1.089
5265.1;1.769
5265.6;1.186
5266.1;1.028
5266.6;0.848
5267.1;0.654
5267.6;1.459
5268.1;1.978
5268.6;1.385
5269.1;1.921
5269.6;1.872
5270.1;1.22
5270.6;1.018
5271.1;0.116
5271.6;0.954
5272.1;1.36
5272.6;0.786
5273.1;0.541
5273.6;0.259
5274.1;0.531
5274.6;1.019
5275.1;0.303
5275.6;0.843
5276.1;0.785
5276.6;0.575
5277.1;1.235
5277.6;1.641
5278.1;1.105
5278.6;0.379
5279.1;1.611
5279.6;0.608
5280.1;0.259
5280.6;0.063
5281.1;1.005
5281.6;0.646
5282.1;0.536
5282.6;0.735
5283.1;0.024
5283.6;0.219
5284.1;0.612
5284.6;0.514
5285.1;0.789
5285.6;1.186
5286.1;0.739
5286.6;0.93
5287.1;1.099
5287.6;0.121
5288.1;0.363
5288.6;0.722
5289.1;0.707
5289.6;0.445
5290.1;0.23
5290.6;0.548
5291.1;0.505
5291.6;0.151
5292.1;0.712
5292.6;0.492
5293.1;0.711
5293.6;0.728
5294.1;0.457
5294.6;0.096
5295.1;0.615
5295.6;0.139
5296.1;0.473
5296.6;0.945
5297.1;0.603
5297.6;0.627
5298.1;0.494
5298.6;0.884
5299.1;0.624
5299.6;0.434
5300.1;0.283
5300.6;0.879
5301.1;0.229
5301.6;0.501
5302.1;0.099
5302.6;0.248
5303.1;0.396
5303.6;0.305
5304.1;0.784
5304.6;0.161
5305.1;0.399
5305.6;0.585
5306.1;0.164
5306.6;0.241
5307.1;0.075
5307.6;0.331
5308.1;0.383
5308.6;0.657
5309.1;0.177
5309.6;0.256
5310.1;0.398
5310.6;0.568
5311.1;0.434
5311.6;0.157
5312.1;0.116
5312.6;0.244
5313.1;0.734
5313.6;0.856
5314.1;0.132
5314.6;0.726
5315.1;0.501
5315.6;0.197
5316.1;0.596
5316.6;0.286
5317.1;0.301
5317.6;0.264
5318.1;0.313
5318.6;0.129
5319.1;0.431
5319.6;0.414
5320.1;0.757
5320.6;0.565
5321.1;0.594
5321.6;0.063
5322.1;0.363
5322.6;0.656
5323.1;0.697
5323.6;0.547
5324.1;0.194
5324.6;0.32
5325.1;0.206
5325.6;0.372
5326.1;0.564
5326.6;0.555
5327.1;0.353
5327.6;0.257
5328.1;0.434
5328.6;0.423
5329.1;0.91
5329.6;0.827
5330.1;0.333
5330.6;0.286
5331.1;0.544
5331.6;0.622
5332.1;1.213
5332.6;0.824
5333.1;0.562
5333.6;0.423
5334.1;0.215
5334.6;0.192
5335.1;0.739
5335.6;0.709
5336.1;0.621
5336.6;0.804
5337.1;0.215
5337.6;0.27
5338.1;0.434
5338.6;0.584
5339.1;0.525
5339.6;0.477
5340.1;0.134
5340.6;0.086
5341.1;0.114
5341.6;0.428
5342.1;0.123
5342.6;0.463
5343.1;0.266
5343.6;0.161
5344.1;0.334
5344.6;0.67
5345.1;0.259
5345.6;0.43
5346.1;0.247
5346.6;0.516
5347.1;0.497
5347.6;0.465
5348.1;0.744
5348.6;0.34
5349.1;0.335
5349.6;0.491
5350.1;0.513
5350.6;0.705
5351.1;0.839
5351.6;0.46
5352.1;0.178
5352.6;0.471
5353.1;0.293
5353.6;0.341
5354.1;0.151
5354.6;0.17
5355.1;0.432
5355.6;0.317
5356.1;0.205
5356.6;0.644
5357.1;0.244
5357.6;0.185
5358.1;0.356
5358.6;0.159
5359.1;0.614
5359.6;0.53
5360.1;0.546
5360.6;0.651
5361.1;0.675
5361.6;0.331
5362.1;0.526
5362.6;0.816
5363.1;0.727
5363.6;0.891
5364.1;0.484
5364.6;0.631
5365.1;0.467
5365.6;0.571
5366.1;0.792
5366.6;0.956
5367.1;0.62
5367.6;0.639
5368.1;0.288
5368.6;0.526
5369.1;0.471
5369.6;0.44
5370.1;0.297
5370.6;0.452
5371.1;0.401
5371.6;0.114
5372.1;0.346
5372.6;0.393
5373.1;0.319
5373.6;0.335
5374.1;0.647
5374.6;0.854
5375.1;0.751
5375.6;0.72
5376.1;0.489
5376.6;0.713
5377.1;0.811
5377.6;0.898
5378.1;0.935
5378.6;0.922
5379.1;0.66
5379.6;0.589
5380.1;0.293
5380.6;0.403
5381.1;0.602
5381.6;0.689
5382.1;1.1
5382.6;0.924
5383.1;0.698
5383.6;0.564
5384.1;0.767
5384.6;0.711
5385.1;1.449
5385.6;1.126
5386.1;1.03
5386.6;0.58
5387.1;0.135
5387.6;0.324
5388.1;0.525
5388.6;0.521
5389.1;0.524
5389.6;0.134
5390.1;0.213
5390.6;0.225
5391.1;0.424
5391.6;0.236
5392.1;0.3
5392.6;0.58
5393.1;0.495
5393.6;0.592
5394.1;1.355
5394.6;1.009
5395.1;1.062
5395.6;1.068
5396.1;1.095
5396.6;1.162
5397.1;1.233
5397.6;1.172
5398.1;1.599
5398.6;1.684
5399.1;1.206
5399.6;1.187
5400.1;1.137
5400.6;1.644
5401.1;1.53
5401.6;1.544
5402.1;1.535
5402.6;1.266
5403.1;1.018
5403.6;1.052
5404.1;1.585
5404.6;1.718
5405.1;1.626
5405.6;1.076
5406.1;1.224
5406.6;0.892
5407.1;1.145
5407.6;1.625
5408.1;1.392
5408.6;1.419
5409.1;1.071
5409.6;1.017
5410.1;1.083
5410.6;0.978
5411.1;1.074
5411.6;0.995
5412.1;1.015
5412.6;0.795
5413.1;0.929
5413.6;0.301
5414.1;0.826
5414.6;0.642
5415.1;0.649
5415.6;0.875
5416.1;0.84
5416.6;0.79
5417.1;0.63
5417.6;0.684
5418.1;0.568
5418.6;0.411
5419.1;0.414
5419.6;0.643
5420.1;0.799
5420.6;0.674
5421.1;0.272
5421.6;0.345
5422.1;0.396
5422.6;0.482
5423.1;0.432
5423.6;0.947
5424.1;1.185
5424.6;1.01
5425.1;1.214
5425.6;0.24
5426.1;0.577
5426.6;0.579
5427.1;1.013
5427.6;0.643
5428.1;0.528
5428.6;0.289
5429.1;0.314
5429.6;0.62
5430.1;0.498
5430.6;0.787
5431.1;0.977
5431.6;1.01
5432.1;0.726
5432.6;0.24
5433.1;0.332
5433.6;0.71
5434.1;0.462
5434.6;0.534
5435.1;0.484
5435.6;0.417
5436.1;0.52
5436.6;0.292
5437.1;0.133
5437.6;0.448
5438.1;0.258
5438.6;0.294
5439.1;0.106
5439.6;0.183
5440.1;0.17
5440.6;0.201
5441.1;0.32
5441.6;0.866
5442.1;0.375
5442.6;0.546
5443.1;0.697
5443.6;0.519
5444.1;0.254
5444.6;0.542
5445.1;0.408
5445.6;0.631
5446.1;0.467
5446.6;0.453
5447.1;0.34
5447.6;0.323
5448.1;0.4
5448.6;0.703
5449.1;0.458
5449.6;0.732
5450.1;0.65
5450.6;0.579
5451.1;0.194
5451.6;0.07
5452.1;0.135
5452.6;0.802
5453.1;0.38
5453.6;0.624
5454.1;0.21
5454.6;0.624
5455.1;0.35
5455.6;0.384
5456.1;0.398
5456.6;0.378
5457.1;0.354
5457.6;0.364
5458.1;0.273
5458.6;0.283
5459.1;0.466
5459.6;0.395
5460.1;0.39
5460.6;0.455
5461.1;0.249
5461.6;0.522
5462.1;0.262
5462.6;0.395
5463.1;0.15
5463.6;0.302
5464.1;0.342
5464.6;0.615
5465.1;0.514
5465.6;0.712
5466.1;0.447
5466.6;0.419
5467.1;0.309
5467.6;0.358
5468.1;0.153
5468.6;0.372
5469.1;0.263
5469.6;0.404
5470.1;0.207
5470.6;0.447
5471.1;0.474
5471.6;0.601
5472.1;0.482
5472.6;0.923
5473.1;0.452
5473.6;0.45
5474.1;0.647
5474.6;0.391
5475.1;0.252
5475.6;0.336
5476.1;0.323
5476.6;0.162
5477.1;0.452
5477.6;0.225
5478.1;0.141
5478.6;0.287
5479.1;0.229
5479.6;0.307
5480.1;0.228
5480.6;0.684
5481.1;0.426
5481.6;0.453
5482.1;0.295
5482.6;0.406
5483.1;0.492
5483.6;0.454
5484.1;0.11
5484.6;0.627
5485.1;0.468
5485.6;0.442
5486.1;0.477
5486.6;0.411
5487.1;0.55
5487.6;0.216
5488.1;0.36
5488.6;0.55
5489.1;0.393
5489.6;0.422
5490.1;0.38
5490.6;0.17
5491.1;0.743
5491.6;0.207
5492.1;0.31
5492.6;0.292
5493.1;0.332
5493.6;0.429
5494.1;0.134
5494.6;0.227
5495.1;0.564
5495.6;0.333
5496.1;0.349
5496.6;0.497
5497.1;0.522
5497.6;0.201
5498.1;0.209
5498.6;0.455
5499.1;0.673
5499.6;0.505
5500.1;0.446
5500.6;0.369
5501.1;0.275
5501.6;0.079
5502.1;0.264
5502.6;0.361
5503.1;0.563
5503.6;0.157
5504.1;0.293
5504.6;0.781
5505.1;0.616
5505.6;0.284
5506.1;0.232
5506.6;0.365
5507.1;0.375
5507.6;0.145
5508.1;0.489
5508.6;0.513
5509.1;0.513
5509.6;0.161
5510.1;0.047
5510.6;0.431
5511.1;0.623
5511.6;0.213
5512.1;0.305
5512.6;0.946
5513.1;0.459
5513.6;0.699
5514.1;0.429
5514.6;0.507
5515.1;0.771
5515.6;0.393
5516.1;0.466
5516.6;0.438
5517.1;0.483
5517.6;0.67
5518.1;0.158
5518.6;0.649
5519.1;0.828
5519.6;0.473
5520.1;0.227
5520.6;0.229
5521.1;0.587
5521.6;0.463
5522.1;0.575
5522.6;0.388
5523.1;0.551
5523.6;0.565
5524.1;0.412
5524.6;0.549
5525.1;0.23
5525.6;0.523
5526.1;0.695
5526.6;0.71
5527.1;0.417
5527.6;0.883
5528.1;0.275
5528.6;0.382
5529.1;0.538
5529.6;0.425
5530.1;1.101
5530.6;0.46
5531.1;0.207
5531.6;0.492
5532.1;1.084
5532.6;1.075
5533.1;0.693
5533.6;0.307
5534.1;0.787
5534.6;0.405
5535.1;0.358
5535.6;0.407
5536.1;0.192
5536.6;0.624
5537.1;0.958
5537.6;0.42
5538.1;0.459
5538.6;0.605
5539.1;0.682
5539.6;0.304
5540.1;0.379
5540.6;0.411
5541.1;0.499
5541.6;0.994
5542.1;1.172
5542.6;0.834
5543.1;0.947
5543.6;0.961
5544.1;0.781
5544.6;1.044
5545.1;1.316
5545.6;1.098
5546.1;1.194
5546.6;1.187
5547.1;1.302
5547.6;0.976
5548.1;1.425
5548.6;0.95
5549.1;0.714
5549.6;0.81
5550.1;1.605
5550.6;1.377
5551.1;1.649
5551.6;1.554
5552.1;1.934
5552.6;2.227
5553.1;2.848
5553.6;2.662
5554.1;2.878
5554.6;3.451
5555.1;3.808
5555.6;4.397
5556.1;4.264
5556.6;4.01
5557.1;4.057
5557.6;3.694
5558.1;3.298
5558.6;3.446
5559.1;2.799
5559.6;2.116
5560.1;1.832
5560.6;2.074
5561.1;2.411
5561.6;2.085
5562.1;2.33
5562.6;2.778
5563.1;2.493
5563.6;2.688
5564.1;2.375
5564.6;2.585
5565.1;2.095
5565.6;2.006
5566.1;1.745
5566.6;1.61
5567.1;1.663
5567.6;1.519
5568.1;1.794
5568.6;2.046
5569.1;2.136
5569.6;2.008
5570.1;1.804
5570.6;1.665
5571.1;1.094
5571.6;1.211
5572.1;1.12
5572.6;1.159
5573.1;1.242
5573.6;1.325
5574.1;1.352
5574.6;1.357
5575.1;1.176
5575.6;0.839
5576.1;0.416
5576.6;0.601
5577.1;0.679
5577.6;0.502
5578.1;1.016
5578.6;1.146
5579.1;0.563
5579.6;0.655
5580.1;0.758
5580.6;0.741
5581.1;0.723
5581.6;0.858
5582.1;0.989
5582.6;1.042
5583.1;0.73
5583.6;1.043
5584.1;1.113
5584.6;1.096
5585.1;1.218
5585.6;1.19
5586.1;1.412
5586.6;1.654
5587.1;1.327
5587.6;1.278
5588.1;0.903
5588.6;0.828
5589.1;0.892
5589.6;0.683
5590.1;0.747
5590.6;0.931
5591.1;1.052
5591.6;0.871
5592.1;0.771
5592.6;0.626
5593.1;0.725
5593.6;0.532
5594.1;0.636
5594.6;0.439
5595.1;0.31
5595.6;0.307
5596.1;0.525
5596.6;0.605
5597.1;0.602
5597.6;0.319
5598.1;0.57
5598.6;0.294
5599.1;0.358
5599.6;0.136
5600.1;0.296
5600.6;0.221
5601.1;0.652
5601.6;0.502
5602.1;0.384
5602.6;0.207
5603.1;0.14
5603.6;0.3
5604.1;0.814
5604.6;0.818
5605.1;0.628
5605.6;0.412
5606.1;0.627
5606.6;0.271
5607.1;0.214
5607.6;0.287
5608.1;0.286
5608.6;0.474
5609.1;0.266
5609.6;0.349
5610.1;0.08
5610.6;0.105
5611.1;0.288
5611.6;0.469
5612.1;0.202
5612.6;0.396
5613.1;0.364
5613.6;0.14
5614.1;0.31
5614.6;0.327
5615.1;0.114
5615.6;0.228
5616.1;0.334
5616.6;0.124
5617.1;0.147
5617.6;0.062
5618.1;0.199
5618.6;0.143
5619.1;0.302
5619.6;0.072
5620.1;0.229
5620.6;0.136
5621.1;0.258
5621.6;0.237
5622.1;0.264
5622.6;0.039
5623.1;0.171
5623.6;0.436
5624.1;0.464
5624.6;0.126
5625.1;0.402
5625.6;0.09
5626.1;0.133
5626.6;0.522
5627.1;0.278
5627.6;0.365
5628.1;0.191
5628.6;0.275
5629.1;0.727
5629.6;0.246
5630.1;0.112
5630.6;0.245
5631.1;0.366
5631.6;0.133
5632.1;0.061
5632.6;0.441
5633.1;0.627
5633.6;0.692
5634.1;0.239
5634.6;0.211
5635.1;0.61
5635.6;0.091
5636.1;0.794
5636.6;0.369
5637.1;0.293
5637.6;0.143
5638.1;0.443
5638.6;0.499
5639.1;0.274
5639.6;0.237
5640.1;0.319
5640.6;0.283
5641.1;0.167
5641.6;0.25
5642.1;0.226
5642.6;0.478
5643.1;0.343
5643.6;0.319
5644.1;0.421
5644.6;0.293
5645.1;0.279
5645.6;0.353
5646.1;0.183
5646.6;0.247
5647.1;0.53
5647.6;0.275
5648.1;0.254
5648.6;0.265
5649.1;0.376
5649.6;0.306
5650.1;0.246
5650.6;0.331
5651.1;0.442
5651.6;0.346
5652.1;0.228
5652.6;0.344
5653.1;0.609
5653.6;0.219
5654.1;0.263
5654.6;0.517
5655.1;0.35
5655.6;0.287
5656.1;0.538
5656.6;0.564
5657.1;0.109
5657.6;0.384
5658.1;0.696
5658.6;0.199
5659.1;0.272
5659.6;0.693
5660.1;0.344
5660.6;0.362
5661.1;0.377
5661.6;0.487
5662.1;0.332
5662.6;0.085
5663.1;0.558
5663.6;0.099
5664.1;0.41
5664.6;0.724
5665.1;0.232
5665.6;0.344
5666.1;0.549
5666.6;0.275
5667.1;0.374
5667.6;0.144
5668.1;0.428
5668.6;0.396
5669.1;0.467
5669.6;0.135
5670.1;0.177
5670.6;0.526
5671.1;0.399
5671.6;0.563
5672.1;0.52
5672.6;0.259
5673.1;0.525
5673.6;0.448
5674.1;0.383
5674.6;0.776
5675.1;0.289
5675.6;0.302
5676.1;0.833
5676.6;0.206
5677.1;0.26
5677.6;0.556
5678.1;0.391
5678.6;0.468
5679.1;0.567
5679.6;0.432
5680.1;0.443
5680.6;0.653
5681.1;1.153
5681.6;0.55
5682.1;0.668
5682.6;0.975
5683.1;0.35
5683.6;1.082
5684.1;0.631
5684.6;0.363
5685.1;0.452
5685.6;0.153
5686.1;0.2
5686.6;0.706
5687.1;0.205
5687.6;0.465
5688.1;0.345
5688.6;0.633
5689.1;0.457
5689.6;0.849
5690.1;1.069
5690.6;0.793
5691.1;1.554
5691.6;1.737
5692.1;0.891
5692.6;1.7
5693.1;0.681
5693.6;0.711
5694.1;0.349
5694.6;1.994
5695.1;1.047
5695.6;2.235
5696.1;1.347
5696.6;0.87
5697.1;0.678
5697.6;1.737
5698.1;1.295
5698.6;2.55
5699.1;2.924
5699.6;2.216
5700.1;2.764
5700.6;0.561
5701.1;2.133
5701.6;2.752
5702.1;4.99
5702.6;4.154
5703.1;6.674
5703.6;4.984
5704.1;4.324
5704.6;4.278
5705.1;2.178
5705.6;3.488
5706.1;6.015
5706.6;9.825
5707.1;9.046
5707.6;12.929
5708.1;10.24
5708.6;10.713
5709.1;9.054
5709.6;5.35
5710.1;5.59
5710.6;2.098
5711.1;0.642
5711.6;2.218
5712.1;1.718
5712.6;1.06
5713.1;0.791
5713.6;2.002
5714.1;1.173
5714.6;1.722
5715.1;2.224
5715.6;0.587
5716.1;1.542
5716.6;1.096
5717.1;0.858
5717.6;0.724
5718.1;2.913
5718.6;1.298
5719.1;2.41
5719.6;1.734
5720.1;0.642
5720.6;0.506
5721.1;1.766
5721.6;1.454
5722.1;1.155
5722.6;2.067
5723.1;1.193
5723.6;1.093
5724.1;0.669
5724.6;1.658
5725.1;1.736
5725.6;0.699
5726.1;2.609
5726.6;0.323
5727.1;1.327
5727.6;0.714
5728.1;2.497
5728.6;0.585
5729.1;2.172
5729.6;1.802
5730.1;1.003
5730.6;1.175
5731.1;1.566
5731.6;0.777
5732.1;1.044
5732.6;0.847
5733.1;0.465
5733.6;0.582
5734.1;0.319
5734.6;1.136
5735.1;0.542
5735.6;1.332
5736.1;0.639
5736.6;1.207
5737.1;0.263
5737.6;0.814
5738.1;0.866
5738.6;1.09
5739.1;0.829
5739.6;0.566
5740.1;0.961
5740.6;0.115
5741.1;1.162
5741.6;0.964
5742.1;1.318
5742.6;0.642
5743.1;0.863
5743.6;0.904
5744.1;1.044
5744.6;1.215
5745.1;0.12
5745.6;1.581
5746.1;0.371
5746.6;0.688
5747.1;0.452
5747.6;0.718
5748.1;0.209
5748.6;0.458
5749.1;0.163
5749.6;0.77
5750.1;0.75
5750.6;0.969
5751.1;0.476
5751.6;0.597
5752.1;0.632
5752.6;0.212
5753.1;0.734
5753.6;0.756
5754.1;0.406
5754.6;0.803
5755.1;0.382
5755.6;0.894
5756.1;0.281
5756.6;0.017
5757.1;0.619
5757.6;0.298
5758.1;0.609
5758.6;0.205
5759.1;0.797
5759.6;0.331
5760.1;0.634
5760.6;1.078
5761.1;0.14
5761.6;0.431
5762.1;0.511
5762.6;1.3
5763.1;0.858
5763.6;1.437
5764.1;0.257
5764.6;0.531
5765.1;1.615
5765.6;1.196
5766.1;1.134
5766.6;0.628
5767.1;0.726
5767.6;0.496
5768.1;0.452
5768.6;0.272
5769.1;0.078
5769.6;0.51
5770.1;0.883
5770.6;1.036
5771.1;0.276
5771.6;0.744
5772.1;0.664
5772.6;1.496
5773.1;1.395
5773.6;1.197
5774.1;0.5
5774.6;0.848
5775.1;0.615
5775.6;1.221
5776.1;0.305
5776.6;0.18
5777.1;1.183
5777.6;0.85
5778.1;0.954
5778.6;0.529
5779.1;0.639
5779.6;0.034
5780.1;0.885
5780.6;0.706
5781.1;0.63
5781.6;0.371
5782.1;0.486
5782.6;0.474
5783.1;0.766
5783.6;0.364
5784.1;0.824
5784.6;0.895
5785.1;0.775
5785.6;0.819
5786.1;0.78
5786.6;0.26
5787.1;0.34
5787.6;0.468
5788.1;1.143
5788.6;0.512
5789.1;0.882
5789.6;0.452
5790.1;1.558
5790.6;1.766
5791.1;0.92
5791.6;0.399
5792.1;0.791
5792.6;1.653
5793.1;1.083
5793.6;0.627
5794.1;1.905
5794.6;1.931
5795.1;0.645
5795.6;1.073
5796.1;1.985
5796.6;1.83
5797.1;1.657
5797.6;1.591
5798.1;2.972
5798.6;3.12
5799.1;0.808
5799.6;2.264
5800.1;3.043
5800.6;2.507
5801.1;1.012
5801.6;2.469
5802.1;2.352
5802.6;0.528
5803.1;2.221
5803.6;3.241
5804.1;1.176
5804.6;1.845
5805.1;3.169
5805.6;1.768
5806.1;1.5
5806.6;2.881
5807.1;2.245
5807.6;0.224
5808.1;2.353
5808.6;2.808
5809.1;0.783
5809.6;1.977
5810.1;2.805
5810.6;1.659
5811.1;1.313
5811.6;2.532
5812.1;2.0
5812.6;1.138
5813.1;2.164
5813.6;1.786
5814.1;1.662
5814.6;2.484
5815.1;2.87
5815.6;1.213
5816.1;1.841
5816.6;2.01
5817.1;0.794
5817.6;1.357
5818.1;2.042
5818.6;1.984
5819.1;2.332
5819.6;3.152
5820.1;3.546
5820.6;2.884
5821.1;3.409
5821.6;2.696
5822.1;1.379
5822.6;2.205
5823.1;2.356
5823.6;2.547
5824.1;2.688
5824.6;4.268
5825.1;4.789
5825.6;4.587
5826.1;5.621
5826.6;5.167
5827.1;4.184
5827.6;3.507
5828.1;2.222
5828.6;1.671
5829.1;1.303
5829.6;1.879
5830.1;2.056
5830.6;2.773
5831.1;3.351
5831.6;3.591
5832.1;4.325
5832.6;5.171
5833.1;5.846
5833.6;6.254
5834.1;5.821
5834.6;5.38
5835.1;5.029
5835.6;3.913
5836.1;4.118
5836.6;3.638
5837.1;3.436
5837.6;3.444
5838.1;2.844
5838.6;2.409
5839.1;2.167
5839.6;2.134
5840.1;1.986
5840.6;2.479
5841.1;2.004
5841.6;2.417
5842.1;2.022
5842.6;1.782
5843.1;1.305
5843.6;1.477
5844.1;0.766
5844.6;0.837
5845.1;0.336
5845.6;0.084
5846.1;0.45
5846.6;0.306
5847.1;0.534
5847.6;0.836
5848.1;0.915
5848.6;0.77
5849.1;0.789
5849.6;0.34
5850.1;0.035
5850.6;0.104
5851.1;0.45
5851.6;0.301
5852.1;0.337
5852.6;0.613
5853.1;0.856
5853.6;0.782
5854.1;0.985
5854.6;0.613
5855.1;0.538
5855.6;0.359
5856.1;0.149
5856.6;0.477
5857.1;0.555
5857.6;0.899
5858.1;0.684
5858.6;0.906
5859.1;0.681
5859.6;0.621
5860.1;0.507
5860.6;0.284
5861.1;0.548
5861.6;0.464
5862.1;0.43
5862.6;0.266
5863.1;0.062
5863.6;0.458
5864.1;0.484
5864.6;0.702
5865.1;0.192
5865.6;0.196
5866.1;0.229
5866.6;0.204
5867.1;0.165
5867.6;0.278
5868.1;0.655
5868.6;0.526
5869.1;0.534
5869.6;0.505
5870.1;0.444
5870.6;0.476
5871.1;0.383
5871.6;0.326
5872.1;0.198
5872.6;0.204
5873.1;0.466
5873.6;0.542
5874.1;0.831
5874.6;0.414
5875.1;0.306
5875.6;0.312
5876.1;0.166
5876.6;0.297
5877.1;0.269
5877.6;0.07
5878.1;0.173
5878.6;0.184
5879.1;0.436
5879.6;0.519
5880.1;0.534
5880.6;0.486
5881.1;0.301
5881.6;0.393
5882.1;0.31
5882.6;0.181
5883.1;0.44
5883.6;0.097
5884.1;0.121
5884.6;0.272
5885.1;0.35
5885.6;0.154
5886.1;0.209
5886.6;0.256
5887.1;0.378
5887.6;0.491
5888.1;0.538
5888.6;0.269
5889.1;0.155
5889.6;0.227
5890.1;0.13
5890.6;0.104
5891.1;0.031
5891.6;0.208
5892.1;0.13
5892.6;0.415
5893.1;0.341
5893.6;0.322
5894.1;0.241
5894.6;0.245
5895.1;0.185
5895.6;0.129
5896.1;0.113
5896.6;0.256
5897.1;0.088
5897.6;0.077
5898.1;0.584
5898.6;0.295
5899.1;0.419
5899.6;0.091
5900.1;0.05
5900.6;0.283
5901.1;0.373
5901.6;0.377
5902.1;0.132
5902.6;0.122
5903.1;0.163
5903.6;0.244
5904.1;0.275
5904.6;0.301
5905.1;0.464
5905.6;0.668
5906.1;0.518
5906.6;0.408
5907.1;0.26
5907.6;0.11
5908.1;0.367
5908.6;0.028
5909.1;0.287
5909.6;0.316
5910.1;0.298
5910.6;0.235
5911.1;0.131
5911.6;0.477
5912.1;0.32
5912.6;0.577
5913.1;0.458
5913.6;0.476
5914.1;0.734
5914.6;0.531
5915.1;0.305
5915.6;0.336
5916.1;0.406
5916.6;0.795
5917.1;0.865
5917.6;0.779
5918.1;0.574
5918.6;0.271
5919.1;0.277
5919.6;0.597
5920.1;0.491
5920.6;0.808
5921.1;0.396
5921.6;0.241
5922.1;0.036
5922.6;0.016
5923.1;0.134
5923.6;0.109
5924.1;0.191
5924.6;0.25
5925.1;0.069
5925.6;0.059
5926.1;0.173
5926.6;0.224
5927.1;0.282
5927.6;0.253
5928.1;0.202
5928.6;0.446
5929.1;0.155
5929.6;0.127
5930.1;0.264
5930.6;0.178
5931.1;0.131
5931.6;0.402
5932.1;0.539
5932.6;0.732
5933.1;0.88
5933.6;0.57
5934.1;0.379
5934.6;0.129
5935.1;0.084
5935.6;0.553
5936.1;0.534
5936.6;0.697
5937.1;0.278
5937.6;0.303
5938.1;0.08
5938.6;0.394
5939.1;0.19
5939.6;0.434
5940.1;0.403
5940.6;0.338
5941.1;0.548
5941.6;0.517
5942.1;0.43
5942.6;0.215
5943.1;0.337
5943.6;0.412
5944.1;0.951
5944.6;0.88
5945.1;0.817
5945.6;0.539
5946.1;0.311
5946.6;0.499
5947.1;0.688
5947.6;0.92
5948.1;1.024
5948.6;0.627
5949.1;0.329
5949.6;0.28
5950.1;0.744
5950.6;0.696
5951.1;0.452
5951.6;0.534
5952.1;0.408
5952.6;0.086
5953.1;0.077
5953.6;0.204
5954.1;0.266
5954.6;0.399
5955.1;0.378
5955.6;0.4
5956.1;0.478
5956.6;0.311
5957.1;0.328
5957.6;0.57
5958.1;0.092
5958.6;0.14
5959.1;0.424
5959.6;0.464
5960.1;0.584
5960.6;0.217
5961.1;0.24
5961.6;0.209
5962.1;0.592
5962.6;0.429
5963.1;0.347
5963.6;0.593
5964.1;0.674
5964.6;0.523
5965.1;0.526
5965.6;0.278
5966.1;0.832
5966.6;0.724
5967.1;0.938
5967.6;0.822
5968.1;0.224
5968.6;0.424
5969.1;0.46
5969.6;0.24
5970.1;0.816
5970.6;0.301
5971.1;0.662
5971.6;0.408
5972.1;0.443
5972.6;0.687
5973.1;0.649
5973.6;0.805
5974.1;0.825
5974.6;0.464
5975.1;0.646
5975.6;0.634
5976.1;0.773
5976.6;0.614
5977.1;0.294
5977.6;0.194
5978.1;0.758
5978.6;1.023
5979.1;1.291
5979.6;1.319
5980.1;1.676
5980.6;1.189
5981.1;1.325
5981.6;1.949
5982.1;2.693
5982.6;2.933
5983.1;2.648
5983.6;2.425
5984.1;2.809
5984.6;3.612
5985.1;3.565
5985.6;3.184
5986.1;2.246
5986.6;2.91
5987.1;3.631
5987.6;3.348
5988.1;2.478
5988.6;1.741
5989.1;2.833
5989.6;3.119
5990.1;2.209
5990.6;1.341
5991.1;1.994
5991.6;2.655
5992.1;2.344
5992.6;1.049
5993.1;1.283
5993.6;2.1
5994.1;2.043
5994.6;1.154
5995.1;1.101
5995.6;2.234
5996.1;2.132
5996.6;1.079
5997.1;1.106
5997.6;1.75
5998.1;1.526
5998.6;1.217
5999.1;1.108
5999.6;1.675
6000.1;1.482
6000.6;0.996
6001.1;0.989
6001.6;1.42
6002.1;1.524
6002.6;0.826
6003.1;0.559
6003.6;1.198
6004.1;1.273
6004.6;0.614
6005.1;0.6
6005.6;1.035
6006.1;0.984
6006.6;0.815
6007.1;0.289
6007.6;1.01
6008.1;1.077
6008.6;0.69
6009.1;0.551
6009.6;1.334
6010.1;1.266
6010.6;0.899
6011.1;0.502
6011.6;1.233
6012.1;1.232
6012.6;0.624
6013.1;0.274
6013.6;1.371
6014.1;1.565
6014.6;0.62
6015.1;0.4
6015.6;1.309
6016.1;1.425
6016.6;0.677
6017.1;1.032
6017.6;1.648
6018.1;1.544
6018.6;0.685
6019.1;0.871
6019.6;1.148
6020.1;1.135
6020.6;0.581
6021.1;0.732
6021.6;0.991
6022.1;0.454
6022.6;0.398
6023.1;1.004
6023.6;0.908
6024.1;0.469
6024.6;0.482
6025.1;0.68
6025.6;0.8
6026.1;0.104
6026.6;0.693
6027.1;1.019
6027.6;0.955
6028.1;0.571
6028.6;1.02
6029.1;1.395
6029.6;0.94
6030.1;0.595
6030.6;1.194
6031.1;1.115
6031.6;0.74
6032.1;0.585
6032.6;1.022
6033.1;0.845
6033.6;0.638
6034.1;0.497
6034.6;0.799
6035.1;0.712
6035.6;0.205
6036.1;0.618
6036.6;0.604
6037.1;0.489
6037.6;0.411
6038.1;0.485
6038.6;0.691
6039.1;0.374
6039.6;0.49
6040.1;0.685
6040.6;0.664
6041.1;0.334
6041.6;0.321
6042.1;0.738
6042.6;0.315
6043.1;0.565
6043.6;0.874
6044.1;0.74
6044.6;0.321
6045.1;0.514
6045.6;0.761
6046.1;0.523
6046.6;0.297
6047.1;0.709
6047.6;0.862
6048.1;0.547
6048.6;0.346
6049.1;0.742
6049.6;0.578
6050.1;0.295
6050.6;0.626
6051.1;0.683
6051.6;0.468
6052.1;0.038
6052.6;0.675
6053.1;0.56
6053.6;0.064
6054.1;0.47
6054.6;0.531
6055.1;0.336
6055.6;0.342
6056.1;0.377
6056.6;0.307
6057.1;0.042
6057.6;0.571
6058.1;0.587
6058.6;0.346
6059.1;0.107
6059.6;0.554
6060.1;0.507
6060.6;0.17
6061.1;0.499
6061.6;0.616
6062.1;0.434
6062.6;0.06
6063.1;0.451
6063.6;0.396
6064.1;0.196
6064.6;0.251
6065.1;0.309
6065.6;0.114
6066.1;0.12
6066.6;0.302
6067.1;0.175
6067.6;0.104
6068.1;0.085
6068.6;0.188
6069.1;0.224
6069.6;0.022
6070.1;0.176
6070.6;0.295
6071.1;0.17
6071.6;0.274
6072.1;0.406
6072.6;0.142
6073.1;0.286
6073.6;0.388
6074.1;0.299
6074.6;0.14
6075.1;0.178
6075.6;0.061
6076.1;0.073
6076.6;0.306
6077.1;0.25
6077.6;0.229
6078.1;0.135
6078.6;0.108
6079.1;0.139
6079.6;0.186
6080.1;0.339
6080.6;0.62
6081.1;0.248
6081.6;0.258
6082.1;0.238
6082.6;0.34
6083.1;0.301
6083.6;0.272
6084.1;0.21
6084.6;0.127
6085.1;0.182
6085.6;0.593
6086.1;0.104
6086.6;0.09
6087.1;0.239
6087.6;0.215
6088.1;0.43
6088.6;0.54
6089.1;0.14
6089.6;0.258
6090.1;0.197
6090.6;0.11
6091.1;0.49
6091.6;0.462
6092.1;0.24
6092.6;0.296
6093.1;0.281
6093.6;0.079
6094.1;0.413
6094.6;0.344
6095.1;0.264
6095.6;0.171
6096.1;0.581
6096.6;0.623
6097.1;0.27
6097.6;0.262
6098.1;0.382
6098.6;0.106
6099.1;0.268
6099.6;0.201
6100.1;0.025
6100.6;0.364
6101.1;0.061
6101.6;0.128
6102.1;0.124
6102.6;0.135
6103.1;0.065
6103.6;0.254
6104.1;0.075
6104.6;0.138
6105.1;0.456
6105.6;0.347
6106.1;0.444
6106.6;0.282
6107.1;0.253
6107.6;0.147
6108.1;0.104
6108.6;0.191
6109.1;0.247
6109.6;0.17
6110.1;0.14
6110.6;0.288
6111.1;0.283
6111.6;0.322
6112.1;0.204
6112.6;0.145
6113.1;0.106
6113.6;0.14
6114.1;0.074
6114.6;0.191
6115.1;0.181
6115.6;0.337
6116.1;0.129
6116.6;0.262
6117.1;0.17
6117.6;0.338
6118.1;0.145
6118.6;0.3
6119.1;0.013
6119.6;0.07
6120.1;0.4
6120.6;0.23
6121.1;0.263
6121.6;0.32
6122.1;0.166
6122.6;0.378
6123.1;0.096
6123.6;0.265
6124.1;0.253
6124.6;0.105
6125.1;0.258
6125.6;0.26
6126.1;0.167
6126.6;0.488
6127.1;0.337
6127.6;0.475
6128.1;0.097
6128.6;0.275
6129.1;0.193
6129.6;0.307
6130.1;0.151
6130.6;0.04
6131.1;0.233
6131.6;0.44
6132.1;0.469
6132.6;0.255
6133.1;0.007
6133.6;0.45
6134.1;0.126
6134.6;0.161
6135.1;0.205
6135.6;0.228
6136.1;0.541
6136.6;0.301
6137.1;0.297
6137.6;0.081
6138.1;0.105
6138.6;0.179
6139.1;0.243
6139.6;0.208
6140.1;0.455
6140.6;0.254
6141.1;0.463
6141.6;0.347
6142.1;0.349
6142.6;0.035
6143.1;0.243
6143.6;0.093
6144.1;0.07
6144.6;0.316
6145.1;0.287
6145.6;0.404
6146.1;0.305
6146.6;0.38
6147.1;0.115
6147.6;0.192
6148.1;0.084
6148.6;0.211
6149.1;0.068
6149.6;0.357
6150.1;0.039
6150.6;0.212
6151.1;0.188
6151.6;0.442
6152.1;0.409
6152.6;0.264
6153.1;0.291
6153.6;0.196
6154.1;0.339
6154.6;0.155
6155.1;0.139
6155.6;0.158
6156.1;0.032
6156.6;0.253
6157.1;0.186
6157.6;0.385
6158.1;0.19
6158.6;0.243
6159.1;0.06
6159.6;0.194
6160.1;0.125
6160.6;0.16
6161.1;0.376
6161.6;0.191
6162.1;0.236
6162.6;0.299
6163.1;0.359
6163.6;0.034
6164.1;0.52
6164.6;0.048
6165.1;0.334
6165.6;0.08
6166.1;0.142
6166.6;0.226
6167.1;0.218
6167.6;0.058
6168.1;0.339
6168.6;0.147
6169.1;0.342
6169.6;0.155
6170.1;0.119
6170.6;0.173
6171.1;0.227
6171.6;0.168
6172.1;0.378
6172.6;0.085
6173.1;0.424
6173.6;0.15
6174.1;0.399
6174.6;0.267
6175.1;0.42
6175.6;0.099
6176.1;0.219
6176.6;0.235
6177.1;0.5
6177.6;0.181
6178.1;0.402
6178.6;0.149
6179.1;0.374
6179.6;0.141
6180.1;0.074
6180.6;0.33
6181.1;0.408
6181.6;0.375
6182.1;0.396
6182.6;0.376
6183.1;0.501
6183.6;0.167
6184.1;0.437
6184.6;0.443
6185.1;0.349
6185.6;0.448
6186.1;0.147
6186.6;0.167
6187.1;0.134
6187.6;0.248
6188.1;0.557
6188.6;0.355
6189.1;0.622
6189.6;0.299
6190.1;0.242
6190.6;0.187
6191.1;0.008
6191.6;0.401
6192.1;0.559
6192.6;0.326
6193.1;0.58
6193.6;0.173
6194.1;0.557
6194.6;0.247
6195.1;0.222
6195.6;0.184
6196.1;0.435
6196.6;0.212
6197.1;0.534
6197.6;0.239
6198.1;0.845
6198.6;0.301
6199.1;0.306
6199.6;0.453
6200.1;0.116
6200.6;0.674
6201.1;0.35
6201.6;0.186
6202.1;0.702
6202.6;0.082
6203.1;0.485
6203.6;0.548
6204.1;0.426
6204.6;0.255
6205.1;0.104
6205.6;0.197
6206.1;0.396
6206.6;0.471
6207.1;0.683
6207.6;0.407
6208.1;0.384
6208.6;0.311
6209.1;0.07
6209.6;0.319
6210.1;0.632
6210.6;0.62
6211.1;0.988
6211.6;0.291
6212.1;0.347
6212.6;0.41
6213.1;0.329
6213.6;1.079
6214.1;1.188
6214.6;1.424
6215.1;1.474
6215.6;1.092
6216.1;0.338
6216.6;0.697
6217.1;1.452
6217.6;1.993
6218.1;1.841
6218.6;2.318
6219.1;1.404
6219.6;1.057
6220.1;0.84
6220.6;1.674
6221.1;3.32
6221.6;3.67
6222.1;4.349
6222.6;3.685
6223.1;3.015
6223.6;1.838
6224.1;1.421
6224.6;1.679
6225.1;4.327
6225.6;4.864
6226.1;6.318
6226.6;6.07
6227.1;6.025
6227.6;5.475
6228.1;4.566
6228.6;3.581
6229.1;2.14
6229.6;2.026
6230.1;1.479
6230.6;2.03
6231.1;1.727
6231.6;0.763
6232.1;0.761
6232.6;1.167
6233.1;1.075
6233.6;2.531
6234.1;2.101
6234.6;2.465
6235.1;1.2
6235.6;1.25
6236.1;0.88
6236.6;1.332
6237.1;2.039
6237.6;2.445
6238.1;1.818
6238.6;1.395
6239.1;0.672
6239.6;0.368
6240.1;1.297
6240.6;1.282
6241.1;1.81
6241.6;0.767
6242.1;0.797
6242.6;0.1
6243.1;0.962
6243.6;1.376
6244.1;1.382
6244.6;1.601
6245.1;0.779
6245.6;0.425
6246.1;0.241
6246.6;1.337
6247.1;0.95
6247.6;1.358
6248.1;0.957
6248.6;0.878
6249.1;0.378
6249.6;0.132
6250.1;1.155
6250.6;0.527
6251.1;1.215
6251.6;0.338
6252.1;0.791
6252.6;0.731
6253.1;1.021
6253.6;1.44
6254.1;0.927
6254.6;1.12
6255.1;0.68
6255.6;0.807
6256.1;0.27
6256.6;1.111
6257.1;0.702
6257.6;0.856
6258.1;0.488
6258.6;0.169
6259.1;1.04
6259.6;0.539
6260.1;1.153
6260.6;0.541
6261.1;0.648
6261.6;0.39
6262.1;0.134
6262.6;0.871
6263.1;0.267
6263.6;0.904
6264.1;0.533
6264.6;0.486
6265.1;0.448
6265.6;1.068
6266.1;0.166
6266.6;0.684
6267.1;0.494
6267.6;0.333
6268.1;0.109
6268.6;0.168
6269.1;0.427
6269.6;0.489
6270.1;0.793
6270.6;0.479
6271.1;0.504
6271.6;1.304
6272.1;0.583
6272.6;1.301
6273.1;1.059
6273.6;0.764
6274.1;0.865
6274.6;0.533
6275.1;0.716
6275.6;0.379
6276.1;0.762
6276.6;0.027
6277.1;0.943
6277.6;1.018
6278.1;1.94
6278.6;1.16
6279.1;1.41
6279.6;0.766
6280.1;0.924
6280.6;1.064
6281.1;1.586
6281.6;1.943
6282.1;1.588
6282.6;1.995
6283.1;1.574
6283.6;1.555
6284.1;2.383
6284.6;2.032
6285.1;1.914
6285.6;1.425
6286.1;1.373
6286.6;1.209
6287.1;0.671
6287.6;0.968
6288.1;0.864
6288.6;0.914
6289.1;0.384
6289.6;0.404
6290.1;0.302
6290.6;0.104
6291.1;0.739
6291.6;0.674
6292.1;0.893
6292.6;1.216
6293.1;1.302
6293.6;0.986
6294.1;1.069
6294.6;0.738
6295.1;0.799
6295.6;0.533
6296.1;0.24
6296.6;0.312
6297.1;0.295
6297.6;0.469
6298.1;1.045
6298.6;0.736
6299.1;0.584
6299.6;0.635
6300.1;0.279
6300.6;0.196
6301.1;0.358
6301.6;0.326
6302.1;0.298
6302.6;0.37
6303.1;0.563
6303.6;0.686
6304.1;0.565
6304.6;0.156
6305.1;0.341
6305.6;0.283
6306.1;0.421
6306.6;0.438
6307.1;0.399
6307.6;0.535
6308.1;0.966
6308.6;0.784
6309.1;0.498
6309.6;0.117
6310.1;0.143
6310.6;0.165
6311.1;0.469
6311.6;0.291
6312.1;0.228
6312.6;0.215
6313.1;0.503
6313.6;0.463
6314.1;0.231
6314.6;0.313
6315.1;0.201
6315.6;0.343
6316.1;0.474
6316.6;0.411
6317.1;0.397
6317.6;0.487
6318.1;0.584
6318.6;0.359
6319.1;0.495
6319.6;0.252
6320.1;0.676
6320.6;0.228
6321.1;0.599
6321.6;0.13
6322.1;0.052
6322.6;0.375
6323.1;0.315
6323.6;0.284
6324.1;0.207
6324.6;0.168
6325.1;0.43
6325.6;0.469
6326.1;0.449
6326.6;0.043
6327.1;0.277
6327.6;0.392
6328.1;0.286
6328.6;0.163
6329.1;0.18
6329.6;0.174
6330.1;0.36
6330.6;0.232
6331.1;0.278
6331.6;0.32
6332.1;0.321
6332.6;0.236
6333.1;0.423
6333.6;0.425
6334.1;0.432
6334.6;0.274
6335.1;0.429
6335.6;0.214
6336.1;0.357
6336.6;0.134
6337.1;0.008
6337.6;0.257
6338.1;0.342
6338.6;0.489
6339.1;0.32
6339.6;0.204
6340.1;0.267
6340.6;0.237
6341.1;0.417
6341.6;0.318
6342.1;0.107
6342.6;0.177
6343.1;0.343
6343.6;0.19
6344.1;0.114
6344.6;0.273
6345.1;0.274
6345.6;0.172
6346.1;0.371
6346.6;0.269
6347.1;0.413
6347.6;0.099
6348.1;0.275
6348.6;0.382
6349.1;0.342
6349.6;0.291
6350.1;0.204
6350.6;0.26
6351.1;0.283
6351.6;0.236
6352.1;0.098
6352.6;0.174
6353.1;0.333
6353.6;0.564
6354.1;0.215
6354.6;0.232
6355.1;0.381
6355.6;0.212
6356.1;0.1
6356.6;0.048
6357.1;0.322
6357.6;0.636
6358.1;0.355
6358.6;0.312
6359.1;0.318
6359.6;0.639
6360.1;0.24
6360.6;0.128
6361.1;0.241
6361.6;0.207
6362.1;0.172
6362.6;0.352
6363.1;0.318
6363.6;0.584
6364.1;0.561
6364.6;0.566
6365.1;0.492
6365.6;0.879
6366.1;0.282
6366.6;0.26
6367.1;0.161
6367.6;0.648
6368.1;0.857
6368.6;0.488
6369.1;0.767
6369.6;0.857
6370.1;0.577
6370.6;0.244
6371.1;0.433
6371.6;0.308
6372.1;0.719
6372.6;0.764
6373.1;0.44
6373.6;0.788
6374.1;1.041
6374.6;0.496
6375.1;0.297
6375.6;0.709
6376.1;0.851
6376.6;0.62
6377.1;0.165
6377.6;1.104
6378.1;1.398
6378.6;1.018
6379.1;0.573
6379.6;1.334
6380.1;0.98
6380.6;0.656
6381.1;0.262
6381.6;1.157
6382.1;1.548
6382.6;0.593
6383.1;1.45
6383.6;1.646
6384.1;0.825
6384.6;0.83
6385.1;0.923
6385.6;1.068
6386.1;1.103
6386.6;1.684
6387.1;2.01
6387.6;1.647
6388.1;2.397
6388.6;2.052
6389.1;1.353
6389.6;1.365
6390.1;1.162
6390.6;1.121
6391.1;1.351
6391.6;2.121
6392.1;2.142
6392.6;1.998
6393.1;2.234
6393.6;1.943
6394.1;1.464
6394.6;1.343
6395.1;1.352
6395.6;1.633
6396.1;2.103
6396.6;2.562
6397.1;2.675
6397.6;2.58
6398.1;2.548
6398.6;2.197
6399.1;2.159
6399.6;1.772
6400.1;1.156
6400.6;1.113
6401.1;1.281
6401.6;2.269
6402.1;3.079
6402.6;3.438
6403.1;3.94
6403.6;3.926
6404.1;3.737
6404.6;2.898
6405.1;2.46
6405.6;1.19
6406.1;0.154
6406.6;1.427
6407.1;2.807
6407.6;4.256
6408.1;5.408
6408.6;6.529
6409.1;7.344
6409.6;7.616
6410.1;7.398
6410.6;6.614
6411.1;5.309
6411.6;3.866
6412.1;2.743
6412.6;2.444
6413.1;2.636
6413.6;2.794
6414.1;3.643
6414.6;5.557
6415.1;7.888
6415.6;9.48
6416.1;10.358
6416.6;10.672
6417.1;9.88
6417.6;8.398
6418.1;7.059
6418.6;6.081
6419.1;5.318
6419.6;5.394
6420.1;5.086
6420.6;4.363
6421.1;3.168
6421.6;2.169
6422.1;1.065
6422.6;1.82
6423.1;2.845
6423.6;3.016
6424.1;2.412
6424.6;1.81
6425.1;1.527
6425.6;1.777
6426.1;2.86
6426.6;3.035
6427.1;2.452
6427.6;1.57
6428.1;0.787
6428.6;0.465
6429.1;0.765
6429.6;0.667
6430.1;0.285
6430.6;0.433
6431.1;0.677
6431.6;0.76
6432.1;1.061
6432.6;1.364
6433.1;1.26
6433.6;0.741
6434.1;0.322
6434.6;0.431
6435.1;0.695
6435.6;0.77
6436.1;0.983
6436.6;1.007
6437.1;0.836
6437.6;0.708
6438.1;0.381
6438.6;0.333
6439.1;0.34
6439.6;0.589
6440.1;0.813
6440.6;0.876
6441.1;1.066
6441.6;0.771
6442.1;0.545
6442.6;0.278
6443.1;0.513
6443.6;0.434
6444.1;0.54
6444.6;0.514
6445.1;0.586
6445.6;0.675
6446.1;0.603
6446.6;0.608
6447.1;0.47
6447.6;0.589
6448.1;0.473
6448.6;0.544
6449.1;0.489
6449.6;0.509
6450.1;0.432
6450.6;0.134
6451.1;0.215
6451.6;0.331
6452.1;0.413
6452.6;0.475
6453.1;0.427
6453.6;0.531
6454.1;0.607
6454.6;0.377
6455.1;0.129
6455.6;0.079
6456.1;0.358
6456.6;0.438
6457.1;0.481
6457.6;0.424
6458.1;0.434
6458.6;0.283
6459.1;0.131
6459.6;0.161
6460.1;0.198
6460.6;0.316
6461.1;0.562
6461.6;0.752
6462.1;0.653
6462.6;0.46
6463.1;0.137
6463.6;0.106
6464.1;0.17
6464.6;0.322
6465.1;0.446
6465.6;0.61
6466.1;0.459
6466.6;0.543
6467.1;0.33
6467.6;0.432
6468.1;0.522
6468.6;0.565
6469.1;0.548
6469.6;0.547
6470.1;0.422
6470.6;0.386
6471.1;0.236
6471.6;0.453
6472.1;0.435
6472.6;0.441
6473.1;0.32
6473.6;0.178
6474.1;0.145
6474.6;0.259
6475.1;0.174
6475.6;0.284
6476.1;0.404
6476.6;0.434
6477.1;0.373
6477.6;0.265
6478.1;0.304
6478.6;0.305
6479.1;0.392
6479.6;0.605
6480.1;0.384
6480.6;0.376
6481.1;0.423
6481.6;0.259
6482.1;0.297
6482.6;0.331
6483.1;0.364
6483.6;0.65
6484.1;0.474
6484.6;0.334
6485.1;0.26
6485.6;0.384
6486.1;0.324
6486.6;0.629
6487.1;0.393
6487.6;0.367
6488.1;0.388
6488.6;0.287
6489.1;0.188
6489.6;0.577
6490.1;0.376
6490.6;0.507
6491.1;0.205
6491.6;0.165
6492.1;0.24
6492.6;0.317
6493.1;0.183
6493.6;0.367
6494.1;0.218
6494.6;0.232
6495.1;0.295
6495.6;0.329
6496.1;0.449
6496.6;0.438
6497.1;0.282
6497.6;0.378
6498.1;0.411
6498.6;0.359
6499.1;0.289
6499.6;0.36
6500.1;0.041
6500.6;0.071
6501.1;0.204
6501.6;0.221
6502.1;0.314
6502.6;0.314
6503.1;0.297
6503.6;0.404
6504.1;0.204
6504.6;0.231
6505.1;0.245
6505.6;0.284
6506.1;0.331
6506.6;0.338
6507.1;0.253
6507.6;0.306
6508.1;0.233
6508.6;0.378
6509.1;0.412
6509.6;0.339
6510.1;0.262
6510.6;0.336
6511.1;0.093
6511.6;0.228
6512.1;0.15
6512.6;0.178
6513.1;0.222
6513.6;0.286
6514.1;0.451
6514.6;0.493
6515.1;0.391
6515.6;0.199
6516.1;0.08
6516.6;0.216
6517.1;0.311
6517.6;0.607
6518.1;0.576
6518.6;0.361
6519.1;0.203
6519.6;0.236
6520.1;0.11
6520.6;0.204
6521.1;0.308
6521.6;0.356
6522.1;0.326
6522.6;0.371
6523.1;0.217
6523.6;0.287
6524.1;0.243
6524.6;0.066
6525.1;0.178
6525.6;0.268
6526.1;0.277
6526.6;0.382
6527.1;0.268
6527.6;0.234
6528.1;0.192
6528.6;0.108
6529.1;0.208
6529.6;0.219
6530.1;0.2
6530.6;0.219
6531.1;0.064
6531.6;0.158
6532.1;0.374
6532.6;0.369
6533.1;0.505
6533.6;0.321
6534.1;0.321
6534.6;0.153
6535.1;0.088
6535.6;0.133
6536.1;0.391
6536.6;0.364
6537.1;0.478
6537.6;0.277
6538.1;0.268
6538.6;0.07
6539.1;0.105
6539.6;0.255
6540.1;0.316
6540.6;0.284
6541.1;0.31
6541.6;0.317
6542.1;0.33
6542.6;0.272
6543.1;0.219
6543.6;0.101
6544.1;0.176
6544.6;0.165
6545.1;0.2
6545.6;0.33
6546.1;0.45
6546.6;0.313
6547.1;0.255
6547.6;0.078
6548.1;0.125
6548.6;0.333
6549.1;0.194
6549.6;0.279
6550.1;0.271
6550.6;0.088
6551.1;0.303
6551.6;0.459
6552.1;0.403
6552.6;0.366
6553.1;0.225
6553.6;0.064
6554.1;0.132
6554.6;0.315
6555.1;0.208
6555.6;0.328
6556.1;0.056
6556.6;0.171
6557.1;0.387
6557.6;0.254
6558.1;0.502
6558.6;0.295
6559.1;0.297
6559.6;0.235
6560.1;0.211
6560.6;0.424
6561.1;0.46
6561.6;0.306
6562.1;0.282
6562.6;0.281
6563.1;0.122
6563.6;0.441
6564.1;0.433
6564.6;0.56
6565.1;0.443
6565.6;0.487
6566.1;0.233
6566.6;0.283
6567.1;0.322
6567.6;0.717
6568.1;0.427
6568.6;0.525
6569.1;0.132
6569.6;0.117
6570.1;0.555
6570.6;0.672
6571.1;0.652
6571.6;0.554
6572.1;0.39
6572.6;0.237
6573.1;0.597
6573.6;0.747
6574.1;0.752
6574.6;0.6
6575.1;0.409
6575.6;0.309
6576.1;0.354
6576.6;0.402
6577.1;0.615
6577.6;0.56
6578.1;0.437
6578.6;0.4
6579.1;0.358
6579.6;0.512
6580.1;0.595
6580.6;0.665
6581.1;0.48
6581.6;0.301
6582.1;0.279
6582.6;0.446
6583.1;0.629
6583.6;0.683
6584.1;0.676
6584.6;0.748
6585.1;0.495
6585.6;0.513
6586.1;0.691
6586.6;0.713
6587.1;0.928
6587.6;0.851
6588.1;0.792
6588.6;0.755
6589.1;0.843
6589.6;0.738
6590.1;1.077
6590.6;1.128
6591.1;0.967
6591.6;0.924
6592.1;0.737
6592.6;0.946
6593.1;0.884
6593.6;1.093
6594.1;0.951
6594.6;1.017
6595.1;0.771
6595.6;0.782
6596.1;0.909
6596.6;0.896
6597.1;0.949
6597.6;0.852
6598.1;0.692
6598.6;0.7
6599.1;0.887
6599.6;0.802
6600.1;0.988
6600.6;0.755
6601.1;0.862
6601.6;0.555
6602.1;0.578
6602.6;0.639
6603.1;0.937
6603.6;0.914
6604.1;0.931
6604.6;0.844
6605.1;0.62
6605.6;0.432
6606.1;0.615
6606.6;0.591
6607.1;0.942
6607.6;0.835
6608.1;0.998
6608.6;0.898
6609.1;0.554
6609.6;0.407
6610.1;0.69
6610.6;0.918
6611.1;1.178
6611.6;0.871
6612.1;1.048
6612.6;0.742
6613.1;0.925
6613.6;0.987
6614.1;1.051
6614.6;1.016
6615.1;1.054
6615.6;0.817
6616.1;0.686
6616.6;0.598
6617.1;0.535
6617.6;0.786
6618.1;0.868
6618.6;0.775
6619.1;0.7
6619.6;0.49
6620.1;0.582
6620.6;0.555
6621.1;0.571
6621.6;0.709
6622.1;0.753
6622.6;0.688
6623.1;0.471
6623.6;0.418
6624.1;0.551
6624.6;0.454
6625.1;0.841
6625.6;0.819
6626.1;0.838
6626.6;0.67
6627.1;0.687
6627.6;0.542
6628.1;0.799
6628.6;0.653
6629.1;0.736
6629.6;0.821
6630.1;0.581
6630.6;0.564
6631.1;0.546
6631.6;0.536
6632.1;0.795
6632.6;0.764
6633.1;0.778
6633.6;0.846
6634.1;0.522
6634.6;0.527
6635.1;0.352
6635.6;0.394
6636.1;0.802
6636.6;0.765
6637.1;0.718
6637.6;0.417
6638.1;0.411
6638.6;0.375
6639.1;0.554
6639.6;0.368
6640.1;0.616
6640.6;0.377
6641.1;0.278
6641.6;0.152
6642.1;0.21
6642.6;0.209
6643.1;0.572
6643.6;0.315
6644.1;0.536
6644.6;0.197
6645.1;0.352
6645.6;0.041
6646.1;0.145
6646.6;0.147
6647.1;0.389
6647.6;0.215
6648.1;0.472
6648.6;0.175
6649.1;0.196
6649.6;0.148
6650.1;0.233
6650.6;0.134
6651.1;0.494
6651.6;0.151
6652.1;0.461
6652.6;0.08
6653.1;0.189
6653.6;0.074
6654.1;0.034
6654.6;0.14
6655.1;0.459
6655.6;0.079
6656.1;0.465
6656.6;0.085
6657.1;0.261
6657.6;0.21
6658.1;0.359
6658.6;0.229
6659.1;0.354
6659.6;0.134
6660.1;0.203
6660.6;0.312
6661.1;0.068
6661.6;0.296
6662.1;0.324
6662.6;0.408
6663.1;0.253
6663.6;0.224
6664.1;0.283
6664.6;0.32
6665.1;0.231
6665.6;0.235
6666.1;0.32
6666.6;0.272
6667.1;0.351
6667.6;0.107
6668.1;0.19
6668.6;0.158
6669.1;0.245
6669.6;0.216
6670.1;0.414
6670.6;0.162
6671.1;0.275
6671.6;0.248
6672.1;0.317
6672.6;0.138
6673.1;0.194
6673.6;0.181
6674.1;0.327
6674.6;0.15
6675.1;0.307
6675.6;0.209
6676.1;0.261
6676.6;0.283
6677.1;0.19
6677.6;0.154
6678.1;0.383
6678.6;0.028
6679.1;0.26
6679.6;0.063
6680.1;0.224
6680.6;0.18
6681.1;0.405
6681.6;0.193
6682.1;0.372
6682.6;0.058
6683.1;0.202
6683.6;0.323
6684.1;0.156
6684.6;0.057
6685.1;0.364
6685.6;0.342
6686.1;0.26
6686.6;0.295
6687.1;0.27
6687.6;0.078
6688.1;0.087
6688.6;0.171
6689.1;0.256
6689.6;0.393
6690.1;0.115
6690.6;0.32
6691.1;0.219
6691.6;0.236
6692.1;0.283
6692.6;0.358
6693.1;0.27
6693.6;0.35
6694.1;0.36
6694.6;0.347
6695.1;0.019
6695.6;0.168
6696.1;0.136
6696.6;0.618
6697.1;0.329
6697.6;0.09
6698.1;0.39
6698.6;0.146
6699.1;0.044
6699.6;0.217
6700.1;0.221
6700.6;0.632
6701.1;0.053
6701.6;0.218
6702.1;0.324
6702.6;0.21
6703.1;0.289
6703.6;0.305
6704.1;0.261
6704.6;0.251
6705.1;0.068
6705.6;0.254
6706.1;0.177
6706.6;0.044
6707.1;0.22
6707.6;0.239
6708.1;0.105
6708.6;0.422
6709.1;0.324
6709.6;0.41
6710.1;0.04
6710.6;0.233
6711.1;0.217
6711.6;0.223
6712.1;0.115
6712.6;0.268
6713.1;0.34
6713.6;0.107
6714.1;0.177
6714.6;0.364
6715.1;0.24
6715.6;0.494
6716.1;0.372
6716.6;0.314
6717.1;0.369
6717.6;0.243
6718.1;0.247
6718.6;0.368
6719.1;0.113
6719.6;0.389
6720.1;0.332
6720.6;0.381
6721.1;0.202
6721.6;0.314
6722.1;0.135
6722.6;0.412
6723.1;0.195
6723.6;0.261
6724.1;0.357
6724.6;0.494
6725.1;0.427
6725.6;0.424
6726.1;0.389
6726.6;0.607
6727.1;0.278
6727.6;0.372
6728.1;0.177
6728.6;0.474
6729.1;0.589
6729.6;0.667
6730.1;0.63
6730.6;0.73
6731.1;0.297
6731.6;0.521
6732.1;0.67
6732.6;0.612
6733.1;0.869
6733.6;1.262
6734.1;1.072
6734.6;1.018
6735.1;0.56
6735.6;0.652
6736.1;1.044
6736.6;1.237
6737.1;1.547
6737.6;1.648
6738.1;1.031
6738.6;1.02
6739.1;0.921
6739.6;1.402
6740.1;2.232
6740.6;2.948
6741.1;2.802
6741.6;3.129
6742.1;2.43
6742.6;2.118
6743.1;1.748
6743.6;2.526
6744.1;3.887
6744.6;5.568
6745.1;6.342
6745.6;7.831
6746.1;7.559
6746.6;7.618
6747.1;6.483
6747.6;5.162
6748.1;3.882
6748.6;3.119
6749.1;2.727
6749.6;2.337
6750.1;2.254
6750.6;1.515
6751.1;1.191
6751.6;0.127
6752.1;0.582
6752.6;1.412
6753.1;1.428
6753.6;1.428
6754.1;1.192
6754.6;0.54
6755.1;0.201
6755.6;0.476
6756.1;0.904
6756.6;0.922
6757.1;1.379
6757.6;0.778
6758.1;0.732
6758.6;0.486
6759.1;0.315
6759.6;0.539
6760.1;0.608
6760.6;0.241
6761.1;0.573
6761.6;0.243
6762.1;0.268
6762.6;0.343
6763.1;0.476
6763.6;0.278
6764.1;0.534
6764.6;0.259
6765.1;0.299
6765.6;0.182
6766.1;0.556
6766.6;0.096
6767.1;0.309
6767.6;0.09
6768.1;0.394
6768.6;0.242
6769.1;0.645
6769.6;0.439
6770.1;0.724
6770.6;0.324
6771.1;0.726
6771.6;0.494
6772.1;0.195
6772.6;0.342
6773.1;0.69
6773.6;0.454
6774.1;0.328
6774.6;0.773
6775.1;0.37
6775.6;0.927
6776.1;0.489
6776.6;0.959
6777.1;0.341
6777.6;0.485
6778.1;0.23
6778.6;0.169
6779.1;0.694
6779.6;0.271
6780.1;0.658
6780.6;0.454
6781.1;0.586
6781.6;0.613
6782.1;0.728
6782.6;0.696
6783.1;0.454
6783.6;0.845
6784.1;0.38
6784.6;0.706
6785.1;0.881
6785.6;0.6
6786.1;0.269
6786.6;0.772
6787.1;0.401
6787.6;0.279
6788.1;0.658
6788.6;0.095
6789.1;0.688
6789.6;0.164
6790.1;0.389
6790.6;0.149
6791.1;0.24
6791.6;0.396
6792.1;0.401
6792.6;0.266
6793.1;0.276
6793.6;0.149
6794.1;0.355
6794.6;0.484
6795.1;0.035
6795.6;0.574
6796.1;0.247
6796.6;0.123
6797.1;0.193
6797.6;0.408
6798.1;0.399
6798.6;0.293
6799.1;0.178
6799.6;0.491
6800.1;0.225
6800.6;0.234
6801.1;0.423
6801.6;0.43
6802.1;0.296
6802.6;0.199
6803.1;0.729
6803.6;0.517
6804.1;0.65
6804.6;0.313
6805.1;0.699
6805.6;0.548
6806.1;0.524
6806.6;1.061
6807.1;1.032
6807.6;0.93
6808.1;0.436
6808.6;0.401
6809.1;0.718
6809.6;0.527
6810.1;0.451
6810.6;0.548
6811.1;0.331
6811.6;0.145
6812.1;0.287
6812.6;0.234
6813.1;0.133
6813.6;0.382
6814.1;0.344
6814.6;0.32
6815.1;0.763
6815.6;0.831
6816.1;0.25
6816.6;0.317
6817.1;0.786
6817.6;1.11
6818.1;0.704
6818.6;0.278
6819.1;0.376
6819.6;0.121
6820.1;0.382
6820.6;0.69
6821.1;0.357
6821.6;0.218
6822.1;0.47
6822.6;0.606
6823.1;0.571
6823.6;0.475
6824.1;0.591
6824.6;0.257
6825.1;0.158
6825.6;0.508
6826.1;0.296
6826.6;0.161
6827.1;0.305
6827.6;0.145
6828.1;0.326
6828.6;0.616
6829.1;0.427
6829.6;0.119
6830.1;0.637
6830.6;0.157
6831.1;0.106
6831.6;0.409
6832.1;0.325
6832.6;0.074
6833.1;0.218
6833.6;0.198
6834.1;0.284
6834.6;0.328
6835.1;0.657
6835.6;0.42
6836.1;0.11
6836.6;0.255
6837.1;0.346
6837.6;0.649
6838.1;0.572
6838.6;0.384
6839.1;0.298
6839.6;0.332
6840.1;0.361
6840.6;0.329
6841.1;0.55
6841.6;0.77
6842.1;0.582
6842.6;0.27
6843.1;0.346
6843.6;0.826
6844.1;0.782
6844.6;0.525
6845.1;0.291
6845.6;0.243
6846.1;0.283
6846.6;0.262
6847.1;0.203
6847.6;0.376
6848.1;0.32
6848.6;0.157
6849.1;0.189
6849.6;0.671
6850.1;0.479
6850.6;0.196
6851.1;0.26
6851.6;0.255
6852.1;0.144
6852.6;0.258
6853.1;0.25
6853.6;0.386
6854.1;0.08
6854.6;0.21
6855.1;0.397
6855.6;0.194
6856.1;0.331
6856.6;0.46
6857.1;0.415
6857.6;0.314
6858.1;0.302
6858.6;0.42
6859.1;0.526
6859.6;0.323
6860.1;0.226
6860.6;0.019
6861.1;0.08
6861.6;0.052
6862.1;0.274
6862.6;0.398
6863.1;0.392
6863.6;0.225
6864.1;0.316
6864.6;0.173
6865.1;0.11
6865.6;0.387
6866.1;0.171
6866.6;0.093
6867.1;0.044
6867.6;0.043
6868.1;0.385
6868.6;0.5
6869.1;0.425
6869.6;0.244
6870.1;0.223
6870.6;0.35
6871.1;0.259
6871.6;0.124
6872.1;0.347
6872.6;0.214
6873.1;0.252
6873.6;0.447
6874.1;0.41
6874.6;0.377
6875.1;0.217
6875.6;0.114
6876.1;0.135
6876.6;0.346
6877.1;0.304
6877.6;0.193
6878.1;0.323
6878.6;0.311
6879.1;0.363
6879.6;0.24
6880.1;0.307
6880.6;0.171
6881.1;0.568
6881.6;0.361
6882.1;0.315
6882.6;0.07
6883.1;0.154
6883.6;0.119
6884.1;0.31
6884.6;0.496
6885.1;0.182
6885.6;0.205
6886.1;0.319
6886.6;0.097
6887.1;0.132
6887.6;0.244
6888.1;0.095
6888.6;0.165
6889.1;0.316
6889.6;0.2
6890.1;0.151
6890.6;0.369
6891.1;0.146
6891.6;0.12
6892.1;0.1
6892.6;0.12
6893.1;0.354
6893.6;0.287
6894.1;0.149
6894.6;0.162
6895.1;0.247
6895.6;0.236
6896.1;0.141
6896.6;0.15
6897.1;0.019
6897.6;0.26
6898.1;0.226
6898.6;0.106
6899.1;0.039
6899.6;0.163
6900.1;0.095
6900.6;0.178
6901.1;0.096
6901.6;0.154
6902.1;0.114
6902.6;0.123
6903.1;0.119
6903.6;0.067
6904.1;0.044
6904.6;0.103
6905.1;0.22
6905.6;0.29
6906.1;0.348
6906.6;0.096
6907.1;0.127
6907.6;0.171
6908.1;0.031
6908.6;0.148
6909.1;0.276
6909.6;0.089
6910.1;0.242
6910.6;0.259
6911.1;0.072
6911.6;0.176
6912.1;0.315
6912.6;0.074
6913.1;0.127
6913.6;0.054
6914.1;0.154
6914.6;0.259
6915.1;0.426
6915.6;0.307
6916.1;0.366
6916.6;0.232
6917.1;0.054
6917.6;0.188
6918.1;0.133
6918.6;0.128
6919.1;0.414
6919.6;0.227
6920.1;0.282
6920.6;0.126
6921.1;0.273
6921.6;0.18
6922.1;0.358
6922.6;0.297
6923.1;0.128
6923.6;0.291
6924.1;0.03
6924.6;0.334
6925.1;0.15
6925.6;0.585
6926.1;0.484
6926.6;0.253
6927.1;0.319
6927.6;0.233
6928.1;0.122
6928.6;0.158
6929.1;0.602
6929.6;0.507
6930.1;0.116
6930.6;0.25
6931.1;0.346
6931.6;0.265
6932.1;0.262
6932.6;0.427
6933.1;0.234
6933.6;0.324
6934.1;0.184
6934.6;0.238
6935.1;0.4
6935.6;0.336
6936.1;0.148
6936.6;0.215
6937.1;0.094
6937.6;0.021
6938.1;0.254
6938.6;0.11
6939.1;0.071
6939.6;0.38
6940.1;0.237
6940.6;0.236
6941.1;0.334
6941.6;0.293
6942.1;0.124
6942.6;0.141
6943.1;0.106
6943.6;0.097
6944.1;0.207
6944.6;0.186
6945.1;0.213
6945.6;0.335
6946.1;0.401
6946.6;0.207
6947.1;0.3
6947.6;0.252
6948.1;0.548
6948.6;0.662
6949.1;0.092
6949.6;0.453
6950.1;0.819
6950.6;0.403
6951.1;0.509
6951.6;0.515
6952.1;0.678
6952.6;0.679
6953.1;0.453
6953.6;0.586
6954.1;0.748
6954.6;0.421
6955.1;0.295
6955.6;0.814
6956.1;0.547
6956.6;0.532
6957.1;0.396
6957.6;0.594
6958.1;0.692
6958.6;0.83
6959.1;0.423
6959.6;0.683
6960.1;0.543
6960.6;0.518
6961.1;0.64
6961.6;0.519
6962.1;0.716
6962.6;0.188
6963.1;0.642
6963.6;0.54
6964.1;0.361
6964.6;0.545
6965.1;0.417
6965.6;0.329
6966.1;0.348
6966.6;0.621
6967.1;0.673
6967.6;0.039
6968.1;0.505
6968.6;0.399
6969.1;0.403
6969.6;0.255
6970.1;0.396
6970.6;0.334
6971.1;0.216
6971.6;0.358
6972.1;0.358
6972.6;0.235
6973.1;0.637
6973.6;0.283
6974.1;0.144
6974.6;0.364
6975.1;0.224
6975.6;0.151
6976.1;0.186
6976.6;0.391
6977.1;0.144
6977.6;0.09
6978.1;0.278
6978.6;0.184
6979.1;0.177
6979.6;0.513
6980.1;0.574
6980.6;0.555
6981.1;0.846
6981.6;0.721
6982.1;0.464
6982.6;0.542
6983.1;0.45
6983.6;0.169
6984.1;0.301
6984.6;0.383
6985.1;0.506
6985.6;0.693
6986.1;0.972
6986.6;1.347
6987.1;1.383
6987.6;1.543
6988.1;1.41
6988.6;1.294
6989.1;0.853
6989.6;0.348
6990.1;0.155
6990.6;0.353
6991.1;0.906
6991.6;1.293
6992.1;1.3
6992.6;1.453
6993.1;1.645
6993.6;1.617
6994.1;1.431
6994.6;1.391
6995.1;1.054
6995.6;0.763
6996.1;0.672
6996.6;0.693
6997.1;0.768
6997.6;1.184
6998.1;1.166
6998.6;1.022
6999.1;1.328
6999.6;1.414
7000.1;1.457
7000.6;1.559
7001.1;1.402
7001.6;1.248
7002.1;1.269
7002.6;1.147
7003.1;0.996
7003.6;1.018
7004.1;1.074
7004.6;0.842
7005.1;0.81
7005.6;1.017
7006.1;0.779
7006.6;0.695
7007.1;0.602
7007.6;0.856
7008.1;0.699
7008.6;0.662
7009.1;0.627
7009.6;0.597
7010.1;0.405
7010.6;0.408
7011.1;0.419
7011.6;0.388
7012.1;0.207
7012.6;0.278
7013.1;0.096
7013.6;0.198
7014.1;0.131
7014.6;0.264
7015.1;0.326
7015.6;0.436
7016.1;0.371
7016.6;0.365
7017.1;0.283
7017.6;0.249
7018.1;0.349
7018.6;0.351
7019.1;0.314
7019.6;0.367
7020.1;0.291
7020.6;0.26
7021.1;0.189
7021.6;0.281
7022.1;0.212
7022.6;0.11
7023.1;0.215
7023.6;0.231
7024.1;0.151
7024.6;0.25
7025.1;0.273
7025.6;0.25
7026.1;0.182
7026.6;0.201
7027.1;0.419
7027.6;0.328
7028.1;0.18
7028.6;0.342
7029.1;0.233
7029.6;0.187
7030.1;0.284
7030.6;0.127
7031.1;0.213
7031.6;0.167
7032.1;0.155
7032.6;0.147
7033.1;0.113
7033.6;0.107
7034.1;0.203
7034.6;0.257
7035.1;0.197
7035.6;0.327
7036.1;0.212
7036.6;0.307
7037.1;0.215
7037.6;0.051
7038.1;0.204
7038.6;0.263
7039.1;0.338
7039.6;0.271
7040.1;0.292
7040.6;0.226
7041.1;0.229
7041.6;0.132
7042.1;0.214
7042.6;0.137
7043.1;0.168
7043.6;0.226
7044.1;0.224
7044.6;0.192
7045.1;0.074
7045.6;0.069
7046.1;0.263
7046.6;0.221
7047.1;0.263
7047.6;0.191
7048.1;0.147
7048.6;0.172
7049.1;0.225
7049.6;0.132
7050.1;0.448
7050.6;0.364
7051.1;0.462
7051.6;0.341
7052.1;0.292
7052.6;0.18
7053.1;0.144
7053.6;0.148
7054.1;0.194
7054.6;0.222
7055.1;0.282
7055.6;0.157
7056.1;0.198
7056.6;0.21
7057.1;0.179
7057.6;0.204
7058.1;0.097
7058.6;0.182
7059.1;0.278
7059.6;0.109
7060.1;0.2
7060.6;0.079
7061.1;0.216
7061.6;0.294
7062.1;0.357
7062.6;0.21
7063.1;0.274
7063.6;0.243
7064.1;0.09
7064.6;0.163
7065.1;0.16
7065.6;0.104
7066.1;0.06
7066.6;0.238
7067.1;0.155
7067.6;0.106
7068.1;0.171
7068.6;0.264
7069.1;0.316
7069.6;0.114
7070.1;0.029
7070.6;0.169
7071.1;0.105
7071.6;0.129
7072.1;0.209
7072.6;0.116
7073.1;0.127
7073.6;0.27
7074.1;0.314
7074.6;0.121
7075.1;0.084
7075.6;0.085
7076.1;0.213
7076.6;0.324
7077.1;0.409
7077.6;0.131
7078.1;0.32
7078.6;0.266
7079.1;0.224
7079.6;0.088
7080.1;0.176
7080.6;0.148
7081.1;0.207
7081.6;0.066
7082.1;0.1
7082.6;0.085
7083.1;0.115
7083.6;0.181
7084.1;0.181
7084.6;0.214
7085.1;0.238
7085.6;0.206
7086.1;0.201
7086.6;0.277
7087.1;0.138
7087.6;0.167
7088.1;0.221
7088.6;0.308
7089.1;0.206
7089.6;0.225
7090.1;0.216
7090.6;0.028
7091.1;0.146
7091.6;0.048
7092.1;0.153
7092.6;0.19
7093.1;0.165
7093.6;0.165
7094.1;0.053
7094.6;0.098
7095.1;0.215
7095.6;0.127
7096.1;0.133
7096.6;0.17
7097.1;0.269
7097.6;0.16
7098.1;0.176
7098.6;0.16
7099.1;0.249
7099.6;0.143
7100.1;0.072
7100.6;0.048
7101.1;0.176
7101.6;0.245
7102.1;0.2
7102.6;0.262
7103.1;0.299
7103.6;0.35
7104.1;0.368
7104.6;0.204
7105.1;0.232
7105.6;0.128
7106.1;0.261
7106.6;0.147
7107.1;0.299
7107.6;0.196
7108.1;0.283
7108.6;0.319
7109.1;0.106
7109.6;0.157
7110.1;0.157
7110.6;0.244
7111.1;0.272
7111.6;0.147
7112.1;0.033
7112.6;0.08
7113.1;0.193
7113.6;0.246
7114.1;0.241
7114.6;0.159
7115.1;0.122
7115.6;0.119
7116.1;0.018
7116.6;0.143
7117.1;0.202
7117.6;0.267
7118.1;0.231
7118.6;0.246
7119.1;0.133
7119.6;0.195
7120.1;0.132
7120.6;0.174
7121.1;0.172
7121.6;0.13
7122.1;0.205
7122.6;0.232
7123.1;0.218
7123.6;0.113
7124.1;0.051
7124.6;0.098
7125.1;0.062
7125.6;0.231
7126.1;0.103
7126.6;0.279
7127.1;0.177
7127.6;0.292
7128.1;0.092
7128.6;0.131
7129.1;0.092
7129.6;0.229
7130.1;0.151
7130.6;0.177
7131.1;0.095
7131.6;0.155
7132.1;0.163
7132.6;0.167
7133.1;0.07
7133.6;0.174
7134.1;0.142
7134.6;0.2
7135.1;0.19
7135.6;0.209
7136.1;0.133
7136.6;0.162
7137.1;0.1
7137.6;0.044
7138.1;0.046
7138.6;0.152
7139.1;0.29
7139.6;0.31
7140.1;0.209
7140.6;0.198
7141.1;0.084
7141.6;0.169
7142.1;0.265
7142.6;0.29
7143.1;0.153
7143.6;0.262
7144.1;0.034
7144.6;0.163
7145.1;0.187
7145.6;0.267
7146.1;0.421
7146.6;0.351
7147.1;0.279
7147.6;0.179
7148.1;0.02
7148.6;0.126
7149.1;0.257
7149.6;0.21
7150.1;0.306
7150.6;0.236
7151.1;0.124
7151.6;0.111
7152.1;0.346
7152.6;0.214
7153.1;0.241
7153.6;0.184
7154.1;0.044
7154.6;0.223
7155.1;0.02
7155.6;0.211
7156.1;0.104
7156.6;0.048
7157.1;0.169
7157.6;0.363
7158.1;0.32
7158.6;0.443
7159.1;0.147
7159.6;0.101
7160.1;0.125
7160.6;0.173
7161.1;0.232
7161.6;0.112
7162.1;0.159
7162.6;0.194
7163.1;0.079
7163.6;0.18
7164.1;0.294
7164.6;0.384
7165.1;0.319
7165.6;0.172
7166.1;0.186
7166.6;0.143
7167.1;0.217
7167.6;0.3
7168.1;0.255
7168.6;0.356
7169.1;0.153
7169.6;0.073
7170.1;0.34
7170.6;0.259
7171.1;0.309
7171.6;0.318
7172.1;0.173
7172.6;0.393
7173.1;0.362
7173.6;0.546
7174.1;0.565
7174.6;0.501
7175.1;0.544
7175.6;0.402
7176.1;0.36
7176.6;0.642
7177.1;0.502
7177.6;0.659
7178.1;0.348
7178.6;0.337
7179.1;0.406
7179.6;0.267
7180.1;0.501
7180.6;0.591
7181.1;0.565
7181.6;0.361
7182.1;0.362
7182.6;0.174
7183.1;0.348
7183.6;0.485
7184.1;0.5
7184.6;0.255
7185.1;0.312
7185.6;0.058
7186.1;0.26
7186.6;0.389
7187.1;0.33
7187.6;0.518
7188.1;0.223
7188.6;0.265
7189.1;0.206
7189.6;0.354
7190.1;0.454
7190.6;0.481
7191.1;0.33
7191.6;0.136
7192.1;0.126
7192.6;0.287
7193.1;0.355
7193.6;0.414
7194.1;0.378
7194.6;0.447
7195.1;0.301
7195.6;0.414
7196.1;0.453
7196.6;0.67
7197.1;0.657
7197.6;0.894
7198.1;0.779
7198.6;0.65
7199.1;0.821
7199.6;0.664
7200.2;1.009
7200.7;1.043
7201.2;0.934
7201.7;1.053
7202.2;0.89
7202.7;0.814
7203.2;1.022
7203.7;1.006
7204.2;0.955
7204.7;1.132
7205.2;0.651
7205.7;0.846
7206.2;0.687
7206.7;0.829
7207.2;0.812
7207.7;0.874
7208.2;0.78
7208.7;0.839
7209.2;0.704
7209.7;0.619
7210.2;0.699
7210.7;0.816
7211.2;0.812
7211.7;0.917
7212.2;0.776
7212.7;0.721
7213.2;0.608
7213.7;0.56
7214.2;0.636
7214.7;0.77
7215.2;0.94
7215.7;0.799
7216.2;0.635
7216.7;0.401
7217.2;0.47
7217.7;0.611
7218.2;0.676
7218.7;0.673
7219.2;0.571
7219.7;0.386
7220.2;0.479
7220.7;0.375
7221.2;0.376
7221.7;0.571
7222.2;0.621
7222.7;0.819
7223.2;0.634
7223.7;0.691
7224.2;0.497
7224.7;0.545
7225.2;0.675
7225.7;0.702
7226.2;0.825
7226.7;0.578
7227.2;0.445
7227.7;0.367
7228.2;0.257
7228.7;0.347
7229.2;0.567
7229.7;0.479
7230.2;0.722
7230.7;0.386
7231.2;0.292
7231.7;0.134
7232.2;0.342
7232.7;0.417
7233.2;0.512
7233.7;0.694
7234.2;0.728
7234.7;0.687
7235.2;0.576
7235.7;0.211
7236.2;0.582
7236.7;0.491
7237.2;0.718
7237.7;0.521
7238.2;0.451
7238.7;0.355
7239.2;0.233
7239.7;0.326
7240.2;0.477
7240.7;0.558
7241.2;0.722
7241.7;0.489
7242.2;0.436
7242.7;0.307
7243.2;0.558
7243.7;0.421
7244.2;0.708
7244.7;0.618
7245.2;0.63
7245.7;0.553
7246.2;0.4
7246.7;0.446
7247.2;0.473
7247.7;0.561
7248.2;0.633
7248.7;0.521
7249.2;0.579
7249.7;0.11
7250.2;0.066
7250.7;0.604
7251.2;0.216
7251.7;0.605
7252.2;0.654
7252.7;0.311
7253.2;0.678
7253.7;0.39
7254.2;0.433
7254.7;1.019
7255.2;0.31
7255.7;1.04
7256.2;1.019
7256.7;0.022
7257.2;0.721
7257.7;1.052
7258.2;0.849
7258.7;1.258
7259.2;2.012
7259.7;1.331
7260.2;2.353
7260.7;1.543
7261.2;1.388
7261.7;1.734
7262.2;1.286
7262.7;1.153
7263.2;3.407
7263.7;2.287
7264.2;3.585
7264.7;4.045
7265.2;2.318
7265.7;4.115
7266.2;2.35
7266.7;2.598
7267.2;2.526
7267.7;0.807
7268.2;2.378
7268.7;0.769
7269.2;1.264
7269.7;1.199
7270.2;0.426
7270.7;0.365
7271.2;0.806
7271.7;0.614
7272.2;0.141
7272.7;0.335
7273.2;0.398
7273.7;0.402
7274.2;0.174
7274.7;0.215
7275.2;0.6
7275.7;0.38
7276.2;0.504
7276.7;0.553
7277.2;0.34
7277.7;0.332
7278.2;0.272
7278.7;0.384
7279.2;0.396
7279.7;0.462
7280.2;0.545
7280.7;0.577
7281.2;0.506
7281.7;0.261
7282.2;0.168
7282.7;0.673
7283.2;0.463
7283.7;0.274
7284.2;0.094
7284.7;0.359
7285.2;0.784
7285.7;0.203
7286.2;0.378
7286.7;0.594
7287.2;0.484
7287.7;0.506
7288.2;0.124
7288.7;0.558
7289.2;0.646
7289.7;0.162
7290.2;0.227
7290.7;0.163
7291.2;0.387
7291.7;0.356
7292.2;0.082
7292.7;0.29
7293.2;0.37
7293.7;0.203
7294.2;0.076
7294.7;0.29
7295.2;0.398
7295.7;0.501
7296.2;0.32
7296.7;0.348
7297.2;0.477
7297.7;0.378
7298.2;0.238
7298.7;0.245
7299.2;0.494
7299.7;0.459
7300.2;0.276
7300.7;0.562
7301.2;0.389
7301.7;0.379
7302.2;0.51
7302.7;0.422
7303.2;0.106
7303.7;0.315
7304.2;0.381
7304.7;0.112
7305.2;0.285
7305.7;0.632
7306.2;0.365
7306.7;0.44
7307.2;0.135
7307.7;0.194
7308.2;0.21
7308.7;0.151
7309.2;0.151
7309.7;0.332
7310.2;0.147
7310.7;0.294
7311.2;0.269
7311.7;0.167
7312.2;0.159
7312.7;0.363
7313.2;0.429
7313.7;0.193
7314.2;0.168
7314.7;0.164
7315.2;0.23
7315.7;0.17
7316.2;0.186
7316.7;0.255
7317.2;0.411
7317.7;0.22
7318.2;0.142
7318.7;0.194
7319.2;0.255
7319.7;0.296
7320.2;0.485
7320.7;0.27
7321.2;0.233
7321.7;0.456
7322.2;0.542
7322.7;0.391
7323.2;0.459
7323.7;0.552
7324.2;0.329
7324.7;0.08
7325.2;0.709
7325.7;0.442
7326.2;0.43
7326.7;0.774
7327.2;0.518
7327.7;0.731
7328.2;0.62
7328.7;0.719
7329.2;1.198
7329.7;0.866
7330.2;0.935
7330.7;1.38
7331.2;0.98
7331.7;0.961
7332.2;0.729
7332.7;1.02
7333.2;0.542
7333.7;0.704
7334.2;0.842
7334.7;0.67
7335.2;0.614
7335.7;0.364
7336.2;0.258
7336.7;0.192
7337.2;0.322
7337.7;0.328
7338.2;0.166
7338.7;0.192
7339.2;0.38
7339.7;0.771
7340.2;0.633
7340.7;0.122
7341.2;0.647
7341.7;0.137
7342.2;0.099
7342.7;0.441
7343.2;0.332
7343.7;0.363
7344.2;0.333
7344.7;0.38
7345.2;0.079
7345.7;0.431
7346.2;0.069
7346.7;0.167
7347.2;0.094
7347.7;0.308
7348.2;0.649
7348.7;0.477
7349.2;0.301
7349.7;0.104
7350.2;0.578
7350.7;0.284
7351.2;0.142
7351.7;0.137
7352.2;0.073
7352.7;0.657
7353.2;0.252
7353.7;0.273
7354.2;0.425
7354.7;0.44
7355.2;0.091
7355.7;0.5
7356.2;0.24
7356.7;0.166
7357.2;0.242
7357.7;0.612
7358.2;0.169
7358.7;0.217
7359.2;0.25
7359.7;0.151
7360.2;0.372
7360.7;0.184
7361.2;0.528
7361.7;0.4
7362.2;0.128
7362.7;0.066
7363.2;0.395
7363.7;0.259
7364.2;0.265
7364.7;0.134
7365.2;0.171
7365.7;0.247
7366.2;0.098
7366.7;0.046
7367.2;0.292
7367.7;0.509
7368.2;0.352
7368.7;0.064
7369.2;0.081
7369.7;0.149
7370.2;0.372
7370.7;0.393
7371.2;0.142
7371.7;0.296
7372.2;0.353
7372.7;0.184
7373.2;0.154
7373.7;0.262
7374.2;0.09
7374.7;0.178
7375.2;0.364
7375.7;0.016
7376.2;0.504
7376.7;0.316
7377.2;0.499
7377.7;0.078
7378.2;0.34
7378.7;0.182
7379.2;0.292
7379.7;0.231
7380.2;0.323
7380.7;0.754
7381.2;0.3
7381.7;0.193
7382.2;0.341
7382.7;0.23
7383.2;0.415
7383.7;0.218
7384.2;0.115
7384.7;0.521
7385.2;0.334
7385.7;0.591
7386.2;0.62
7386.7;0.553
7387.2;0.079
7387.7;0.478
7388.2;0.182
7388.7;0.376
7389.2;0.433
7389.7;0.41
7390.2;0.119
7390.7;0.393
7391.2;0.311
7391.7;0.7
7392.2;0.426
7392.7;0.11
7393.2;0.861
7393.7;0.374
7394.2;0.662
7394.7;0.939
7395.2;0.506
7395.7;0.214
7396.2;0.671
7396.7;0.269
7397.2;0.622
7397.7;0.504
7398.2;0.494
7398.7;0.392
7399.2;0.294
7399.7;0.378
7400.2;0.643
7400.7;0.322
7401.2;0.138
7401.7;0.619
7402.2;0.389
7402.7;0.343
7403.2;0.599
7403.7;0.353
7404.2;0.301
7404.7;0.445
7405.2;0.207
7405.7;0.55
7406.2;0.478
7406.7;0.349
7407.2;0.933
7407.7;0.584
7408.2;0.4
7408.7;1.068
7409.2;0.394
7409.7;0.947
7410.2;0.763
7410.7;0.295
7411.2;0.727
7411.7;0.672
7412.2;0.522
7412.7;0.805
7413.2;0.19
7413.7;0.422
7414.2;0.559
7414.7;0.597
7415.2;0.962
7415.7;0.868
7416.2;0.519
7416.7;0.802
7417.2;0.693
7417.7;0.923
7418.2;0.953
7418.7;0.822
7419.2;0.566
7419.7;0.594
7420.2;0.492
7420.7;0.965
7421.2;0.654
7421.7;0.658
7422.2;0.655
7422.7;0.91
7423.2;0.731
7423.7;0.91
7424.2;0.432
7424.7;0.784
7425.2;0.205
7425.7;0.449
7426.2;0.352
7426.7;0.365
7427.2;0.312
7427.7;0.222
7428.2;0.535
7428.7;0.6
7429.2;0.424
7429.7;0.139
7430.2;0.447
7430.7;0.35
7431.2;0.559
7431.7;0.171
7432.2;0.202
7432.7;0.099
7433.2;0.305
7433.7;0.296
7434.2;0.476
7434.7;0.426
7435.2;0.323
7435.7;0.322
7436.2;0.66
7436.7;0.502
7437.2;0.69
7437.7;0.618
7438.2;0.266
7438.7;0.345
7439.2;0.653
7439.7;0.733
7440.2;0.569
7440.7;0.686
7441.2;0.803
7441.7;0.812
7442.2;0.82
7442.7;0.625
7443.2;0.278
7443.7;0.536
7444.2;0.625
7444.7;0.622
7445.2;0.221
7445.7;0.641
7446.2;0.518
7446.7;0.613
7447.2;0.532
7447.7;0.744
7448.2;0.253
7448.7;0.52
7449.2;0.281
7449.7;0.396
7450.2;0.127
7450.7;0.344
7451.2;0.577
7451.7;0.683
7452.2;0.526
7452.7;0.599
7453.2;0.225
7453.7;0.461
7454.2;0.355
7454.7;0.297
7455.2;0.349
7455.7;0.609
7456.2;0.614
7456.7;0.354
7457.2;0.433
7457.7;0.325
7458.2;0.337
7458.7;0.249
7459.2;0.291
7459.7;0.142
7460.2;0.112
7460.7;0.206
7461.2;0.147
7461.7;0.276
7462.2;0.498
7462.7;0.177
7463.2;0.163
7463.7;0.362
7464.2;0.198
7464.7;0.125
7465.2;0.075
7465.7;0.219
7466.2;0.24
7466.7;0.377
7467.2;0.49
7467.7;0.202
7468.2;0.268
7468.7;0.147
7469.2;0.392
7469.7;0.348
7470.2;0.149
7470.7;0.115
7471.2;0.097
7471.7;0.143
7472.2;0.099
7472.7;0.097
7473.2;0.231
7473.7;0.278
7474.2;0.259
7474.7;0.226
7475.2;0.23
7475.7;0.007
7476.2;0.076
7476.7;0.118
7477.2;0.193
7477.7;0.045
7478.2;0.226
7478.7;0.132
7479.2;0.115
7479.7;0.267
7480.2;0.136
7480.7;0.059
7481.2;0.134
7481.7;0.16
7482.2;0.105
7482.7;0.108
7483.2;0.187
7483.7;0.093
7484.2;0.102
7484.7;0.238
7485.2;0.065
7485.7;0.244
7486.2;0.13
7486.7;0.084
7487.2;0.262
7487.7;0.096
7488.2;0.102
7488.7;0.089
7489.2;0.11
7489.7;0.182
7490.2;0.214
7490.7;0.208
7491.2;0.083
7491.7;0.069
7492.2;0.211
7492.7;0.217
7493.2;0.13
7493.7;0.054
7494.2;0.223
7494.7;0.253
7495.2;0.079
7495.7;0.058
7496.2;0.06
7496.7;0.127
7497.2;0.122
7497.7;0.176
7498.2;0.201
7498.7;0.193
7499.2;0.446
7499.7;0.12
7500.2;0.194
7500.7;0.096
7501.2;0.038
7501.7;0.227
7502.2;0.148
7502.7;0.14
7503.2;0.07
7503.7;0.112
7504.2;0.252
7504.7;0.169
7505.2;0.165
7505.7;0.206
7506.2;0.122
7506.7;0.025
7507.2;0.269
7507.7;0.222
7508.2;0.075
7508.7;0.255
7509.2;0.218
7509.7;0.128
7510.2;0.126
7510.7;0.15
7511.2;0.137
7511.7;0.225
7512.2;0.283
7512.7;0.205
7513.2;0.167
7513.7;0.198
7514.2;0.027
7514.7;0.162
7515.2;0.252
7515.7;0.205
7516.2;0.133
7516.7;0.326
7517.2;0.165
7517.7;0.029
7518.2;0.229
7518.7;0.129
7519.2;0.177
7519.7;0.173
7520.2;0.191
7520.7;0.179
7521.2;0.335
7521.7;0.063
7522.2;0.08
7522.7;0.209
7523.2;0.103
7523.7;0.203
7524.2;0.158
7524.7;0.067
7525.2;0.232
7525.7;0.207
7526.2;0.068
7526.7;0.231
7527.2;0.144
7527.7;0.196
7528.2;0.047
7528.7;0.094
7529.2;0.209
7529.7;0.267
7530.2;0.125
7530.7;0.168
7531.2;0.417
7531.7;0.346
7532.2;0.169
7532.7;0.261
7533.2;0.618
7533.7;0.36
7534.2;0.192
7534.7;0.44
7535.2;0.501
7535.7;0.603
7536.2;0.297
7536.7;0.511
7537.2;0.712
7537.7;0.544
7538.2;0.149
7538.7;0.568
7539.2;0.721
7539.7;0.266
7540.2;0.181
7540.7;0.662
7541.2;0.487
7541.7;0.002
7542.2;0.319
7542.7;0.502
7543.2;0.402
7543.7;0.225
7544.2;0.477
7544.7;0.375
7545.2;0.228
7545.7;0.382
7546.2;0.468
7546.7;0.36
7547.2;0.601
7547.7;0.613
7548.2;0.654
7548.7;0.541
7549.2;0.896
7549.7;0.881
7550.2;0.581
7550.7;0.792
7551.2;0.799
7551.7;0.645
7552.2;0.858
7552.7;0.901
7553.2;0.972
7553.7;0.938
7554.2;1.079
7554.7;0.984
7555.2;1.065
7555.7;0.993
7556.2;0.859
7556.7;0.672
7557.2;0.866
7557.7;0.849
7558.2;0.898
7558.7;0.97
7559.2;1.007
7559.7;0.974
7560.2;0.914
7560.7;0.811
7561.2;0.866
7561.7;1.031
7562.2;0.959
7562.7;0.991
7563.2;1.223
7563.7;1.514
7564.2;1.537
7564.7;1.525
7565.2;1.5
7565.7;1.365
7566.2;1.209
7566.7;1.211
7567.2;1.229
7567.7;1.375
7568.2;1.57
7568.7;1.573
7569.2;1.815
7569.7;1.832
7570.2;1.736
7570.7;1.628
7571.2;1.456
7571.7;1.189
7572.2;0.893
7572.7;0.987
7573.2;1.089
7573.7;1.447
7574.2;1.556
7574.7;1.646
7575.2;1.652
7575.7;1.747
7576.2;1.548
7576.7;1.257
7577.2;0.997
7577.7;0.55
7578.2;0.507
7578.7;0.58
7579.2;0.76
7579.7;1.16
7580.2;1.517
7580.7;2.009
7581.2;2.39
7581.7;2.728
7582.2;2.992
7582.7;3.292
7583.2;3.319
7583.7;3.335
7584.2;3.425
7584.7;3.378
7585.2;3.292
7585.7;2.981
7586.2;2.83
7586.7;2.667
7587.2;2.453
7587.7;2.241
7588.2;2.348
7588.7;2.213
7589.2;2.124
7589.7;2.04
7590.2;2.118
7590.7;2.017
7591.2;1.92
7591.7;1.987
7592.2;2.007
7592.7;1.837
7593.2;1.562
7593.7;1.527
7594.2;1.204
7594.7;0.917
7595.2;0.566
7595.7;0.288
7596.2;0.191
7596.7;0.175
7597.2;0.242
7597.7;0.237
7598.2;0.328
7598.7;0.237
7599.2;0.262
7599.7;0.289
7600.2;0.273
7600.7;0.269
7601.2;0.305
7601.7;0.227
7602.2;0.239
7602.7;0.189
7603.2;0.1
7603.7;0.059
7604.2;0.041
7604.7;0.051
7605.2;0.181
7605.7;0.253
7606.2;0.25
7606.7;0.388
7607.2;0.379
7607.7;0.329
7608.2;0.33
7608.7;0.375
7609.2;0.152
7609.7;0.018
7610.2;0.107
7610.7;0.227
7611.2;0.277
7611.7;0.318
7612.2;0.272
7612.7;0.408
7613.2;0.336
7613.7;0.251
7614.2;0.239
7614.7;0.21
7615.2;0.082
7615.7;0.085
7616.2;0.118
7616.7;0.292
7617.2;0.202
7617.7;0.167
7618.2;0.163
7618.7;0.111
7619.2;0.098
7619.7;0.152
7620.2;0.292
7620.7;0.258
7621.2;0.326
7621.7;0.301
7622.2;0.129
7622.7;0.094
7623.2;0.1
7623.7;0.13
7624.2;0.168
7624.7;0.101
7625.2;0.106
7625.7;0.175
7626.2;0.304
7626.7;0.29
7627.2;0.212
7627.7;0.175
7628.2;0.045
7628.7;0.069
7629.2;0.299
7629.7;0.241
7630.2;0.233
7630.7;0.199
7631.2;0.111
7631.7;0.064
7632.2;0.212
7632.7;0.36
7633.2;0.437
7633.7;0.261
7634.2;0.281
7634.7;0.176
7635.2;0.147
7635.7;0.087
7636.2;0.053
7636.7;0.198
7637.2;0.266
7637.7;0.121
7638.2;0.335
7638.7;0.123
7639.2;0.044
7639.7;0.095
7640.2;0.068
7640.7;0.156
7641.2;0.14
7641.7;0.169
7642.2;0.319
7642.7;0.095
7643.2;0.323
7643.7;0.058
7644.2;0.113
7644.7;0.179
7645.2;0.207
7645.7;0.191
7646.2;0.08
7646.7;0.092
7647.2;0.074
7647.7;0.272
7648.2;0.22
7648.7;0.347
7649.2;0.257
7649.7;0.207
7650.2;0.134
7650.7;0.037
7651.2;0.226
7651.7;0.111
7652.2;0.135
7652.7;0.092
7653.2;0.169
7653.7;0.151
7654.2;0.269
7654.7;0.283
7655.2;0.038
7655.7;0.088
7656.2;0.157
7656.7;0.407
7657.2;0.574
7657.7;0.391
7658.2;0.285
7658.7;0.175
7659.2;0.195
7659.7;0.196
7660.2;0.356
7660.7;0.414
7661.2;0.312
7661.7;0.308
7662.2;0.281
7662.7;0.234
7663.2;0.03
7663.7;0.085
7664.2;0.149
7664.7;0.075
7665.2;0.119
7665.7;0.327
7666.2;0.224
7666.7;0.167
7667.2;0.112
7667.7;0.12
7668.2;0.156
7668.7;0.171
7669.2;0.187
7669.7;0.279
7670.2;0.281
7670.7;0.181
7671.2;0.215
7671.7;0.183
7672.2;0.244
7672.7;0.123
7673.2;0.323
7673.7;0.245
7674.2;0.193
7674.7;0.194
7675.2;0.102
7675.7;0.28
7676.2;0.379
7676.7;0.431
7677.2;0.353
7677.7;0.133
7678.2;0.176
7678.7;0.09
7679.2;0.166
7679.7;0.265
7680.2;0.186
7680.7;0.408
7681.2;0.324
7681.7;0.354
7682.2;0.257
7682.7;0.406
7683.2;0.264
7683.7;0.289
7684.2;0.417
7684.7;0.497
7685.2;0.548
7685.7;0.241
7686.2;0.07
7686.7;0.167
7687.2;0.445
7687.7;0.467
7688.2;0.51
7688.7;0.351
7689.2;0.304
7689.7;0.229
7690.2;0.537
7690.7;0.565
7691.2;0.504
7691.7;0.51
7692.2;0.687
7692.7;0.906
7693.2;1.016
7693.7;0.801
7694.2;0.694
7694.7;0.832
7695.2;0.852
7695.7;1.012
7696.2;0.893
7696.7;0.831
7697.2;0.986
7697.7;0.857
7698.2;0.58
7698.7;0.416
7699.2;0.57
7699.7;0.595
7700.2;0.623
7700.7;0.316
7701.2;0.214
7701.7;0.431
7702.2;0.327
7702.7;0.21
7703.2;0.296
7703.7;0.631
7704.2;0.5
7704.7;0.387
7705.2;0.053
7705.7;0.164
7706.2;0.391
7706.7;0.332
7707.2;0.126
7707.7;0.314
7708.2;0.455
7708.7;0.192
7709.2;0.457
7709.7;0.59
7710.2;0.422
7710.7;0.24
7711.2;0.273
7711.7;0.27
7712.2;0.098
7712.7;0.211
7713.2;0.38
7713.7;0.454
7714.2;0.442
7714.7;0.099
7715.2;0.346
7715.7;0.59
7716.2;0.389
7716.7;0.137
7717.2;0.23
7717.7;0.106
7718.2;0.155
7718.7;0.148
7719.2;0.143
7719.7;0.438
7720.2;0.092
7720.7;0.058
7721.2;0.135
7721.7;0.093
7722.2;0.234
7722.7;0.354
7723.2;0.136
7723.7;0.068
7724.2;0.116
7724.7;0.277
7725.2;0.234
7725.7;0.226
7726.2;0.372
7726.7;0.255
7727.2;0.12
7727.7;0.345
7728.2;0.609
7728.7;0.668
7729.2;0.454
7729.7;0.152
7730.2;0.276
7730.7;0.303
7731.2;0.233
7731.7;0.299
7732.2;0.398
7732.7;0.484
7733.2;0.206
7733.7;0.075
7734.2;0.19
7734.7;0.158
7735.2;0.158
7735.7;0.293
7736.2;0.017
7736.7;0.178
7737.2;0.175
7737.7;0.273
7738.2;0.216
7738.7;0.105
7739.2;0.144
7739.7;0.201
7740.2;0.29
7740.7;0.547
7741.2;0.248
7741.7;0.343
7742.2;0.243
7742.7;0.109
7743.2;0.26
7743.7;0.384
7744.2;0.289
7744.7;0.383
7745.2;0.213
7745.7;0.059
7746.2;0.348
7746.7;0.363
7747.2;0.093
7747.7;0.394
7748.2;0.169
7748.7;0.12
7749.2;0.128
7749.7;0.151
7750.2;0.362
7750.7;0.349
7751.2;0.115
7751.7;0.086
7752.2;0.164
7752.7;0.351
7753.2;0.201
7753.7;0.61
7754.2;0.271
7754.7;0.424
7755.2;0.445
7755.7;0.3
7756.2;0.57
7756.7;0.389
7757.2;0.478
7757.7;0.376
7758.2;0.175
7758.7;0.408
7759.2;0.528
7759.7;0.474
7760.2;0.431
7760.7;0.639
7761.2;0.415
7761.7;0.306
7762.2;0.439
7762.7;0.461
7763.2;0.41
7763.7;0.537
7764.2;0.333
7764.7;0.147
7765.2;0.351
7765.7;0.448
7766.2;0.553
7766.7;0.58
7767.2;0.187
7767.7;0.367
7768.2;0.226
7768.7;0.196
7769.2;0.206
7769.7;0.654
7770.2;0.298
7770.7;0.484
7771.2;0.222
7771.7;0.363
7772.2;0.105
7772.7;0.904
7773.2;0.056
7773.7;0.794
7774.2;0.583
7774.7;0.761
7775.2;0.44
7775.7;0.802
7776.2;0.355
7776.7;1.221
7777.2;0.689
7777.7;1.231
7778.2;1.611
7778.7;0.828
7779.2;1.855
7779.7;0.219
7780.2;1.375
7780.7;0.912
7781.2;1.835
7781.7;1.373
7782.2;3.05
7782.7;1.743
7783.2;3.862
7783.7;2.51
7784.2;3.311
7784.7;2.867
7785.2;1.91
7785.7;3.192
7786.2;1.652
7786.7;2.923
7787.2;1.832
7787.7;1.758
7788.2;2.336
7788.7;0.899
7789.2;2.182
7789.7;0.611
7790.2;1.319
7790.7;0.35
7791.2;0.331
7791.7;0.61
7792.2;0.651
7792.7;0.332
7793.2;0.996
7793.7;0.112
7794.2;0.754
7794.7;0.423
7795.2;0.96
7795.7;0.231
7796.2;0.434
7796.7;0.449
7797.2;0.192
7797.7;0.514
7798.2;0.165
7798.7;0.506
7799.2;0.493
7799.7;0.226
7800.2;0.605
7800.7;0.316
7801.2;0.812
7801.7;0.853
7802.2;0.467
7802.7;0.561
7803.2;0.555
7803.7;0.107
7804.2;0.47
7804.7;0.183
7805.2;0.312
7805.7;0.354
7806.2;0.239
7806.7;0.612
7807.2;0.295
7807.7;0.323
7808.2;0.37
7808.7;0.14
7809.2;0.413
7809.7;0.565
7810.2;0.209
7810.7;0.371
7811.2;0.056
7811.7;0.637
7812.2;0.48
7812.7;0.511
7813.2;1.222
7813.7;0.416
7814.2;0.594
7814.7;0.808
7815.2;0.473
7815.7;0.857
7816.2;0.864
7816.7;0.282
7817.2;0.493
7817.7;0.536
7818.2;0.515
7818.7;0.06
7819.2;0.56
7819.7;0.703
7820.2;0.101
7820.7;0.758
7821.2;1.237
7821.7;0.389
7822.2;0.835
7822.7;0.943
7823.2;0.583
7823.7;0.822
7824.2;0.728
7824.7;0.392
7825.2;0.561
7825.7;0.685
7826.2;0.221
7826.7;0.154
7827.2;0.75
7827.7;0.42
7828.2;0.298
7828.7;0.493
7829.2;0.64
7829.7;0.552
7830.2;0.551
7830.7;0.428
7831.2;0.413
7831.7;0.72
7832.2;0.768
7832.7;0.598
7833.2;0.63
7833.7;0.772
7834.2;0.464
7834.7;0.471
7835.2;0.572
7835.7;0.635
7836.2;0.126
7836.7;0.445
7837.2;0.373
7837.7;0.43
7838.2;0.337
7838.7;0.161
7839.2;0.224
7839.7;0.171
7840.2;0.312
7840.7;0.249
7841.2;0.298
7841.7;0.199
7842.2;0.003
7842.7;0.236
7843.2;0.298
7843.7;0.539
7844.2;0.078
7844.7;0.477
7845.2;0.212
7845.7;0.275
7846.2;0.411
7846.7;0.245
7847.2;0.214
7847.7;0.585
7848.2;0.374
7848.7;0.266
7849.2;0.332
7849.7;0.35
7850.2;0.151
7850.7;0.521
7851.2;0.512
7851.7;0.592
7852.2;0.355
7852.7;0.29
7853.2;0.304
7853.7;0.347
7854.2;0.475
7854.7;0.607
7855.2;0.79
7855.7;0.478
7856.2;0.438
7856.7;0.338
7857.2;0.544
7857.7;0.149
7858.2;0.347
7858.7;0.26
7859.2;0.287
7859.7;0.068
7860.2;0.307
7860.7;0.144
7861.2;0.117
7861.7;0.444
7862.2;0.345
7862.7;0.365
7863.2;0.332
7863.7;0.399
7864.2;0.202
7864.7;0.489
7865.2;0.361
7865.7;0.531
7866.2;0.26
7866.7;0.228
7867.2;0.167
7867.7;0.278
7868.2;0.187
7868.7;0.284
7869.2;0.305
7869.7;0.266
7870.2;0.332
7870.7;0.395
7871.2;0.222
7871.7;0.291
7872.2;0.302
7872.7;0.108
7873.2;0.116
7873.7;0.394
7874.2;0.073
7874.7;0.096
7875.2;0.223
7875.7;0.558
7876.2;0.53
7876.7;0.204
7877.2;0.084
7877.7;0.196
7878.2;0.504
7878.7;0.343
7879.2;0.072
7879.7;0.111
7880.2;0.281
7880.7;0.036
7881.2;0.336
7881.7;0.118
7882.2;0.103
7882.7;0.244
7883.2;0.375
7883.7;0.143
7884.2;0.181
7884.7;0.31
7885.2;0.213
7885.7;0.365
7886.2;0.167
7886.7;0.117
7887.2;0.31
7887.7;0.294
7888.2;0.52
7888.7;0.238
7889.2;0.44
7889.7;0.267
7890.2;0.384
7890.7;0.083
7891.2;0.219
7891.7;0.306
7892.2;0.189
7892.7;0.215
7893.2;0.24
7893.7;0.234
7894.2;0.312
7894.7;0.195
7895.2;0.101
7895.7;0.151
7896.2;0.183
7896.7;0.299
7897.2;0.099
7897.7;0.27
7898.2;0.286
7898.7;0.218
7899.2;0.353
7899.7;0.155
7900.2;0.051
7900.7;0.145
7901.2;0.274
7901.7;0.276
7902.2;0.076
7902.7;0.226
7903.2;0.191
7903.7;0.171
7904.2;0.295
7904.7;0.317
7905.2;0.15
7905.7;0.206
7906.2;0.119
7906.7;0.161
7907.2;0.161
7907.7;0.267
7908.2;0.207
7908.7;0.159
7909.2;0.235
7909.7;0.113
7910.2;0.262
7910.7;0.433
7911.2;0.339
7911.7;0.283
7912.2;0.196
7912.7;0.141
7913.2;0.023
7913.7;0.129
7914.2;0.292
7914.7;0.228
7915.2;0.168
7915.7;0.189
7916.2;0.213
7916.7;0.311
7917.2;0.469
7917.7;0.269
7918.2;0.313
7918.7;0.216
7919.2;0.227
7919.7;0.259
7920.2;0.222
7920.7;0.365
7921.2;0.316
7921.7;0.329
7922.2;0.304
7922.7;0.226
7923.2;0.453
7923.7;0.288
7924.2;0.491
7924.7;0.47
7925.2;0.343
7925.7;0.456
7926.2;0.536
7926.7;0.318
7927.2;0.264
7927.7;0.306
7928.2;0.27
7928.7;0.39
7929.2;0.361
7929.7;0.463
7930.2;0.308
7930.7;0.293
7931.2;0.437
7931.7;0.306
7932.2;0.275
7932.7;0.468
7933.2;0.416
7933.7;0.421
7934.2;0.335
7934.7;0.238
7935.2;0.401
7935.7;0.363
7936.2;0.338
7936.7;0.314
7937.2;0.298
7937.7;0.224
7938.2;0.567
7938.7;0.295
7939.2;0.556
7939.7;0.344
7940.2;0.423
7940.7;0.128
7941.2;0.291
7941.7;0.31
7942.2;0.186
7942.7;0.195
7943.2;0.374
7943.7;0.372
7944.2;0.371
7944.7;0.424
7945.2;0.229
7945.7;0.388
7946.2;0.157
7946.7;0.203
7947.2;0.231
7947.7;0.443
7948.2;0.471
7948.7;0.447
7949.2;0.391
7949.7;0.569
7950.2;0.363
7950.7;0.463
7951.2;0.379
7951.7;0.276
7952.2;0.442
7952.7;0.451
7953.2;0.453
7953.7;0.357
7954.2;0.307
7954.7;0.318
7955.2;0.29
7955.7;0.173
7956.2;0.341
7956.7;0.195
7957.2;0.428
7957.7;0.506
7958.2;0.428
7958.7;0.524
7959.2;0.443
7959.7;0.208
7960.2;0.245
7960.7;0.174
7961.2;0.278
7961.7;0.322
7962.2;0.324
7962.7;0.248
7963.2;0.306
7963.7;0.352
7964.2;0.586
7964.7;0.523
7965.2;0.478
7965.7;0.561
7966.2;0.593
7966.7;0.635
7967.2;0.533
7967.7;0.398
7968.2;0.541
7968.7;0.413
7969.2;0.12
7969.7;0.214
7970.2;0.055
7970.7;0.172
7971.2;0.407
7971.7;0.369
7972.2;0.611
7972.7;0.412
7973.2;0.665
7973.7;0.581
7974.2;0.589
7974.7;0.471
7975.2;0.535
7975.7;0.563
7976.2;0.647
7976.7;0.297
7977.2;0.241
7977.7;0.256
7978.2;0.429
7978.7;0.355
7979.2;0.349
7979.7;0.446
7980.2;0.677
7980.7;0.872
7981.2;0.838
7981.7;0.752
7982.2;0.688
7982.7;0.447
7983.2;0.468
7983.7;0.335
7984.2;0.253
7984.7;0.349
7985.2;0.072
7985.7;0.324
7986.2;0.422
7986.7;0.61
7987.2;0.834
7987.7;0.734
7988.2;0.633
7988.7;0.598
7989.2;0.579
7989.7;0.822
7990.2;0.521
7990.7;0.209
7991.2;0.174
7991.7;0.52
7992.2;0.649
7992.7;0.602
7993.2;0.597
7993.7;0.559
7994.2;0.499
7994.7;0.789
7995.2;0.668
7995.7;0.793
7996.2;0.536
7996.7;0.34
7997.2;0.017
7997.7;0.159
7998.2;0.103
7998.7;0.187
7999.2;0.157
7999.7;0.356
8000.2;0.369
8000.7;0.432
8001.2;0.407
8001.7;0.277
8002.2;0.404
8002.7;0.185
8003.2;0.269
8003.7;0.17
8004.2;0.433
8004.7;0.341
8005.2;0.398
8005.7;0.539
8006.2;0.56
8006.7;0.546
8007.2;0.369
8007.7;0.31
8008.2;0.53
8008.7;0.458
8009.2;0.373
8009.7;0.097
8010.2;0.382
8010.7;0.477
8011.2;0.499
8011.7;0.572
8012.2;0.668
8012.7;0.7
8013.2;0.841
8013.7;0.77
8014.2;0.755
8014.7;0.542
8015.2;0.133
8015.7;0.157
8016.2;0.304
8016.7;0.646
8017.2;0.436
8017.7;0.428
8018.2;0.512
8018.7;0.636
8019.2;0.731
8019.7;0.37
8020.2;0.113
8020.7;0.156
8021.2;0.368
8021.7;0.281
8022.2;0.281
8022.7;0.508
8023.2;0.523
8023.7;0.746
8024.2;0.541
8024.7;0.324
8025.2;0.338
8025.7;0.137
8026.2;0.35
8026.7;0.088
8027.2;0.369
8027.7;0.512
8028.2;0.587
8028.7;0.716
8029.2;0.655
8029.7;0.56
8030.2;0.301
8030.7;0.098
8031.2;0.235
8031.7;0.092
8032.2;0.303
8032.7;0.355
8033.2;0.428
8033.7;0.565
8034.2;0.437
8034.7;0.314
8035.2;0.011
8035.7;0.024
8036.2;0.262
8036.7;0.342
8037.2;0.364
8037.7;0.655
8038.2;0.713
8038.7;0.755
8039.2;0.413
8039.7;0.412
8040.2;0.122
8040.7;0.136
8041.2;0.251
8041.7;0.265
8042.2;0.292
8042.7;0.375
8043.2;0.44
8043.7;0.279
8044.2;0.306
8044.7;0.314
8045.2;0.15
8045.7;0.194
8046.2;0.202
8046.7;0.18
8047.2;0.425
8047.7;0.524
8048.2;0.185
8048.7;0.403
8049.2;0.398
8049.7;0.161
8050.2;0.14
8050.7;0.296
8051.2;0.337
8051.7;0.297
8052.2;0.462
8052.7;0.357
8053.2;0.285
8053.7;0.109
8054.2;0.316
8054.7;0.235
8055.2;0.399
8055.7;0.652
8056.2;0.272
8056.7;0.424
8057.2;0.426
8057.7;0.251
8058.2;0.487
8058.7;0.051
8059.2;0.064
8059.7;0.131
8060.2;0.164
8060.7;0.333
8061.2;0.098
8061.7;0.436
8062.2;0.508
8062.7;0.064
8063.2;0.33
8063.7;0.293
8064.2;0.423
8064.7;0.227
8065.2;0.447
8065.7;0.406
8066.2;0.425
8066.7;0.216
8067.2;0.082
8067.7;0.106
8068.2;0.32
8068.7;0.125
8069.2;0.296
8069.7;0.151
8070.2;0.284
8070.7;0.311
8071.2;0.201
8071.7;0.209
8072.2;0.222
8072.7;0.06
8073.2;0.194
8073.7;0.135
8074.2;0.24
8074.7;0.34
8075.2;0.209
8075.7;0.164
8076.2;0.44
8076.7;0.274
8077.2;0.201
8077.7;0.38
8078.2;0.144
8078.7;0.157
8079.2;0.073
8079.7;0.391
8080.2;0.418
8080.7;0.178
8081.2;0.096
8081.7;0.061
8082.2;0.104
8082.7;0.256
8083.2;0.196
8083.7;0.284
8084.2;0.307
8084.7;0.341
8085.2;0.159
8085.7;0.365
8086.2;0.127
8086.7;0.226
8087.2;0.164
8087.7;0.183
8088.2;0.066
8088.7;0.307
8089.2;0.243
8089.7;0.252
8090.2;0.277
8090.7;0.378
8091.2;0.142
8091.7;0.083
8092.2;0.206
8092.7;0.304
8093.2;0.026
8093.7;0.375
8094.2;0.399
8094.7;0.254
8095.2;0.371
8095.7;0.448
8096.2;0.29
8096.7;0.161
8097.2;0.343
8097.7;0.195
8098.2;0.169
8098.7;0.398
8099.2;0.347
8099.7;0.231
8100.2;0.225
8100.7;0.225
8101.2;0.4
8101.7;0.208
8102.2;0.043
8102.7;0.312
8103.2;0.329
8103.7;0.59
8104.2;0.569
8104.7;0.165
8105.2;0.459
8105.7;0.377
8106.2;0.27
8106.7;0.56
8107.2;0.438
8107.7;0.611
8108.2;1.104
8108.7;0.231
8109.2;0.776
8109.7;1.138
8110.2;0.304
8110.7;1.12
8111.2;0.68
8111.7;0.888
8112.2;1.683
8112.7;0.226
8113.2;1.382
8113.7;1.389
8114.2;0.53
8114.7;1.194
8115.2;0.776
8115.7;1.09
8116.2;1.533
8116.7;0.266
8117.2;1.303
8117.7;1.504
8118.2;0.879
8118.7;1.429
8119.2;0.044
8119.7;1.264
8120.2;1.091
8120.7;1.369
8121.2;1.264
8121.7;0.928
8122.2;1.432
8122.7;1.065
8123.2;1.243
8123.7;0.553
8124.2;1.247
8124.7;0.6
8125.2;0.809
8125.7;0.767
8126.2;0.248
8126.7;0.379
8127.2;0.556
8127.7;0.853
8128.2;0.327
8128.7;0.317
8129.2;0.218
8129.7;0.688
8130.2;0.796
8130.7;0.866
8131.2;0.183
8131.7;0.099
8132.2;0.194
8132.7;0.592
8133.2;0.313
8133.7;0.56
8134.2;0.495
8134.7;0.443
8135.2;0.565
8135.7;0.997
8136.2;0.162
8136.7;0.308
8137.2;0.184
8137.7;0.724
8138.2;0.792
8138.7;0.756
8139.2;0.336
8139.7;0.503
8140.2;0.665
8140.7;0.82
8141.2;0.424
8141.7;0.27
8142.2;0.194
8142.7;0.456
8143.2;0.528
8143.7;0.615
8144.2;0.232
8144.7;0.301
8145.2;0.5
8145.7;0.337
8146.2;0.292
8146.7;0.225
8147.2;0.116
8147.7;0.675
8148.2;0.353
8148.7;0.499
8149.2;0.697
8149.7;0.581
8150.2;0.719
8150.7;0.565
8151.2;0.403
8151.7;0.372
8152.2;0.294
8152.7;0.733
8153.2;0.416
8153.7;0.735
8154.2;1.166
8154.7;1.288
8155.2;1.109
8155.7;0.85
8156.2;0.692
8156.7;0.632
8157.2;0.452
8157.7;0.473
8158.2;0.449
8158.7;1.044
8159.2;1.338
8159.7;1.276
8160.2;1.228
8160.7;1.129
8161.2;1.076
8161.7;0.771
8162.2;0.584
8162.7;0.517
8163.2;0.702
8163.7;0.836
8164.2;0.887
8164.7;0.822
8165.2;0.91
8165.7;1.19
8166.2;1.362
8166.7;1.525
8167.2;1.805
8167.7;1.735
8168.2;1.407
8168.7;1.213
8169.2;1.172
8169.7;1.046
8170.2;0.915
8170.7;0.747
8171.2;0.628
8171.7;0.808
8172.2;0.769
8172.7;1.026
8173.2;0.799
8173.7;0.723
8174.2;0.466
8174.7;0.452
8175.2;0.432
8175.7;0.601
8176.2;0.417
8176.7;0.651
8177.2;0.377
8177.7;0.313
8178.2;0.421
8178.7;0.459
8179.2;0.386
8179.7;0.218
8180.2;0.268
8180.7;0.381
8181.2;0.241
8181.7;0.191
8182.2;0.058
8182.7;0.329
8183.2;0.107
8183.7;0.31
8184.2;0.259
8184.7;0.104
8185.2;0.067
8185.7;0.173
8186.2;0.209
8186.7;0.114
8187.2;0.049
8187.7;0.047
8188.2;0.095
8188.7;0.137
8189.2;0.129
8189.7;0.116
8190.2;0.25
8190.7;0.255
8191.2;0.199
8191.7;0.08
8192.2;0.228
8192.7;0.254
8193.2;0.293
8193.7;0.206
8194.2;0.257
8194.7;0.226
8195.2;0.393
8195.7;0.223
8196.2;0.043
8196.7;0.037
8197.2;0.342
8197.7;0.364
8198.2;0.355
8198.7;0.189
8199.2;0.097
8199.7;0.098
8200.2;0.161
8200.7;0.093
8201.2;0.092
8201.7;0.073
8202.2;0.078
8202.7;0.097
8203.2;0.193
8203.7;0.12
8204.2;0.067
8204.7;0.184
8205.2;0.08
8205.7;0.174
8206.2;0.075
8206.7;0.055
8207.2;0.179
8207.7;0.217
8208.2;0.168
8208.7;0.213
8209.2;0.277
8209.7;0.223
8210.2;0.16
8210.7;0.132
8211.2;0.152
8211.7;0.039
8212.2;0.153
8212.7;0.171
8213.2;0.211
8213.7;0.155
8214.2;0.107
8214.7;0.27
8215.2;0.309
8215.7;0.066
8216.2;0.175
8216.7;0.202
8217.2;0.181
8217.7;0.15
8218.2;0.31
8218.7;0.531
8219.2;0.44
8219.7;0.397
8220.2;0.086
8220.7;0.154
8221.2;0.245
8221.7;0.137
8222.2;0.088
8222.7;0.325
8223.2;0.397
8223.7;0.23
8224.2;0.196
8224.7;0.168
8225.2;0.128
8225.7;0.179
8226.2;0.169
8226.7;0.171
8227.2;0.08
8227.7;0.207
8228.2;0.02
8228.7;0.283
8229.2;0.336
8229.7;0.294
8230.2;0.1
8230.7;0.065
8231.2;0.14
8231.7;0.262
8232.2;0.138
8232.7;0.294
8233.2;0.329
8233.7;0.101
8234.2;0.159
8234.7;0.067
8235.2;0.202
8235.7;0.198
8236.2;0.105
8236.7;0.031
8237.2;0.099
8237.7;0.104
8238.2;0.259
8238.7;0.371
8239.2;0.134
8239.7;0.134
8240.2;0.17
8240.7;0.19
8241.2;0.36
8241.7;0.488
8242.2;0.152
8242.7;0.127
8243.2;0.173
8243.7;0.17
8244.2;0.201
8244.7;0.308
8245.2;0.183
8245.7;0.123
8246.2;0.241
8246.7;0.203
8247.2;0.251
8247.7;0.284
8248.2;0.097
8248.7;0.096
8249.2;0.277
8249.7;0.326
8250.2;0.267
8250.7;0.329
8251.2;0.274
8251.7;0.226
8252.2;0.336
8252.7;0.411
8253.2;0.494
8253.7;0.234
8254.2;0.246
8254.7;0.304
8255.2;0.274
8255.7;0.328
8256.2;0.476
8256.7;0.237
8257.2;0.211
8257.7;0.101
8258.2;0.269
8258.7;0.321
8259.2;0.06
8259.7;0.238
8260.2;0.266
8260.7;0.166
8261.2;0.24
8261.7;0.226
8262.2;0.211
8262.7;0.099
8263.2;0.151
8263.7;0.164
8264.2;0.126
8264.7;0.183
8265.2;0.124
8265.7;0.119
8266.2;0.31
8266.7;0.06
8267.2;0.163
8267.7;0.059
8268.2;0.036
8268.7;0.195
8269.2;0.124
8269.7;0.072
8270.2;0.066
8270.7;0.167
8271.2;0.021
8271.7;0.072
8272.2;0.323
8272.7;0.25
8273.2;0.12
8273.7;0.262
8274.2;0.134
8274.7;0.24
8275.2;0.137
8275.7;0.169
8276.2;0.105
8276.7;0.053
8277.2;0.087
8277.7;0.017
8278.2;0.035
8278.7;0.264
8279.2;0.223
8279.7;0.166
8280.2;0.225
8280.7;0.089
8281.2;0.186
8281.7;0.288
8282.2;0.126
8282.7;0.308
8283.2;0.171
8283.7;0.185
8284.2;0.21
8284.7;0.193
8285.2;0.123
8285.7;0.336
8286.2;0.24
8286.7;0.163
8287.2;0.211
8287.7;0.024
8288.2;0.146
8288.7;0.242
8289.2;0.153
8289.7;0.057
8290.2;0.206
8290.7;0.11
8291.2;0.104
8291.7;0.09
8292.2;0.082
8292.7;0.261
8293.2;0.262
8293.7;0.185
8294.2;0.189
8294.7;0.083
8295.2;0.199
8295.7;0.253
8296.2;0.267
8296.7;0.474
8297.2;0.299
8297.7;0.348
8298.2;0.22
8298.7;0.166
8299.2;0.373
8299.7;0.538
8300.2;0.382
8300.7;0.601
8301.2;0.358
8301.7;0.545
8302.2;0.149
8302.7;0.243
8303.2;0.228
8303.7;0.135
8304.2;0.644
8304.7;0.665
8305.2;0.499
8305.7;1.011
8306.2;0.81
8306.7;1.154
8307.2;0.567
8307.7;0.802
8308.2;0.547
8308.7;0.406
8309.2;0.378
8309.7;0.567
8310.2;0.206
8310.7;0.272
8311.2;0.104
8311.7;0.142
8312.2;0.313
8312.7;0.353
8313.2;0.187
8313.7;0.648
8314.2;0.156
8314.7;0.304
8315.2;0.11
8315.7;0.105
8316.2;0.303
8316.7;0.315
8317.2;0.237
8317.7;0.27
8318.2;0.188
8318.7;0.324
8319.2;0.075
8319.7;0.428
8320.2;0.231
8320.7;0.328
8321.2;0.429
8321.7;0.012
8322.2;0.13
8322.7;0.148
8323.2;0.219
8323.7;0.183
8324.2;0.172
8324.7;0.132
8325.2;0.279
8325.7;0.383
8326.2;0.111
8326.7;0.326
8327.2;0.17
8327.7;0.026
8328.2;0.491
8328.7;0.158
8329.2;0.158
8329.7;0.166
8330.2;0.185
8330.7;0.307
8331.2;0.112
8331.7;0.292
8332.2;0.284
8332.7;0.374
8333.2;0.144
8333.7;0.144
8334.2;0.183
8334.7;0.269
8335.2;0.052
8335.7;0.179
8336.2;0.111
8336.7;0.188
8337.2;0.351
8337.7;0.317
8338.2;0.158
8338.7;0.255
8339.2;0.376
8339.7;0.358
8340.2;0.225
8340.7;0.466
8341.2;0.318
8341.7;0.497
8342.2;0.071
8342.7;0.722
8343.2;0.04
8343.7;0.348
8344.2;0.215
8344.7;0.318
8345.2;0.381
8345.7;0.128
8346.2;0.25
8346.7;0.055
8347.2;0.125
8347.7;0.126
8348.2;0.376
8348.7;0.161
8349.2;0.214
8349.7;0.28
8350.2;0.144
8350.7;0.113
8351.2;0.112
8351.7;0.095
8352.2;0.132
8352.7;0.226
8353.2;0.339
8353.7;0.058
8354.2;0.072
8354.7;0.236
8355.2;0.177
8355.7;0.366
8356.2;0.328
8356.7;0.341
8357.2;0.3
8357.7;0.07
8358.2;0.06
8358.7;0.161
8359.2;0.288
8359.7;0.312
8360.2;0.505
8360.7;0.386
8361.2;0.422
8361.7;0.138
8362.2;0.264
8362.7;0.107
8363.2;0.151
8363.7;0.445
8364.2;0.256
8364.7;0.2
8365.2;0.186
8365.7;0.237
8366.2;0.122
8366.7;0.186
8367.2;0.241
8367.7;0.332
8368.2;0.015
8368.7;0.231
8369.2;0.454
8369.7;0.393
8370.2;0.418
8370.7;0.264
8371.2;0.568
8371.7;0.117
8372.2;0.071
8372.7;0.452
8373.2;0.509
8373.7;0.574
8374.2;0.687
8374.7;0.596
8375.2;0.49
8375.7;0.276
8376.2;0.309
8376.7;0.708
8377.2;0.756
8377.7;0.982
8378.2;1.138
8378.7;0.96
8379.2;0.668
8379.7;0.651
8380.2;0.439
8380.7;0.707
8381.2;0.474
8381.7;0.744
8382.2;0.808
8382.7;0.741
8383.2;0.594
8383.7;0.433
8384.2;0.707
8384.7;0.58
8385.2;0.706
8385.7;0.599
8386.2;0.586
8386.7;0.408
8387.2;0.225
8387.7;0.256
8388.2;0.424
8388.7;0.348
8389.2;0.526
8389.7;0.272
8390.2;0.206
8390.7;0.151
8391.2;0.19
8391.7;0.304
8392.2;0.567
8392.7;0.554
8393.2;0.694
8393.7;0.297
8394.2;0.328
8394.7;0.194
8395.2;0.221
8395.7;0.261
8396.2;0.411
8396.7;0.24
8397.2;0.447
8397.7;0.196
8398.2;0.56
8398.7;0.713
8399.2;0.647
8399.7;0.774
8400.2;0.583
8400.7;0.487
8401.2;0.43
8401.7;0.725
8402.2;0.627
8402.7;0.662
8403.2;0.574
8403.7;0.44
8404.2;0.445
8404.7;0.293
8405.2;0.44
8405.7;0.488
8406.2;0.671
8406.7;0.319
8407.2;0.304
8407.7;0.128
8408.2;0.182
8408.7;0.298
8409.2;0.217
8409.7;0.302
8410.2;0.464
8410.7;0.23
8411.2;0.269
8411.7;0.187
8412.2;0.43
8412.7;0.547
8413.2;0.525
8413.7;0.46
8414.2;0.375
8414.7;0.449
8415.2;0.276
8415.7;0.547
8416.2;0.563
8416.7;0.611
8417.2;0.765
8417.7;0.496
8418.2;0.68
8418.7;0.731
8419.2;0.624
8419.7;0.861
8420.2;0.997
8420.7;0.774
8421.2;0.908
8421.7;0.61
8422.2;0.592
8422.7;0.667
8423.2;0.359
8423.7;0.658
8424.2;0.727
8424.7;0.407
8425.2;0.441
8425.7;0.557
8426.2;0.339
8426.7;0.466
8427.2;0.461
8427.7;0.526
8428.2;0.581
8428.7;0.191
8429.2;0.165
8429.7;0.467
8430.2;0.351
8430.7;0.622
8431.2;0.53
8431.7;0.428
8432.2;0.497
8432.7;0.561
8433.2;0.427
8433.7;0.618
8434.2;0.546
8434.7;0.51
8435.2;0.556
8435.7;0.5
8436.2;0.156
8436.7;0.584
8437.2;0.272
8437.7;0.509
8438.2;0.526
8438.7;0.452
8439.2;0.457
8439.7;0.389
8440.2;0.207
8440.7;0.291
8441.2;0.288
8441.7;0.292
8442.2;0.329
8442.7;0.246
8443.2;0.111
8443.7;0.317
8444.2;0.047
8444.7;0.221
8445.2;0.45
8445.7;0.167
8446.2;0.096
8446.7;0.105
8447.2;0.092
8447.7;0.168
8448.2;0.293
8448.7;0.151
8449.2;0.241
8449.7;0.163
8450.2;0.031
8450.7;0.223
8451.2;0.061
8451.7;0.234
8452.2;0.158
8452.7;0.264
8453.2;0.303
8453.7;0.362
8454.2;0.278
8454.7;0.074
8455.2;0.077
8455.7;0.221
8456.2;0.183
8456.7;0.313
8457.2;0.148
8457.7;0.164
8458.2;0.328
8458.7;0.025
8459.2;0.167
8459.7;0.239
8460.2;0.155
8460.7;0.197
8461.2;0.057
8461.7;0.202
8462.2;0.104
8462.7;0.11
8463.2;0.105
8463.7;0.064
8464.2;0.092
8464.7;0.185
8465.2;0.263
8465.7;0.07
8466.2;0.331
8466.7;0.206
8467.2;0.417
8467.7;0.247
8468.2;0.286
8468.7;0.218
8469.2;0.123
8469.7;0.103
8470.2;0.009
8470.7;0.284
8471.2;0.282
8471.7;0.092
8472.2;0.324
8472.7;0.204
8473.2;0.018
8473.7;0.038
8474.2;0.117
8474.7;0.084
8475.2;0.23
8475.7;0.205
8476.2;0.168
8476.7;0.322
8477.2;0.409
8477.7;0.11
8478.2;0.084
8478.7;0.041
8479.2;0.092
8479.7;0.141
8480.2;0.274
8480.7;0.424
8481.2;0.186
8481.7;0.084
8482.2;0.322
8482.7;0.218
8483.2;0.053
8483.7;0.131
8484.2;0.088
8484.7;0.182
8485.2;0.036
8485.7;0.166
8486.2;0.252
8486.7;0.274
8487.2;0.143
8487.7;0.22
8488.2;0.102
8488.7;0.132
8489.2;0.044
8489.7;0.102
8490.2;0.301
8490.7;0.209
8491.2;0.291
8491.7;0.118
8492.2;0.124
8492.7;0.119
8493.2;0.216
8493.7;0.165
8494.2;0.115
8494.7;0.013
8495.2;0.074
8495.7;0.16
8496.2;0.153
8496.7;0.125
8497.2;0.295
8497.7;0.174
8498.2;0.252
8498.7;0.276
8499.2;0.265
8499.7;0.121
8500.2;0.335
8500.7;0.283
8501.2;0.177
8501.7;0.119
8502.2;0.021
8502.7;0.2
8503.2;0.263
8503.7;0.12
8504.2;0.172
8504.7;0.273
8505.2;0.155
8505.7;0.049
8506.2;0.231
8506.7;0.087
8507.2;0.077
8507.7;0.089
8508.2;0.101
8508.7;0.24
8509.2;0.147
8509.7;0.1
8510.2;0.107
8510.7;0.039
8511.2;0.044
8511.7;0.212
8512.2;0.085
8512.7;0.341
8513.2;0.187
8513.7;0.325
8514.2;0.132
8514.7;0.098
8515.2;0.254
8515.7;0.232
8516.2;0.069
8516.7;0.1
8517.2;0.136
8517.7;0.307
8518.2;0.257
8518.7;0.367
8519.2;0.141
8519.7;0.211
8520.2;0.162
8520.7;0.051
8521.2;0.132
8521.7;0.264
8522.2;0.283
8522.7;0.289
8523.2;0.28
8523.7;0.064
8524.2;0.162
8524.7;0.129
8525.2;0.085
8525.7;0.094
8526.2;0.067
8526.7;0.204
8527.2;0.085
8527.7;0.152
8528.2;0.379
8528.7;0.115
8529.2;0.114
8529.7;0.062
8530.2;0.235
8530.7;0.268
8531.2;0.266
8531.7;0.135
8532.2;0.169
8532.7;0.205
8533.2;0.244
8533.7;0.289
8534.2;0.227
8534.7;0.176
8535.2;0.096
8535.7;0.185
8536.2;0.289
8536.7;0.325
8537.2;0.335
8537.7;0.269
8538.2;0.356
8538.7;0.587
8539.2;0.62
8539.7;0.381
8540.2;0.218
8540.7;0.208
8541.2;0.18
8541.7;0.366
8542.2;0.371
8542.7;0.368
8543.2;0.651
8543.7;0.783
8544.2;0.761
8544.7;0.669
8545.2;0.706
8545.7;0.779
8546.2;0.922
8546.7;0.843
8547.2;0.949
8547.7;0.993
8548.2;0.907
8548.7;0.875
8549.2;1.074
8549.7;1.145
8550.2;0.894
8550.7;0.781
8551.2;0.962
8551.7;1.121
8552.2;0.652
8552.7;0.423
8553.2;0.537
8553.7;0.741
8554.2;0.489
8554.7;0.215
8555.2;0.68
8555.7;0.708
8556.2;0.299
8556.7;0.34
8557.2;0.51
8557.7;0.655
8558.2;0.496
8558.7;0.132
8559.2;0.352
8559.7;0.258
8560.2;0.091
8560.7;0.376
8561.2;0.344
8561.7;0.393
8562.2;0.211
8562.7;0.314
8563.2;0.707
8563.7;0.424
8564.2;0.158
8564.7;0.033
8565.2;0.186
8565.7;0.165
8566.2;0.178
8566.7;0.13
8567.2;0.162
8567.7;0.344
8568.2;0.428
8568.7;0.311
8569.2;0.087
8569.7;0.147
8570.2;0.285
8570.7;0.253
8571.2;0.052
8571.7;0.217
8572.2;0.35
8572.7;0.247
8573.2;0.194
8573.7;0.274
8574.2;0.045
8574.7;0.025
8575.2;0.268
8575.7;0.237
8576.2;0.192
8576.7;0.339
8577.2;0.215
8577.7;0.247
8578.2;0.11
8578.7;0.269
8579.2;0.24
8579.7;0.262
8580.2;0.199
8580.7;0.213
8581.2;0.421
8581.7;0.555
8582.2;0.419
8582.7;0.11
8583.2;0.226
8583.7;0.281
8584.2;0.115
8584.7;0.227
8585.2;0.124
8585.7;0.325
8586.2;0.361
8586.7;0.399
8587.2;0.21
8587.7;0.129
8588.2;0.083
8588.7;0.244
8589.2;0.103
8589.7;0.186
8590.2;0.273
8590.7;0.351
8591.2;0.416
8591.7;0.226
8592.2;0.215
8592.7;0.032
8593.2;0.149
8593.7;0.173
8594.2;0.232
8594.7;0.28
8595.2;0.461
8595.7;0.313
8596.2;0.286
8596.7;0.063
8597.2;0.162
8597.7;0.267
8598.2;0.44
8598.7;0.386
8599.2;0.404
8599.7;0.215
8600.2;0.451
8600.7;0.194
8601.2;0.098
8601.7;0.068
8602.2;0.185
8602.7;0.258
8603.2;0.145
8603.7;0.311
8604.2;0.307
8604.7;0.312
8605.2;0.141
8605.7;0.089
8606.2;0.213
8606.7;0.345
8607.2;0.363
8607.7;0.455
8608.2;0.156
8608.7;0.104
8609.2;0.179
8609.7;0.178
8610.2;0.233
8610.7;0.206
8611.2;0.331
8611.7;0.238
8612.2;0.219
8612.7;0.213
8613.2;0.2
8613.7;0.108
8614.2;0.12
8614.7;0.305
8615.2;0.622
8615.7;0.375
8616.2;0.089
8616.7;0.047
8617.2;0.01
8617.7;0.12
8618.2;0.03
8618.7;0.141
8619.2;0.251
8619.7;0.227
8620.2;0.119
8620.7;0.163
8621.2;0.208
8621.7;0.315
8622.2;0.074
8622.7;0.059
8623.2;0.215
8623.7;0.373
8624.2;0.193
8624.7;0.366
8625.2;0.145
8625.7;0.34
8626.2;0.369
8626.7;0.296
8627.2;0.302
8627.7;0.26
8628.2;0.32
8628.7;0.361
8629.2;0.21
8629.7;0.26
8630.2;0.117
8630.7;0.075
8631.2;0.173
8631.7;0.265
8632.2;0.204
8632.7;0.073
8633.2;0.087
8633.7;0.283
8634.2;0.531
8634.7;0.343
8635.2;0.14
8635.7;0.065
8636.2;0.17
8636.7;0.093
8637.2;0.237
8637.7;0.075
8638.2;0.305
8638.7;0.563
8639.2;0.266
8639.7;0.196
8640.2;0.206
8640.7;0.288
8641.2;0.233
8641.7;0.255
8642.2;0.192
8642.7;0.377
8643.2;0.238
8643.7;0.144
8644.2;0.081
8644.7;0.209
8645.2;0.335
8645.7;0.319
8646.2;0.239
8646.7;0.248
8647.2;0.588
8647.7;0.245
8648.2;0.621
8648.7;0.639
8649.2;0.349
8649.7;0.177
8650.2;0.183
8650.7;0.346
8651.2;0.187
8651.7;0.18
8652.2;0.511
8652.7;0.297
8653.2;0.332
8653.7;0.11
8654.2;0.56
8654.7;0.535
8655.2;0.699
8655.7;0.493
8656.2;0.485
8656.7;0.322
8657.2;0.124
8657.7;0.593
8658.2;0.613
8658.7;0.571
8659.2;0.328
8659.7;0.165
8660.2;0.333
8660.7;0.28
8661.2;0.168
8661.7;0.496
8662.2;0.788
8662.7;0.494
8663.2;0.41
8663.7;0.633
8664.2;0.772
8664.7;0.55
8665.2;0.763
8665.7;0.765
8666.2;0.771
8666.7;0.494
8667.2;0.41
8667.7;0.646
8668.2;0.598
8668.7;0.429
8669.2;0.442
8669.7;0.612
8670.2;0.141
8670.7;0.42
8671.2;0.519
8671.7;0.842
8672.2;0.705
8672.7;0.12
8673.2;0.753
8673.7;0.767
8674.2;0.529
8674.7;0.901
8675.2;0.888
8675.7;0.686
8676.2;0.245
8676.7;1.061
8677.2;0.588
8677.7;0.634
8678.2;0.61
8678.7;0.298
8679.2;0.235
8679.7;0.52
8680.2;0.419
8680.7;0.575
8681.2;0.287
8681.7;0.491
8682.2;0.13
8682.7;0.486
8683.2;0.465
8683.7;0.533
8684.2;0.262
8684.7;0.711
8685.2;0.346
8685.7;0.77
8686.2;0.353
8686.7;0.893
8687.2;0.418
8687.7;0.715
8688.2;1.027
8688.7;0.524
8689.2;1.065
8689.7;0.269
8690.2;0.941
8690.7;0.612
8691.2;0.897
8691.7;0.891
8692.2;0.751
8692.7;0.783
8693.2;0.226
8693.7;0.547
8694.2;0.126
8694.7;0.736
8695.2;0.136
8695.7;0.18
8696.2;0.814
8696.7;0.675
8697.2;0.233
8697.7;0.168
8698.2;0.524
8698.7;0.389
8699.2;0.235
8699.7;0.338
8700.2;0.344
8700.7;0.109
8701.2;0.825
8701.7;0.411
8702.2;0.568
8702.7;0.447
8703.2;0.463
8703.7;0.543
8704.2;0.193
8704.7;1.004
8705.2;0.468
8705.7;0.253
8706.2;0.794
8706.7;0.569
8707.2;0.246
8707.7;0.35
8708.2;0.556
8708.7;0.101
8709.2;0.314
8709.7;0.929
8710.2;0.669
8710.7;0.262
8711.2;0.899
8711.7;0.729
8712.2;0.738
8712.7;0.271
8713.2;0.673
8713.7;0.015
8714.2;0.18
8714.7;0.831
8715.2;0.787
8715.7;0.425
8716.2;0.426
8716.7;0.735
8717.2;0.707
8717.7;0.266
8718.2;0.571
8718.7;0.824
8719.2;0.213
8719.7;0.688
8720.2;0.812
8720.7;0.682
8721.2;0.756
8721.7;0.738
8722.2;0.482
8722.7;0.275
8723.2;0.334
8723.7;0.313
8724.2;0.293
8724.7;0.547
8725.2;0.765
8725.7;0.746
8726.2;0.607
8726.7;0.57
8727.2;0.938
8727.7;0.321
8728.2;0.463
8728.7;0.582
8729.2;0.46
8729.7;0.709
8730.2;0.918
8730.7;0.998
8731.2;1.015
8731.7;1.116
8732.2;1.311
8732.7;0.979
8733.2;0.71
8733.7;0.603
8734.2;0.749
8734.7;0.625
8735.2;0.923
8735.7;1.316
8736.2;1.519
8736.7;1.199
8737.2;1.241
8737.7;1.156
8738.2;1.157
8738.7;0.584
8739.2;0.333
8739.7;0.278
8740.2;0.492
8740.7;1.187
8741.2;1.27
8741.7;1.567
8742.2;2.008
8742.7;2.036
8743.2;1.846
8743.7;1.821
8744.2;2.27
8744.7;1.736
8745.2;1.338
8745.7;1.264
8746.2;1.111
8746.7;0.768
8747.2;0.601
8747.7;0.728
8748.2;1.348
8748.7;1.589
8749.2;1.984
8749.7;1.919
8750.2;2.057
8750.7;2.259
8751.2;2.351
8751.7;2.319
8752.2;2.474
8752.7;2.34
8753.2;2.171
8753.7;2.017
8754.2;1.881
8754.7;1.845
8755.2;1.775
8755.7;1.564
8756.2;1.518
8756.7;1.643
8757.2;1.493
8757.7;1.377
8758.2;1.192
8758.7;1.284
8759.2;0.988
8759.7;0.919
8760.2;0.808
8760.7;0.607
8761.2;0.531
8761.7;0.45
8762.2;0.609
8762.7;0.247
8763.2;0.582
8763.7;0.504
8764.2;0.143
8764.7;0.31
8765.2;0.584
8765.7;0.608
8766.2;0.424
8766.7;0.067
8767.2;0.326
8767.7;0.101
8768.2;0.35
8768.7;0.33
8769.2;0.137
8769.7;0.22
8770.2;0.127
8770.7;0.12
8771.2;0.206
8771.7;0.304
8772.2;0.159
8772.7;0.306
8773.2;0.174
8773.7;0.304
8774.2;0.055
8774.7;0.352
8775.2;0.29
8775.7;0.382
8776.2;0.23
8776.7;0.238
8777.2;0.201
8777.7;0.042
8778.2;0.081
8778.7;0.138
8779.2;0.082
8779.7;0.236
8780.2;0.247
8780.7;0.276
8781.2;0.287
8781.7;0.218
8782.2;0.113
8782.7;0.299
8783.2;0.32
8783.7;0.047
8784.2;0.121
8784.7;0.255
8785.2;0.265
8785.7;0.024
8786.2;0.188
8786.7;0.143
8787.2;0.088
8787.7;0.108
8788.2;0.308
8788.7;0.18
8789.2;0.083
8789.7;0.129
8790.2;0.237
8790.7;0.244
8791.2;0.233
8791.7;0.216
8792.2;0.236
8792.7;0.139
8793.2;0.094
8793.7;0.228
8794.2;0.114
8794.7;0.099
8795.2;0.159
8795.7;0.086
8796.2;0.148
8796.7;0.358
8797.2;0.477
8797.7;0.413
8798.2;0.327
8798.7;0.166
8799.2;0.268
8799.7;0.43
8800.2;0.165
8800.7;0.267
8801.2;0.188
8801.7;0.094
8802.2;0.287
8802.7;0.04
8803.2;0.326
8803.7;0.537
8804.2;0.369
8804.7;0.269
8805.2;0.106
8805.7;0.282
8806.2;0.307
8806.7;0.481
8807.2;0.219
8807.7;0.418
8808.2;0.191
8808.7;0.392
8809.2;0.171
8809.7;0.263
8810.2;0.267
8810.7;0.323
8811.2;0.303
8811.7;0.648
8812.2;0.231
8812.7;0.303
8813.2;0.113
8813.7;0.056
8814.2;0.292
8814.7;0.102
8815.2;0.432
8815.7;0.187
8816.2;0.633
8816.7;0.22
8817.2;0.625
8817.7;0.023
8818.2;0.28
8818.7;0.056
8819.2;0.155
8819.7;0.106
8820.2;0.236
8820.7;0.019
8821.2;0.356
8821.7;0.257
8822.2;0.534
8822.7;0.31
8823.2;0.35
8823.7;0.291
8824.2;0.377
8824.7;0.308
8825.2;0.436
8825.7;0.062
8826.2;0.271
8826.7;0.147
8827.2;0.407
8827.7;0.235
8828.2;0.375
8828.7;0.224
8829.2;0.134
8829.7;0.257
8830.2;0.242
8830.7;0.053
8831.2;0.205
8831.7;0.205
8832.2;0.398
8832.7;0.251
8833.2;0.191
8833.7;0.226
8834.2;0.362
8834.7;0.125
8835.2;0.203
8835.7;0.161
8836.2;0.281
8836.7;0.104
8837.2;0.043
8837.7;0.204
8838.2;0.265
8838.7;0.277
8839.2;0.133
8839.7;0.29
8840.2;0.112
8840.7;0.249
8841.2;0.12
8841.7;0.407
8842.2;0.181
8842.7;0.284
8843.2;0.168
8843.7;0.149
8844.2;0.094
8844.7;0.252
8845.2;0.114
8845.7;0.089
8846.2;0.084
8846.7;0.117
8847.2;0.326
8847.7;0.117
8848.2;0.264
8848.7;0.094
8849.2;0.083
8849.7;0.149
8850.2;0.252
8850.7;0.241
8851.2;0.277
8851.7;0.218
8852.2;0.276
8852.7;0.074
8853.2;0.193
8853.7;0.065
8854.2;0.171
8854.7;0.315
8855.2;0.165
8855.7;0.246
8856.2;0.138
8856.7;0.069
8857.2;0.125
8857.7;0.163
8858.2;0.035
8858.7;0.225
8859.2;0.096
8859.7;0.159
8860.2;0.22
8860.7;0.257
8861.2;0.097
8861.7;0.143
8862.2;0.177
8862.7;0.239
8863.2;0.087
8863.7;0.067
8864.2;0.363
8864.7;0.137
8865.2;0.157
8865.7;0.136
8866.2;0.233
8866.7;0.241
8867.2;0.274
8867.7;0.027
8868.2;0.106
8868.7;0.113
8869.2;0.095
8869.7;0.153
8870.2;0.25
8870.7;0.119
8871.2;0.073
8871.7;0.081
8872.2;0.149
8872.7;0.192
8873.2;0.104
8873.7;0.031
8874.2;0.083
8874.7;0.186
8875.2;0.171
8875.7;0.173
8876.2;0.236
8876.7;0.127
8877.2;0.065
8877.7;0.196
8878.2;0.128
8878.7;0.207
8879.2;0.331
8879.7;0.354
8880.2;0.046
8880.7;0.121
8881.2;0.174
8881.7;0.147
8882.2;0.317
8882.7;0.266
8883.2;0.274
8883.7;0.272
8884.2;0.145
8884.7;0.269
8885.2;0.293
8885.7;0.201
8886.2;0.17
8886.7;0.144
8887.2;0.239
8887.7;0.15
8888.2;0.139
8888.7;0.124
8889.2;0.166
8889.7;0.209
8890.2;0.085
8890.7;0.224
8891.2;0.163
8891.7;0.314
8892.2;0.05
8892.7;0.114
8893.2;0.035
8893.7;0.118
8894.2;0.239
8894.7;0.311
8895.2;0.213
8895.7;0.225
8896.2;0.151
8896.7;0.423
8897.2;0.361
8897.7;0.297
8898.2;0.175
8898.7;0.426
8899.2;0.384
8899.7;0.441
8900.2;0.226
8900.7;0.427
8901.2;0.536
8901.7;0.184
8902.2;0.254
8902.7;0.219
8903.2;0.271
8903.7;0.328
8904.2;0.137
8904.7;0.244
8905.2;0.257
8905.7;0.119
8906.2;0.169
8906.7;0.246
8907.2;0.231
8907.7;0.392
8908.2;0.335
8908.7;0.392
8909.2;0.51
8909.7;0.424
8910.2;0.256
8910.7;0.109
8911.2;0.182
8911.7;0.05
8912.2;0.09
8912.7;0.219
8913.2;0.206
8913.7;0.24
8914.2;0.082
8914.7;0.208
8915.2;0.068
8915.7;0.247
8916.2;0.294
8916.7;0.384
8917.2;0.521
8917.7;0.138
8918.2;0.321
8918.7;0.366
8919.2;0.093
8919.7;0.19
8920.2;0.117
8920.7;0.126
8921.2;0.059
8921.7;0.039
8922.2;0.136
8922.7;0.212
8923.2;0.44
8923.7;0.416
8924.2;0.494
8924.7;0.415
8925.2;0.42
8925.7;0.132
8926.2;0.178
8926.7;0.215
8927.2;0.193
8927.7;0.057
8928.2;0.097
8928.7;0.128
8929.2;0.431
8929.7;0.353
8930.2;0.333
8930.7;0.255
8931.2;0.279
8931.7;0.271
8932.2;0.131
8932.7;0.072
8933.2;0.175
8933.7;0.233
8934.2;0.231
8934.7;0.446
8935.2;0.351
8935.7;0.145
8936.2;0.156
8936.7;0.085
8937.2;0.045
8937.7;0.34
8938.2;0.467
8938.7;0.497
8939.2;0.164
8939.7;0.154
8940.2;0.265
8940.7;0.333
8941.2;0.501
8941.7;0.412
8942.2;0.299
8942.7;0.124
8943.2;0.188
8943.7;0.333
8944.2;0.172
8944.7;0.271
8945.2;0.049
8945.7;0.076
8946.2;0.161
8946.7;0.111
8947.2;0.223
8947.7;0.272
8948.2;0.277
8948.7;0.233
8949.2;0.059
8949.7;0.139
8950.2;0.117
8950.7;0.103
8951.2;0.146
8951.7;0.242
8952.2;0.105
8952.7;0.508
8953.2;0.305
8953.7;0.227
8954.2;0.162
8954.7;0.162
8955.2;0.221
8955.7;0.193
8956.2;0.385
8956.7;0.486
8957.2;0.558
8957.7;0.388
8958.2;0.258
8958.7;0.147
8959.2;0.309
8959.7;0.413
8960.2;0.455
8960.7;0.285
8961.2;0.09
8961.7;0.103
8962.2;0.396
8962.7;0.201
8963.2;0.308
8963.7;0.115
8964.2;0.032
8964.7;0.268
8965.2;0.464
8965.7;0.773
8966.2;0.788
8966.7;0.519
8967.2;0.484
8967.7;0.519
8968.2;0.716
8968.7;0.688
8969.2;0.77
8969.7;0.659
8970.2;0.599
8970.7;0.595
8971.2;0.653
8971.7;0.59
8972.2;0.634
8972.7;0.559
8973.2;0.565
8973.7;0.617
8974.2;0.729
8974.7;0.894
8975.2;0.892
8975.7;0.966
8976.2;0.792
8976.7;1.051
8977.2;1.156
8977.7;1.251
8978.2;1.291
8978.7;1.345
8979.2;1.324
8979.7;1.383
8980.2;1.341
8980.7;1.183
8981.2;1.143
8981.7;1.184
8982.2;1.019
8982.7;0.954
8983.2;0.783
8983.7;0.911
8984.2;0.723
8984.7;0.44
8985.2;0.621
8985.7;0.677
8986.2;0.622
8986.7;0.425
8987.2;0.351
8987.7;0.712
8988.2;0.634
8988.7;0.53
8989.2;0.844
8989.7;1.034
8990.2;0.885
8990.7;0.783
8991.2;0.702
8991.7;0.628
8992.2;0.894
8992.7;0.769
8993.2;0.532
8993.7;0.795
8994.2;0.716
8994.7;0.413
8995.2;0.302
8995.7;0.575
8996.2;0.498
8996.7;0.508
8997.2;0.105
8997.7;0.522
8998.2;0.579
8998.7;0.494
8999.2;0.443
8999.7;0.742
9000.2;0.528
9000.7;0.645
9001.2;0.593
9001.7;0.78
9002.2;0.896
9002.7;0.714
9003.2;0.613
9003.7;0.925
9004.2;1.114
9004.7;0.914
9005.2;0.764
9005.7;0.838
9006.2;0.875
9006.7;0.747
9007.2;0.835
9007.7;0.962
9008.2;0.907
9008.7;0.595
9009.2;0.423
9009.7;0.884
9010.2;0.875
9010.7;0.529
9011.2;0.427
9011.7;0.52
9012.2;0.753
9012.7;0.346
9013.2;0.373
9013.7;0.863
9014.2;1.11
9014.7;0.643
9015.2;0.523
9015.7;1.07
9016.2;1.078
9016.7;0.982
9017.2;0.968
9017.7;1.344
9018.2;1.63
9018.7;1.127
9019.2;0.732
9019.7;1.449
9020.2;1.553
9020.7;1.138
9021.2;0.84
9021.7;1.289
9022.2;1.365
9022.7;0.932
9023.2;0.424
9023.7;1.023
9024.2;1.42
9024.7;0.653
9025.2;0.581
9025.7;1.111
9026.2;0.842
9026.7;0.234
9027.2;0.42
9027.7;0.719
9028.2;0.697
9028.7;0.377
9029.2;0.185
9029.7;1.001
9030.2;0.88
9030.7;0.189
9031.2;0.803
9031.7;0.98
9032.2;0.57
9032.7;0.389
9033.2;0.903
9033.7;1.093
9034.2;0.75
9034.7;0.581
9035.2;0.921
9035.7;1.399
9036.2;1.102
9036.7;0.331
9037.2;0.934
9037.7;1.092
9038.2;0.884
9038.7;0.793
9039.2;0.742
9039.7;0.916
9040.2;1.063
9040.7;0.328
9041.2;0.548
9041.7;0.724
9042.2;0.622
9042.7;0.271
9043.2;0.771
9043.7;0.418
9044.2;0.211
9044.7;0.321
9045.2;0.254
9045.7;0.202
9046.2;0.223
9046.7;0.711
9047.2;0.776
9047.7;0.095
9048.2;0.526
9048.7;0.738
9049.2;0.579
9049.7;0.631
9050.2;0.868
9050.7;0.935
9051.2;0.786
9051.7;0.693
9052.2;0.739
9052.7;1.351
9053.2;1.118
9053.7;0.281
9054.2;1.049
9054.7;1.19
9055.2;0.538
9055.7;0.179
9056.2;0.941
9056.7;0.806
9057.2;0.196
9057.7;0.162
9058.2;0.775
9058.7;0.865
9059.2;0.42
9059.7;0.309
9060.2;0.316
9060.7;0.529
9061.2;0.227
9061.7;0.286
9062.2;0.223
9062.7;0.381
9063.2;0.477
9063.7;0.385
9064.2;0.345
9064.7;0.399
9065.2;0.75
9065.7;0.72
9066.2;0.142
9066.7;0.488
9067.2;0.872
9067.7;0.674
9068.2;0.359
9068.7;0.571
9069.2;0.654
9069.7;0.501
9070.2;0.089
9070.7;0.592
9071.2;0.525
9071.7;0.227
9072.2;0.158
9072.7;0.345
9073.2;0.619
9073.7;0.422
9074.2;0.162
9074.7;0.538
9075.2;0.473
9075.7;0.168
9076.2;0.372
9076.7;0.46
9077.2;0.672
9077.7;0.464
9078.2;0.246
9078.7;0.355
9079.2;0.818
9079.7;0.278
9080.2;0.163
9080.7;0.436
9081.2;0.47
9081.7;0.291
9082.2;0.166
9082.7;0.283
9083.2;0.665
9083.7;0.307
9084.2;0.193
9084.7;0.276
9085.2;0.489
9085.7;0.089
9086.2;0.493
9086.7;0.611
9087.2;0.583
9087.7;0.413
9088.2;0.597
9088.7;0.581
9089.2;0.361
9089.7;0.15
9090.2;0.27
9090.7;0.529
9091.2;0.579
9091.7;0.137
9092.2;0.258
9092.7;0.736
9093.2;0.269
9093.7;0.387
9094.2;0.957
9094.7;0.815
9095.2;0.413
9095.7;0.814
9096.2;0.865
9096.7;0.915
9097.2;0.57
9097.7;0.582
9098.2;0.568
9098.7;0.455
9099.2;0.139
9099.7;0.292
9100.2;0.654
9100.7;0.492
9101.2;0.264
9101.7;0.336
9102.2;0.428
9102.7;0.165
9103.2;0.668
9103.7;0.666
9104.2;0.096
9104.7;0.954
9105.2;0.433
9105.7;0.471
9106.2;0.854
9106.7;0.275
9107.2;0.432
9107.7;0.409
9108.2;0.134
9108.7;0.393
9109.2;0.671
9109.7;0.22
9110.2;0.4
9110.7;0.405
9111.2;0.181
9111.7;0.347
9112.2;0.278
9112.7;0.289
9113.2;0.204
9113.7;0.459
9114.2;0.27
9114.7;0.484
9115.2;1.085
9115.7;0.333
9116.2;0.595
9116.7;0.858
9117.2;0.357
9117.7;0.953
9118.2;0.831
9118.7;0.05
9119.2;0.7
9119.7;0.376
9120.2;0.574
9120.7;0.61
9121.2;0.165
9121.7;0.634
9122.2;0.685
9122.7;0.39
9123.2;0.672
9123.7;0.779
9124.2;0.438
9124.7;0.481
9125.2;0.599
9125.7;0.533
9126.2;0.488
9126.7;0.409
9127.2;0.327
9127.7;0.129
9128.2;0.319
9128.7;0.453
9129.2;0.542
9129.7;0.217
9130.2;0.427
9130.7;0.29
9131.2;0.184
9131.7;0.544
9132.2;0.293
9132.7;0.075
9133.2;0.443
9133.7;0.444
9134.2;0.356
9134.7;0.411
9135.2;0.259
9135.7;0.259
9136.2;0.503
9136.7;0.299
9137.2;0.668
9137.7;0.41
9138.2;0.694
9138.7;0.745
9139.2;0.352
9139.7;0.687
9140.2;0.413
9140.7;0.5
9141.2;0.568
9141.7;0.27
9142.2;0.633
9142.7;0.24
9143.2;0.213
9143.7;0.41
9144.2;0.212
9144.7;0.34
9145.2;0.099
9145.7;0.163
9146.2;0.246
9146.7;0.394
9147.2;0.378
9147.7;0.117
9148.2;0.413
9148.7;0.295
9149.2;0.086
9149.7;0.392
9150.2;0.149
9150.7;0.086
9151.2;0.688
9151.7;0.216
9152.2;0.184
9152.7;0.011
9153.2;0.12
9153.7;0.12
9154.2;0.433
9154.7;0.329
9155.2;0.167
9155.7;0.37
9156.2;0.435
9156.7;0.262
9157.2;0.409
9157.7;0.1
9158.2;0.083
9158.7;0.176
9159.2;0.072
9159.7;0.168
9160.2;0.242
9160.7;0.471
9161.2;0.252
9161.7;0.349
9162.2;0.431
9162.7;0.078
9163.2;0.184
9163.7;0.276
9164.2;0.228
9164.7;0.239
9165.2;0.337
9165.7;0.321
9166.2;0.264
9166.7;0.132
9167.2;0.556
9167.7;0.225
9168.2;0.457
9168.7;0.498
9169.2;0.186
9169.7;0.674
9170.2;0.229
9170.7;0.251
9171.2;0.233
9171.7;0.38
9172.2;0.268
9172.7;0.413
9173.2;0.548
9173.7;0.413
9174.2;0.399
9174.7;0.276
9175.2;0.193
9175.7;0.217
9176.2;0.163
9176.7;0.092
9177.2;0.145
9177.7;0.215
9178.2;0.28
9178.7;0.225
9179.2;0.33
9179.7;0.431
9180.2;0.155
9180.7;0.345
9181.2;0.342
9181.7;0.128
9182.2;0.556
9182.7;0.458
9183.2;0.178
9183.7;0.38
9184.2;0.341
9184.7;0.153
9185.2;0.247
9185.7;0.158
9186.2;0.084
9186.7;0.016
9187.2;0.102
9187.7;0.334
9188.2;0.413
9188.7;0.409
9189.2;0.336
9189.7;0.294
9190.2;0.188
9190.7;0.324
9191.2;0.34
9191.7;0.116
9192.2;0.418
9192.7;0.239
9193.2;0.252
9193.7;0.555
9194.2;0.139
9194.7;0.029
9195.2;0.331
9195.7;0.373
9196.2;0.058
9196.7;0.281
9197.2;0.488
9197.7;0.486
9198.2;0.514
9198.7;0.383
9199.2;0.349
9199.7;0.311
9200.2;0.137
9200.7;0.293
9201.2;0.316
9201.7;0.222
9202.2;0.191
9202.7;0.309
9203.2;0.214
9203.7;0.507
9204.2;0.271
9204.7;0.097
9205.2;0.466
9205.7;0.394
9206.2;0.275
9206.7;0.415
9207.2;0.445
9207.7;0.122
9208.2;0.5
9208.7;0.421
9209.2;0.198
9209.7;0.121
9210.2;0.249
9210.7;0.056
9211.2;0.254
9211.7;0.368
9212.2;0.32
9212.7;0.356
9213.2;0.408
9213.7;0.253
9214.2;0.454
9214.7;0.332
9215.2;0.412
9215.7;0.398
9216.2;0.404
9216.7;0.403
9217.2;0.224
9217.7;0.187
9218.2;0.166
9218.7;0.222
9219.2;0.292
9219.7;0.16
9220.2;0.171
9220.7;0.289
9221.2;0.334
9221.7;0.197
9222.2;0.237
9222.7;0.394
9223.2;0.499
9223.7;0.128
9224.2;0.273
9224.7;0.42
9225.2;0.337
9225.7;0.271
9226.2;0.211
9226.7;0.263
9227.2;0.038
9227.7;0.148
9228.2;0.134
9228.7;0.222
9229.2;0.384
9229.7;0.292
9230.2;0.357
9230.7;0.344
9231.2;0.253
9231.7;0.111
9232.2;0.268
9232.7;0.227
9233.2;0.127
9233.7;0.217
9234.2;0.404
9234.7;0.117
9235.2;0.232
9235.7;0.289
9236.2;0.077
9236.7;0.153
9237.2;0.13
9237.7;0.29
9238.2;0.397
9238.7;0.362
9239.2;0.275
9239.7;0.178
9240.2;0.314
9240.7;0.156
9241.2;0.173
9241.7;0.235
9242.2;0.086
9242.7;0.226
9243.2;0.267
9243.7;0.329
9244.2;0.527
9244.7;0.338
9245.2;0.427
9245.7;0.21
9246.2;0.207
9246.7;0.242
9247.2;0.017
9247.7;0.192
9248.2;0.518
9248.7;0.577
9249.2;0.357
9249.7;0.143
9250.2;0.169
9250.7;0.25
9251.2;0.207
9251.7;0.108
9252.2;0.188
9252.7;0.486
9253.2;0.428
9253.7;0.176
9254.2;0.341
9254.7;0.373
9255.2;0.328
9255.7;0.215
9256.2;0.353
9256.7;0.328
9257.2;0.182
9257.7;0.399
9258.2;0.183
9258.7;0.442
9259.2;0.5
9259.7;0.406
9260.2;0.189
9260.7;0.528
9261.2;0.325
9261.7;0.57
9262.2;0.209
9262.7;0.219
9263.2;0.48
9263.7;0.511
9264.2;0.319
9264.7;0.327
9265.2;0.651
9265.7;0.82
9266.2;0.573
9266.7;0.544
9267.2;0.857
9267.7;1.096
9268.2;0.568
9268.7;1.026
9269.2;1.451
9269.7;0.843
9270.2;0.627
9270.7;0.816
9271.2;0.696
9271.7;0.879
9272.2;0.471
9272.7;0.747
9273.2;1.081
9273.7;0.661
9274.2;0.473
9274.7;0.812
9275.2;0.871
9275.7;0.648
9276.2;0.707
9276.7;0.754
9277.2;0.784
9277.7;0.268
9278.2;0.288
9278.7;0.514
9279.2;0.237
9279.7;0.106
9280.2;0.088
9280.7;0.166
9281.2;0.301
9281.7;0.348
9282.2;0.077
9282.7;0.242
9283.2;0.582
9283.7;0.338
9284.2;0.214
9284.7;0.425
9285.2;0.046
9285.7;0.143
9286.2;0.112
9286.7;0.363
9287.2;0.241
9287.7;0.318
9288.2;0.354
9288.7;0.377
9289.2;0.493
9289.7;0.39
9290.2;0.225
9290.7;0.602
9291.2;0.654
9291.7;0.462
9292.2;0.535
9292.7;0.925
9293.2;0.606
9293.7;0.518
9294.2;0.847
9294.7;0.705
9295.2;0.451
9295.7;0.811
9296.2;0.715
9296.7;0.586
9297.2;0.729
9297.7;1.0
9298.2;0.924
9298.7;0.97
9299.2;1.143
9299.7;0.919
9300.2;0.773
9300.7;0.942
9301.2;0.743
9301.7;0.675
9302.2;1.21
9302.7;1.284
9303.2;1.131
9303.7;1.285
9304.2;1.447
9304.7;0.938
9305.2;0.989
9305.7;1.189
9306.2;0.913
9306.7;0.806
9307.2;1.408
9307.7;1.162
9308.2;0.748
9308.7;1.006
9309.2;1.18
9309.7;0.509
9310.2;0.833
9310.7;0.894
9311.2;0.349
9311.7;0.97
9312.2;1.123
9312.7;1.112
9313.2;0.703
9313.7;1.029
9314.2;0.888
9314.7;0.909
9315.2;0.787
9315.7;0.288
9316.2;0.52
9316.7;0.578
9317.2;0.831
9317.7;0.455
9318.2;0.841
9318.7;1.036
9319.2;1.01
9319.7;0.777
9320.2;0.934
9320.7;0.654
9321.2;1.122
9321.7;0.194
9322.2;0.4
9322.7;0.113
9323.2;0.436
9323.7;0.557
9324.2;0.736
9324.7;0.968
9325.2;0.984
9325.7;1.062
9326.2;1.344
9326.7;1.187
9327.2;1.493
9327.7;0.804
9328.2;1.62
9328.7;0.723
9329.2;1.259
9329.7;1.044
9330.2;0.437
9330.7;0.591
9331.2;1.11
9331.7;0.19
9332.2;1.834
9332.7;0.853
9333.2;1.58
9333.7;1.597
9334.2;1.342
9334.7;1.929
9335.2;1.735
9335.7;1.876
9336.2;2.06
9336.7;1.857
9337.2;1.921
9337.7;1.415
9338.2;1.22
9338.7;1.599
9339.2;1.195
9339.7;2.31
9340.2;1.611
9340.7;2.524
9341.2;1.67
9341.7;2.074
9342.2;1.452
9342.7;1.14
9343.2;1.718
9343.7;0.658
9344.2;1.452
9344.7;0.587
9345.2;0.795
9345.7;0.366
9346.2;0.127
9346.7;0.787
9347.2;0.519
9347.7;1.172
9348.2;0.401
9348.7;0.599
9349.2;0.171
9349.7;0.748
9350.2;0.467
9350.7;1.305
9351.2;0.696
9351.7;1.064
9352.2;0.324
9352.7;0.326
9353.2;0.432
9353.7;0.778
9354.2;0.557
9354.7;0.667
9355.2;0.385
9355.7;0.044
9356.2;0.182
9356.7;0.661
9357.2;0.37
9357.7;0.512
9358.2;0.168
9358.7;0.138
9359.2;0.078
9359.7;0.319
9360.2;0.454
9360.7;0.243
9361.2;0.43
9361.7;0.221
9362.2;0.259
9362.7;0.396
9363.2;0.1
9363.7;0.262
9364.2;0.512
9364.7;0.151
9365.2;0.281
9365.7;0.243
9366.2;0.284
9366.7;0.352
9367.2;0.321
9367.7;0.289
9368.2;0.051
9368.7;0.155
9369.2;0.125
9369.7;0.168
9370.2;0.346
9370.7;0.273
9371.2;0.124
9371.7;0.15
9372.2;0.104
9372.7;0.345
9373.2;0.267
9373.7;0.204
9374.2;0.192
9374.7;0.132
9375.2;0.31
9375.7;0.371
9376.2;0.321
9376.7;0.427
9377.2;0.228
9377.7;0.221
9378.2;0.087
9378.7;0.291
9379.2;0.145
9379.7;0.562
9380.2;0.267
9380.7;0.235
9381.2;0.305
9381.7;0.569
9382.2;0.627
9382.7;0.53
9383.2;0.507
9383.7;0.127
9384.2;0.137
9384.7;0.207
9385.2;0.283
9385.7;0.663
9386.2;0.209
9386.7;0.452
9387.2;0.255
9387.7;0.246
9388.2;0.137
9388.7;0.482
9389.2;0.684
9389.7;0.223
9390.2;0.574
9390.7;0.284
9391.2;0.079
9391.7;0.543
9392.2;0.801
9392.7;0.41
9393.2;0.586
9393.7;0.864
9394.2;0.558
9394.7;0.734
9395.2;0.412
9395.7;0.246
9396.2;0.571
9396.7;0.437
9397.2;0.364
9397.7;1.021
9398.2;0.914
9398.7;0.829
9399.2;1.017
9399.7;1.115
9400.2;1.355
9400.7;1.652
9401.2;1.938
9401.7;1.695
9402.2;1.827
9402.7;2.343
9403.2;2.515
9403.7;2.46
9404.2;2.657
9404.7;2.729
9405.2;2.516
9405.7;2.631
9406.2;2.799
9406.7;2.152
9407.2;2.045
9407.7;2.503
9408.2;2.536
9408.7;1.904
9409.2;1.849
9409.7;2.326
9410.2;2.244
9410.7;1.907
9411.2;1.519
9411.7;2.081
9412.2;1.625
9412.7;1.063
9413.2;0.987
9413.7;1.187
9414.2;0.997
9414.7;0.882
9415.2;0.871
9415.7;1.147
9416.2;1.701
9416.7;1.388
9417.2;1.144
9417.7;1.755
9418.2;1.452
9418.7;1.55
9419.2;1.353
9419.7;1.093
9420.2;1.209
9420.7;1.176
9421.2;0.76
9421.7;1.629
9422.2;1.438
9422.7;0.909
9423.2;1.665
9423.7;1.337
9424.2;1.317
9424.7;1.638
9425.2;0.878
9425.7;1.385
9426.2;1.892
9426.7;1.207
9427.2;1.386
9427.7;2.18
9428.2;1.906
9428.7;1.392
9429.2;1.452
9429.7;1.519
9430.2;1.289
9430.7;1.614
9431.2;1.416
9431.7;1.08
9432.2;1.844
9432.7;1.074
9433.2;1.128
9433.7;1.767
9434.2;1.052
9434.7;1.344
9435.2;1.871
9435.7;1.007
9436.2;1.231
9436.7;1.278
9437.2;2.128
9437.7;1.254
9438.2;1.053
9438.7;1.674
9439.2;1.407
9439.7;1.897
9440.2;1.033
9440.7;1.286
9441.2;1.975
9441.7;0.698
9442.2;1.593
9442.7;1.475
9443.2;0.924
9443.7;1.489
9444.2;0.903
9444.7;1.53
9445.2;0.825
9445.7;1.417
9446.2;1.703
9446.7;1.254
9447.2;1.452
9447.7;0.937
9448.2;1.729
9448.7;1.286
9449.2;0.693
9449.7;1.204
9450.2;1.227
9450.7;1.613
9451.2;1.163
9451.7;1.404
9452.2;1.371
9452.7;0.716
9453.2;1.379
9453.7;0.592
9454.2;1.058
9454.7;0.744
9455.2;1.009
9455.7;0.977
9456.2;0.859
9456.7;1.021
9457.2;0.787
9457.7;1.089
9458.2;0.697
9458.7;0.886
9459.2;0.727
9459.7;0.372
9460.2;0.894
9460.7;0.89
9461.2;0.729
9461.7;0.453
9462.2;0.615
9462.7;0.995
9463.2;0.676
9463.7;0.8
9464.2;1.03
9464.7;0.698
9465.2;0.686
9465.7;0.682
9466.2;0.672
9466.7;0.403
9467.2;0.572
9467.7;0.713
9468.2;0.73
9468.7;0.38
9469.2;0.455
9469.7;0.711
9470.2;0.438
9470.7;0.998
9471.2;0.905
9471.7;0.912
9472.2;0.788
9472.7;0.787
9473.2;0.792
9473.7;0.544
9474.2;0.401
9474.7;0.642
9475.2;0.893
9475.7;0.689
9476.2;0.998
9476.7;0.96
9477.2;0.623
9477.7;1.049
9478.2;0.798
9478.7;0.626
9479.2;0.725
9479.7;0.871
9480.2;0.848
9480.7;0.78
9481.2;0.877
9481.7;0.595
9482.2;0.782
9482.7;0.87
9483.2;1.152
9483.7;0.753
9484.2;0.699
9484.7;0.811
9485.2;0.537
9485.7;0.727
9486.2;0.72
9486.7;0.809
9487.2;0.621
9487.7;0.726
9488.2;0.666
9488.7;0.44
9489.2;0.49
9489.7;0.524
9490.2;0.555
9490.7;0.541
9491.2;0.74
9491.7;0.543
9492.2;0.402
9492.7;0.162
9493.2;0.631
9493.7;0.725
9494.2;0.539
9494.7;0.756
9495.2;0.575
9495.7;0.421
9496.2;0.492
9496.7;0.407
9497.2;0.317
9497.7;0.508
9498.2;0.383
9498.7;0.561
9499.2;0.478
9499.7;0.239
9500.2;0.32
9500.7;0.287
9501.2;0.274
9501.7;0.393
9502.2;0.421
9502.7;0.37
9503.2;0.491
9503.7;0.152
9504.2;0.358
9504.7;0.508
9505.2;0.556
9505.7;0.29
9506.2;0.158
9506.7;0.179
9507.2;0.288
9507.7;0.207
9508.2;0.393
9508.7;0.213
9509.2;0.121
9509.7;0.143
9510.2;0.338
9510.7;0.224
9511.2;0.304
9511.7;0.301
9512.2;0.529
9512.7;0.273
9513.2;0.61
9513.7;0.25
9514.2;0.254
9514.7;0.437
9515.2;0.436
9515.7;0.631
9516.2;0.509
9516.7;0.313
9517.2;0.453
9517.7;0.49
9518.2;0.29
9518.7;0.308
9519.2;0.477
9519.7;0.45
9520.2;0.507
9520.7;0.322
9521.2;0.539
9521.7;0.402
9522.2;0.414
9522.7;0.41
9523.2;0.163
9523.7;0.324
9524.2;0.314
9524.7;0.461
9525.2;0.474
9525.7;0.049
9526.2;0.281
9526.7;0.112
9527.2;0.244
9527.7;0.22
9528.2;0.245
9528.7;0.171
9529.2;0.166
9529.7;0.306
9530.2;0.365
9530.7;0.125
9531.2;0.232
9531.7;0.389
9532.2;0.139
9532.7;0.258
9533.2;0.15
9533.7;0.388
9534.2;0.385
9534.7;0.247
9535.2;0.008
9535.7;0.244
9536.2;0.17
9536.7;0.221
9537.2;0.327
9537.7;0.281
9538.2;0.112
9538.7;0.143
9539.2;0.228
9539.7;0.045
9540.2;0.119
9540.7;0.251
9541.2;0.251
9541.7;0.12
9542.2;0.093
9542.7;0.083
9543.2;0.201
9543.7;0.182
9544.2;0.143
9544.7;0.141
9545.2;0.196
9545.7;0.202
9546.2;0.258
9546.7;0.149
9547.2;0.213
9547.7;0.157
9548.2;0.085
9548.7;0.254
9549.2;0.293
9549.7;0.14
9550.2;0.344
9550.7;0.245
9551.2;0.172
9551.7;0.438
9552.2;0.466
9552.7;0.068
9553.2;0.35
9553.7;0.18
9554.2;0.092
9554.7;0.437
9555.2;0.513
9555.7;0.314
9556.2;0.154
9556.7;0.497
9557.2;0.286
9557.7;0.201
9558.2;0.54
9558.7;0.587
9559.2;0.545
9559.7;0.467
9560.2;0.488
9560.7;0.407
9561.2;0.57
9561.7;0.483
9562.2;0.206
9562.7;0.504
9563.2;0.404
9563.7;0.236
9564.2;0.444
9564.7;0.386
9565.2;0.097
9565.7;0.418
9566.2;0.473
9566.7;0.126
9567.2;0.345
9567.7;0.197
9568.2;0.288
9568.7;0.518
9569.2;0.421
9569.7;0.182
9570.2;0.352
9570.7;0.235
9571.2;0.197
9571.7;0.54
9572.2;0.486
9572.7;0.152
9573.2;0.639
9573.7;0.495
9574.2;0.159
9574.7;0.683
9575.2;0.584
9575.7;0.501
9576.2;0.904
9576.7;0.74
9577.2;0.69
9577.7;1.128
9578.2;1.071
9578.7;1.215
9579.2;1.387
9579.7;1.283
9580.2;1.118
9580.7;1.171
9581.2;1.066
9581.7;1.009
9582.2;1.236
9582.7;1.108
9583.2;0.757
9583.7;0.827
9584.2;0.769
9584.7;1.011
9585.2;0.951
9585.7;0.791
9586.2;0.7
9586.7;0.671
9587.2;0.543
9587.7;0.462
9588.2;0.627
9588.7;0.555
9589.2;0.795
9589.7;0.628
9590.2;0.493
9590.7;0.344
9591.2;0.388
9591.7;0.551
9592.2;0.559
9592.7;0.597
9593.2;0.429
9593.7;0.373
9594.2;0.074
9594.7;0.182
9595.2;0.224
9595.7;0.095
9596.2;0.303
9596.7;0.226
9597.2;0.31
9597.7;0.25
9598.2;0.085
9598.7;0.299
9599.2;0.387
9599.7;0.426
9600.2;0.363
9600.7;0.415
9601.2;0.197
9601.7;0.475
9602.2;0.671
9602.7;0.515
9603.2;0.458
9603.7;0.38
9604.2;0.336
9604.7;0.502
9605.2;0.349
9605.7;0.226
9606.2;0.263
9606.7;0.367
9607.2;0.226
9607.7;0.215
9608.2;0.272
9608.7;0.424
9609.2;0.676
9609.7;0.391
9610.2;0.431
9610.7;0.531
9611.2;0.322
9611.7;0.572
9612.2;0.486
9612.7;0.521
9613.2;0.683
9613.7;0.676
9614.2;0.589
9614.7;0.638
9615.2;0.728
9615.7;0.706
9616.2;0.786
9616.7;1.033
9617.2;0.833
9617.7;1.032
9618.2;1.132
9618.7;1.116
9619.2;1.125
9619.7;1.135
9620.2;1.215
9620.7;1.296
9621.2;1.13
9621.7;0.971
9622.2;1.04
9622.7;0.931
9623.2;0.958
9623.7;1.057
9624.2;1.147
9624.7;0.886
9625.2;0.784
9625.7;0.655
9626.2;0.79
9626.7;0.758
9627.2;0.726
9627.7;0.615
9628.2;0.857
9628.7;0.585
9629.2;0.73
9629.7;0.862
9630.2;0.86
9630.7;1.142
9631.2;1.007
9631.7;1.023
9632.2;0.693
9632.7;0.804
9633.2;0.69
9633.7;0.801
9634.2;0.831
9634.7;0.875
9635.2;0.906
9635.7;0.731
9636.2;0.65
9636.7;0.569
9637.2;0.508
9637.7;0.413
9638.2;0.435
9638.7;0.446
9639.2;0.414
9639.7;0.375
9640.2;0.346
9640.7;0.231
9641.2;0.255
9641.7;0.248
9642.2;0.361
9642.7;0.328
9643.2;0.391
9643.7;0.333
9644.2;0.15
9644.7;0.332
9645.2;0.452
9645.7;0.555
9646.2;0.565
9646.7;0.583
9647.2;0.451
9647.7;0.436
9648.2;0.358
9648.7;0.43
9649.2;0.597
9649.7;0.721
9650.2;0.685
9650.7;0.684
9651.2;0.681
9651.7;0.797
9652.2;0.624
9652.7;0.561
9653.2;0.624
9653.7;0.578
9654.2;0.476
9654.7;0.508
9655.2;0.44
9655.7;0.452
9656.2;0.389
9656.7;0.394
9657.2;0.346
9657.7;0.149
9658.2;0.162
9658.7;0.111
9659.2;0.097
9659.7;0.207
9660.2;0.222
9660.7;0.208
9661.2;0.349
9661.7;0.255
9662.2;0.482
9662.7;0.497
9663.2;0.459
9663.7;0.418
9664.2;0.293
9664.7;0.305
9665.2;0.207
9665.7;0.241
9666.2;0.299
9666.7;0.443
9667.2;0.484
9667.7;0.502
9668.2;0.715
9668.7;0.573
9669.2;0.372
9669.7;0.336
9670.2;0.33
9670.7;0.433
9671.2;0.302
9671.7;0.485
9672.2;0.641
9672.7;0.459
9673.2;0.236
9673.7;0.382
9674.2;0.295
9674.7;0.365
9675.2;0.226
9675.7;0.26
9676.2;0.235
9676.7;0.387
9677.2;0.554
9677.7;0.179
9678.2;0.116
9678.7;0.149
9679.2;0.176
9679.7;0.212
9680.2;0.207
9680.7;0.139
9681.2;0.262
9681.7;0.086
9682.2;0.096
9682.7;0.085
9683.2;0.363
9683.7;0.4
9684.2;0.353
9684.7;0.277
9685.2;0.442
9685.7;0.439
9686.2;0.382
9686.7;0.3
9687.2;0.236
9687.7;0.147
9688.2;0.123
9688.7;0.214
9689.2;0.389
9689.7;0.189
9690.2;0.189
9690.7;0.144
9691.2;0.247
9691.7;0.382
9692.2;0.396
9692.7;0.405
9693.2;0.423
9693.7;0.462
9694.2;0.34
9694.7;0.287
9695.2;0.415
9695.7;0.305
9696.2;0.297
9696.7;0.314
9697.2;0.016
9697.7;0.196
9698.2;0.126
9698.7;0.037
9699.2;0.108
9699.7;0.22
9700.2;0.244
9700.7;0.128
9701.2;0.386
9701.7;0.385
9702.2;0.214
9702.7;0.348
9703.2;0.221
9703.7;0.121
9704.2;0.249
9704.7;0.165
9705.2;0.203
9705.7;0.204
9706.2;0.248
9706.7;0.205
9707.2;0.243
9707.7;0.223
9708.2;0.193
9708.7;0.214
9709.2;0.295
9709.7;0.48
9710.2;0.711
9710.7;0.705
9711.2;0.557
9711.7;0.558
9712.2;0.48
9712.7;0.477
9713.2;0.413
9713.7;0.306
9714.2;0.216
9714.7;0.045
9715.2;0.291
9715.7;0.295
9716.2;0.262
9716.7;0.3
9717.2;0.182
9717.7;0.209
9718.2;0.151
9718.7;0.159
9719.2;0.165
9719.7;0.299
9720.2;0.362
9720.7;0.227
9721.2;0.364
9721.7;0.161
9722.2;0.179
9722.7;0.222
9723.2;0.179
9723.7;0.176
9724.2;0.212
9724.7;0.254
9725.2;0.325
9725.7;0.268
9726.2;0.281
9726.7;0.102
9727.2;0.161
9727.7;0.36
9728.2;0.371
9728.7;0.542
9729.2;0.735
9729.7;0.38
9730.2;0.355
9730.7;0.425
9731.2;0.271
9731.7;0.32
9732.2;0.316
9732.7;0.594
9733.2;0.627
9733.7;0.704
9734.2;0.7
9734.7;0.528
9735.2;0.571
9735.7;0.557
9736.2;0.295
9736.7;0.404
9737.2;0.33
9737.7;0.285
9738.2;0.322
9738.7;0.719
9739.2;0.63
9739.7;0.519
9740.2;0.444
9740.7;0.455
9741.2;0.248
9741.7;0.227
9742.2;0.219
9742.7;0.288
9743.2;0.433
9743.7;0.878
9744.2;0.568
9744.7;0.527
9745.2;0.384
9745.7;0.411
9746.2;0.295
9746.7;0.461
9747.2;0.228
9747.7;0.403
9748.2;0.255
9748.7;0.447
9749.2;0.367
9749.7;0.411
9750.2;0.335
9750.7;0.722
9751.2;0.376
9751.7;0.164
9752.2;0.229
9752.7;0.306
9753.2;0.283
9753.7;0.454
9754.2;0.32
9754.7;0.598
9755.2;0.404
9755.7;0.332
9756.2;0.338
9756.7;0.401
9757.2;0.25
9757.7;0.398
9758.2;0.507
9758.7;0.239
9759.2;0.277
9759.7;0.48
9760.2;0.524
9760.7;0.376
9761.2;0.504
9761.7;0.148
9762.2;0.015
9762.7;0.194
9763.2;0.221
9763.7;0.081
9764.2;0.174
9764.7;0.462
9765.2;0.294
9765.7;0.106
9766.2;0.256
9766.7;0.063
9767.2;0.284
9767.7;0.391
9768.2;0.342
9768.7;0.358
9769.2;0.396
9769.7;0.425
9770.2;0.271
9770.7;0.196
9771.2;0.256
9771.7;0.081
9772.2;0.179
9772.7;0.122
9773.2;0.226
9773.7;0.179
9774.2;0.219
9774.7;0.243
9775.2;0.146
9775.7;0.088
9776.2;0.159
9776.7;0.168
9777.2;0.491
9777.7;0.197
9778.2;0.067
9778.7;0.184
9779.2;0.089
9779.7;0.093
9780.2;0.272
9780.7;0.043
9781.2;0.172
9781.7;0.271
9782.2;0.255
9782.7;0.128
9783.2;0.194
9783.7;0.073
9784.2;0.053
9784.7;0.283
9785.2;0.242
9785.7;0.274
9786.2;0.319
9786.7;0.176
9787.2;0.342
9787.7;0.112
9788.2;0.214
9788.7;0.348
9789.2;0.132
9789.7;0.246
9790.2;0.157
9790.7;0.236
9791.2;0.112
9791.7;0.112
9792.2;0.147
9792.7;0.155
9793.2;0.11
9793.7;0.128
9794.2;0.217
9794.7;0.51
9795.2;0.289
9795.7;0.084
9796.2;0.125
9796.7;0.125
9797.2;0.117
9797.7;0.285
9798.2;0.107
9798.7;0.115
9799.2;0.098
9799.7;0.193
9800.2;0.144
9800.7;0.085
9801.2;0.375
9801.7;0.147
9802.2;0.256
9802.7;0.155
9803.2;0.295
9803.7;0.286
9804.2;0.271
9804.7;0.204
9805.2;0.141
9805.7;0.032
9806.2;0.241
9806.7;0.381
9807.2;0.217
9807.7;0.067
9808.2;0.225
9808.7;0.229
9809.2;0.376
9809.7;0.288
9810.2;0.214
9810.7;0.59
9811.2;0.161
9811.7;0.405
9812.2;0.238
9812.7;0.245
9813.2;0.234
9813.7;0.035
9814.2;0.213
9814.7;0.159
9815.2;0.144
9815.7;0.05
9816.2;0.175
9816.7;0.229
9817.2;0.187
9817.7;0.198
9818.2;0.344
9818.7;0.148
9819.2;0.167
9819.7;0.123
9820.2;0.212
9820.7;0.514
9821.2;0.395
9821.7;0.32
9822.2;0.364
9822.7;0.397
9823.2;0.346
9823.7;0.262
9824.2;0.157
9824.7;0.455
9825.2;0.484
9825.7;0.538
9826.2;0.644
9826.7;0.53
9827.2;0.64
9827.7;0.674
9828.2;0.712
9828.7;0.927
9829.2;1.069
9829.7;1.064
9830.2;0.863
9830.7;0.88
9831.2;0.908
9831.7;1.218
9832.2;1.004
9832.7;0.87
9833.2;1.045
9833.7;0.919
9834.2;1.222
9834.7;0.965
9835.2;1.187
9835.7;1.217
9836.2;1.253
9836.7;1.099
9837.2;0.859
9837.7;1.049
9838.2;0.843
9838.7;1.006
9839.2;1.046
9839.7;0.765
9840.2;0.829
9840.7;0.09
9841.2;0.517
9841.7;0.47
9842.2;0.836
9842.7;0.358
9843.2;0.393
9843.7;1.266
9844.2;0.48
9844.7;0.308
9845.2;1.16
9845.7;1.236
9846.2;0.273
9846.7;0.368
9847.2;1.929
9847.7;1.0
9848.2;0.101
9848.7;1.08
9849.2;1.738
9849.7;0.92
9850.2;0.357
9850.7;2.367
9851.2;1.821
9851.7;0.518
9852.2;0.939
9852.7;1.677
9853.2;1.366
9853.7;1.169
9854.2;1.917
9854.7;2.89
9855.2;1.861
9855.7;1.144
9856.2;1.824
9856.7;1.358
9857.2;0.835
9857.7;0.541
9858.2;1.54
9858.7;1.594
9859.2;1.434
9859.7;1.327
9860.2;1.811
9860.7;0.978
9861.2;0.957
9861.7;1.468
9862.2;0.672
9862.7;1.295
9863.2;0.695
9863.7;0.823
9864.2;0.292
9864.7;1.077
9865.2;0.542
9865.7;0.28
9866.2;0.06
9866.7;0.648
9867.2;0.52
9867.7;0.344
9868.2;0.351
9868.7;0.397
9869.2;1.231
9869.7;0.599
9870.2;0.572
9870.7;0.2
9871.2;1.069
9871.7;1.017
9872.2;0.848
9872.7;0.505
9873.2;0.436
9873.7;0.912
9874.2;1.221
9874.7;0.918
9875.2;0.321
9875.7;0.487
9876.2;1.129
9876.7;0.99
9877.2;0.812
9877.7;0.254
9878.2;0.75
9878.7;1.153
9879.2;1.463
9879.7;0.809
9880.2;0.639
9880.7;1.051
9881.2;1.315
9881.7;1.412
9882.2;0.744
9882.7;0.858
9883.2;1.071
9883.7;1.591
9884.2;1.439
9884.7;0.936
9885.2;1.775
9885.7;1.772
9886.2;2.111
9886.7;1.344
9887.2;1.288
9887.7;1.239
9888.2;1.502
9888.7;1.431
9889.2;1.181
9889.7;1.545
9890.2;2.1
9890.7;2.216
9891.2;1.706
9891.7;1.515
9892.2;1.747
9892.7;1.87
9893.2;1.628
9893.7;1.247
9894.2;1.432
9894.7;1.947
9895.2;2.398
9895.7;2.36
9896.2;2.292
9896.7;2.467
9897.2;2.374
9897.7;2.321
9898.2;1.737
9898.7;1.622
9899.2;1.3
9899.7;1.67
9900.2;1.703
9900.7;1.827
9901.2;2.27
9901.7;2.651
9902.2;2.613
9902.7;2.281
9903.2;1.895
9903.7;1.484
9904.2;1.161
9904.7;0.753
9905.2;0.417
9905.7;0.861
9906.2;1.684
9906.7;2.075
9907.2;2.329
9907.7;2.581
9908.2;2.843
9908.7;3.371
9909.2;3.328
9909.7;3.449
9910.2;2.994
9910.7;3.067
9911.2;2.765
9911.7;2.505
9912.2;1.865
9912.7;1.407
9913.2;1.252
9913.7;1.151
9914.2;1.639
9914.7;2.182
9915.2;2.791
9915.7;3.294
9916.2;3.537
9916.7;3.492
9917.2;3.672
9917.7;3.72
9918.2;3.788
9918.7;3.595
9919.2;3.342
9919.7;3.197
9920.2;2.908
9920.7;2.711
9921.2;2.664
9921.7;2.379
9922.2;2.296
9922.7;2.177
9923.2;2.337
9923.7;2.18
9924.2;2.001
9924.7;1.708
9925.2;1.658
9925.7;1.781
9926.2;1.348
9926.7;1.54
9927.2;1.242
9927.7;1.359
9928.2;1.15
9928.7;0.814
9929.2;0.616
9929.7;0.557
9930.2;0.589
9930.7;0.599
9931.2;0.349
9931.7;0.477
9932.2;0.45
9932.7;0.72
9933.2;0.732
9933.7;0.746
9934.2;0.875
9934.7;0.785
9935.2;0.841
9935.7;0.608
9936.2;0.393
9936.7;0.428
9937.2;0.592
9937.7;0.533
9938.2;0.278
9938.7;0.081
9939.2;0.33
9939.7;0.552
9940.2;0.346
9940.7;0.279
9941.2;0.302
9941.7;0.598
9942.2;0.605
9942.7;0.338
9943.2;0.122
9943.7;0.399
9944.2;0.548
9944.7;0.188
9945.2;0.329
9945.7;0.683
9946.2;0.642
9946.7;0.089
9947.2;0.385
9947.7;0.415
9948.2;0.502
9948.7;0.185
9949.2;0.253
9949.7;0.649
9950.2;0.537
9950.7;0.42
9951.2;0.45
9951.7;0.637
9952.2;0.401
9952.7;0.201
9953.2;0.216
9953.7;0.389
9954.2;0.49
9954.7;0.569
9955.2;0.484
9955.7;0.091
9956.2;0.647
9956.7;0.741
9957.2;0.512
9957.7;0.809
9958.2;0.802
9958.7;0.716
9959.2;0.574
9959.7;0.746
9960.2;0.409
9960.7;0.218
9961.2;0.262
9961.7;0.475
9962.2;0.335
9962.7;0.49
9963.2;0.497
9963.7;0.469
9964.2;0.34
9964.7;0.473
9965.2;0.344
9965.7;0.291
9966.2;0.581
9966.7;0.547
9967.2;0.442
9967.7;0.056
9968.2;0.262
9968.7;0.468
9969.2;0.23
9969.7;0.281
9970.2;0.345
9970.7;0.178
9971.2;0.19
9971.7;0.433
9972.2;0.079
9972.7;0.346
9973.2;0.245
9973.7;0.206
9974.2;0.155
9974.7;0.558
9975.2;0.389
9975.7;0.22
9976.2;0.208
9976.7;0.465
9977.2;0.325
9977.7;0.079
9978.2;0.25
9978.7;0.282
9979.2;0.187
9979.7;0.266
9980.2;0.356
9980.7;0.186
9981.2;0.098
9981.7;0.232
9982.2;0.147
9982.7;0.061
9983.2;0.226
9983.7;0.18
9984.2;0.186
9984.7;0.236
9985.2;0.202
9985.7;0.237
9986.2;0.133
9986.7;0.3
9987.2;0.23
9987.7;0.224
9988.2;0.073
9988.7;0.16
9989.2;0.205
9989.7;0.273
9990.2;0.345
9990.7;0.275
9991.2;0.201
9991.7;0.23
9992.2;0.286
9992.7;0.144
9993.2;0.138
9993.7;0.166
9994.2;0.339
9994.7;0.547
9995.2;0.39
9995.7;0.257
9996.2;0.21
9996.7;0.083
9997.2;0.171
9997.7;0.366
9998.2;0.38
9998.7;0.296
9999.2;0.188
9999.7;0.153
10000.2;0.172
10000.7;0.207
10001.2;0.438
10001.7;0.295
10002.2;0.125
10002.7;0.168
10003.2;0.138
10003.7;0.263
10004.2;0.185
10004.7;0.063
10005.2;0.042
10005.7;0.139
10006.2;0.417
10006.7;0.365
10007.2;0.287
10007.7;0.275
10008.2;0.379
10008.7;0.084
10009.2;0.227
10009.7;0.229
10010.2;0.123
10010.7;0.079
10011.2;0.339
10011.7;0.196
10012.2;0.248
10012.7;0.049
10013.2;0.049
10013.7;0.165
10014.2;0.244
10014.7;0.249
10015.2;0.151
10015.7;0.116
10016.2;0.083
10016.7;0.2
10017.2;0.277
10017.7;0.217
10018.2;0.228
10018.7;0.106
10019.2;0.152
10019.7;0.321
10020.2;0.259
10020.7;0.152
10021.2;0.095
10021.7;0.174
10022.2;0.31
10022.7;0.332
10023.2;0.238
10023.7;0.311
10024.2;0.127
10024.7;0.162
10025.2;0.145
10025.7;0.187
10026.2;0.221
10026.7;0.295
10027.2;0.263
10027.7;0.149
10028.2;0.115
10028.7;0.478
10029.2;0.459
10029.7;0.156
10030.2;0.109
10030.7;0.124
10031.2;0.131
10031.7;0.146
10032.2;0.063
10032.7;0.122
10033.2;0.039
10033.7;0.135
10034.2;0.237
10034.7;0.191
10035.2;0.153
10035.7;0.16
10036.2;0.103
10036.7;0.108
10037.2;0.231
10037.7;0.161
10038.2;0.15
10038.7;0.259
10039.2;0.207
10039.7;0.241
10040.2;0.181
10040.7;0.265
10041.2;0.101
10041.7;0.155
10042.2;0.161
10042.7;0.193
10043.2;0.033
10043.7;0.067
10044.2;0.189
10044.7;0.422
10045.2;0.327
10045.7;0.214
10046.2;0.14
10046.7;0.246
10047.2;0.457
10047.7;0.207
10048.2;0.35
10048.7;0.151
10049.2;0.037
10049.7;0.294
10050.2;0.299
10050.7;0.231
10051.2;0.324
10051.7;0.254
10052.2;0.161
10052.7;0.08
10053.2;0.041
10053.7;0.127
10054.2;0.145
10054.7;0.063
10055.2;0.093
10055.7;0.211
10056.2;0.317
10056.7;0.291
10057.2;0.135
10057.7;0.052
10058.2;0.218
10058.7;0.053
10059.2;0.283
10059.7;0.208
10060.2;0.19
10060.7;0.268
10061.2;0.165
10061.7;0.024
10062.2;0.089
10062.7;0.19
10063.2;0.316
10063.7;0.195
10064.2;0.178
10064.7;0.072
10065.2;0.181
10065.7;0.214
10066.2;0.246
10066.7;0.182
10067.2;0.1
10067.7;0.025
10068.2;0.122
10068.7;0.15
10069.2;0.077
10069.7;0.148
10070.2;0.201
10070.7;0.163
10071.2;0.087
10071.7;0.156
10072.2;0.246
10072.7;0.329
10073.2;0.178
10073.7;0.02
10074.2;0.417
10074.7;0.126
10075.2;0.278
10075.7;0.246
10076.2;0.128
10076.7;0.136
10077.2;0.097
10077.7;0.209
10078.2;0.249
10078.7;0.032
10079.2;0.189
10079.7;0.07
10080.2;0.121
10080.7;0.08
10081.2;0.077
10081.7;0.203
10082.2;0.153
10082.7;0.156
10083.2;0.238
10083.7;0.27
10084.2;0.173
10084.7;0.286
10085.2;0.221
10085.7;0.097
10086.2;0.016
10086.7;0.089
10087.2;0.222
10087.7;0.179
10088.2;0.104
10088.7;0.301
10089.2;0.129
10089.7;0.075
10090.2;0.13
10090.7;0.126
10091.2;0.254
10091.7;0.103
10092.2;0.136
10092.7;0.091
10093.2;0.138
10093.7;0.357
10094.2;0.25
10094.7;0.257
10095.2;0.097
10095.7;0.022
10096.2;0.097
10096.7;0.296
10097.2;0.143
10097.7;0.137
10098.2;0.088
10098.7;0.165
10099.2;0.203
10099.7;0.115
10100.2;0.216
10100.7;0.143
10101.2;0.116
10101.7;0.147
10102.2;0.136
10102.7;0.142
10103.2;0.177
10103.7;0.103
10104.2;0.115
10104.7;0.101
10105.2;0.065
10105.7;0.109
10106.2;0.187
10106.7;0.366
10107.2;0.133
10107.7;0.036
10108.2;0.077
10108.7;0.144
10109.2;0.231
10109.7;0.123
10110.2;0.163
10110.7;0.111
10111.2;0.197
10111.7;0.255
10112.2;0.317
10112.7;0.213
10113.2;0.234
10113.7;0.13
10114.2;0.09
10114.7;0.087
10115.2;0.182
10115.7;0.222
10116.2;0.208
10116.7;0.234
10117.2;0.126
10117.7;0.099
10118.2;0.102
10118.7;0.116
10119.2;0.218
10119.7;0.158
10120.2;0.154
10120.7;0.047
10121.2;0.054
10121.7;0.123
10122.2;0.107
10122.7;0.234
10123.2;0.124
10123.7;0.145
10124.2;0.144
10124.7;0.195
10125.2;0.276
10125.7;0.332
10126.2;0.058
10126.7;0.168
10127.2;0.302
10127.7;0.17
10128.2;0.258
10128.7;0.01
10129.2;0.159
10129.7;0.235
10130.2;0.106
10130.7;0.12
10131.2;0.102
10131.7;0.133
10132.2;0.175
10132.7;0.065
10133.2;0.043
10133.7;0.104
10134.2;0.16
10134.7;0.224
10135.2;0.06
10135.7;0.15
10136.2;0.116
10136.7;0.217
10137.2;0.082
10137.7;0.165
10138.2;0.147
10138.7;0.173
10139.2;0.148
10139.7;0.205
10140.2;0.291
10140.7;0.311
10141.2;0.117
10141.7;0.012
10142.2;0.136
10142.7;0.141
10143.2;0.251
10143.7;0.254
10144.2;0.227
10144.7;0.107
10145.2;0.144
10145.7;0.063
10146.2;0.039
10146.7;0.175
10147.2;0.117
10147.7;0.265
10148.2;0.08
10148.7;0.083
10149.2;0.29
10149.7;0.156
10150.2;0.265
10150.7;0.045
10151.2;0.112
10151.7;0.13
10152.2;0.158
10152.7;0.179
10153.2;0.283
10153.7;0.177
10154.2;0.108
10154.7;0.029
10155.2;0.145
10155.7;0.2
10156.2;0.266
10156.7;0.347
10157.2;0.133
10157.7;0.06
10158.2;0.084
10158.7;0.156
10159.2;0.145
10159.7;0.258
10160.2;0.186
10160.7;0.055
10161.2;0.048
10161.7;0.18
10162.2;0.334
10162.7;0.291
10163.2;0.121
10163.7;0.292
10164.2;0.226
10164.7;0.168
10165.2;0.204
10165.7;0.19
10166.2;0.321
10166.7;0.283
10167.2;0.119
10167.7;0.136
10168.2;0.416
10168.7;0.271
10169.2;0.252
10169.7;0.285
10170.2;0.182
10170.7;0.327
10171.2;0.256
10171.7;0.37
10172.2;0.344
10172.7;0.359
10173.2;0.338
10173.7;0.283
10174.2;0.201
10174.7;0.389
10175.2;0.347
10175.7;0.29
10176.2;0.117
10176.7;0.18
10177.2;0.157
10177.7;0.272
10178.2;0.363
10178.7;0.385
10179.2;0.274
10179.7;0.155
10180.2;0.318
10180.7;0.251
10181.2;0.413
10181.7;0.23
10182.2;0.168
10182.7;0.231
10183.2;0.177
10183.7;0.095
10184.2;0.144
10184.7;0.296
10185.2;0.345
10185.7;0.28
10186.2;0.127
10186.7;0.125
10187.2;0.341
10187.7;0.27
10188.2;0.273
10188.7;0.283
10189.2;0.205
10189.7;0.097
10190.2;0.034
10190.7;0.187
10191.2;0.223
10191.7;0.313
10192.2;0.208
10192.7;0.191
10193.2;0.166
10193.7;0.21
10194.2;0.233
10194.7;0.288
10195.2;0.179
10195.7;0.24
10196.2;0.07
10196.7;0.116
10197.2;0.157
10197.7;0.318
10198.2;0.09
10198.7;0.163
10199.2;0.199
10199.7;0.239
10200.2;0.195
10200.7;0.11
10201.2;0.185
10201.7;0.292
10202.2;0.13
10202.7;0.196
10203.2;0.081
10203.7;0.179
10204.2;0.277
10204.7;0.287
10205.2;0.197
10205.7;0.209
10206.2;0.163
10206.7;0.024
10207.2;0.201
10207.7;0.133
10208.2;0.309
10208.7;0.162
10209.2;0.056
10209.7;0.225
10210.2;0.115
10210.7;0.18
10211.2;0.261
10211.7;0.147
10212.2;0.337
10212.7;0.127
10213.2;0.074
10213.7;0.048
10214.2;0.112
10214.7;0.081
10215.2;0.286
10215.7;0.441
10216.2;0.402
10216.7;0.404
10217.2;0.283
10217.7;0.326
10218.2;0.475
10218.7;0.565
10219.2;0.626
10219.7;0.487
10220.2;0.457
10220.7;0.344
10221.2;0.244
10221.7;0.253
10222.2;0.463
10222.7;0.444
10223.2;0.276
10223.7;0.346
10224.2;0.308
10224.7;0.17
10225.2;0.327
10225.7;0.262
10226.2;0.454
10226.7;0.275
10227.2;0.398
10227.7;0.225
10228.2;0.26
10228.7;0.344
10229.2;0.45
10229.7;0.53
10230.2;0.478
10230.7;0.49
10231.2;0.462
10231.7;0.422
10232.2;0.358
10232.7;0.457
10233.2;0.592
10233.7;0.59
10234.2;0.619
10234.7;0.562
10235.2;0.405
10235.7;0.365
10236.2;0.274
10236.7;0.385
10237.2;0.368
10237.7;0.359
10238.2;0.236
10238.7;0.212
10239.2;0.2
10239.7;0.229
10240.2;0.199
10240.7;0.171
10241.2;0.332
10241.7;0.373
10242.2;0.287
10242.7;0.175
10243.2;0.076
10243.7;0.224
10244.2;0.303
10244.7;0.386
10245.2;0.391
10245.7;0.351
10246.2;0.26
10246.7;0.138
10247.2;0.106
10247.7;0.302
10248.2;0.479
10248.7;0.608
10249.2;0.415
10249.7;0.334
10250.2;0.021
10250.7;0.217
10251.2;0.332
10251.7;0.456
10252.2;0.46
10252.7;0.535
10253.2;0.345
10253.7;0.22
10254.2;0.242
10254.7;0.363
10255.2;0.483
10255.7;0.593
10256.2;0.562
10256.7;0.422
10257.2;0.407
10257.7;0.401
10258.2;0.601
10258.7;0.564
10259.2;0.535
10259.7;0.527
10260.2;0.464
10260.7;0.413
10261.2;0.436
10261.7;0.476
10262.2;0.337
10262.7;0.157
10263.2;0.238
10263.7;0.487
10264.2;0.596
10264.7;0.392
10265.2;0.16
10265.7;0.354
10266.2;0.537
10266.7;0.479
10267.2;0.376
10267.7;0.303
10268.2;0.527
10268.7;0.547
10269.2;0.409
10269.7;0.254
10270.2;0.443
10270.7;0.467
10271.2;0.19
10271.7;0.064
10272.2;0.278
10272.7;0.256
10273.2;0.149
10273.7;0.204
10274.2;0.167
10274.7;0.15
10275.2;0.273
10275.7;0.464
10276.2;0.522
10276.7;0.297
10277.2;0.219
10277.7;0.387
10278.2;0.42
10278.7;0.047
10279.2;0.375
10279.7;0.721
10280.2;0.417
10280.7;0.139
10281.2;0.629
10281.7;0.797
10282.2;0.415
10282.7;0.108
10283.2;0.518
10283.7;0.663
10284.2;0.25
10284.7;0.251
10285.2;0.357
10285.7;0.201
10286.2;0.506
10286.7;0.451
10287.2;0.407
10287.7;0.139
10288.2;0.296
10288.7;0.296
10289.2;0.193
10289.7;0.101
10290.2;0.261
10290.7;0.353
10291.2;0.468
10291.7;0.358
10292.2;0.077
10292.7;0.334
10293.2;0.375
10293.7;0.196
10294.2;0.04
10294.7;0.258
10295.2;0.399
10295.7;0.219
10296.2;0.258
10296.7;0.342
10297.2;0.18
10297.7;0.176
10298.2;0.253
10298.7;0.086
10299.2;0.116
10299.7;0.206
10300.2;0.229
10300.7;0.441
10301.2;0.425
10301.7;0.106
10302.2;0.385
10302.7;0.272
10303.2;0.206
10303.7;0.361
10304.2;0.193
10304.7;0.235
10305.2;0.707
10305.7;0.675
10306.2;0.204
10306.7;0.529
10307.2;0.897
10307.7;0.32
10308.2;0.198
10308.7;0.445
10309.2;0.482
10309.7;0.327
10310.2;0.436
10310.7;0.241
10311.2;0.54
10311.7;0.661
10312.2;0.279
10312.7;0.28
10313.2;0.538
10313.7;0.254
10314.2;0.295
10314.7;0.418
10315.2;0.174
10315.7;0.233
10316.2;0.514
10316.7;0.333
10317.2;0.148
10317.7;0.56
10318.2;0.514
10318.7;0.304
10319.2;0.37
10319.7;0.143
10320.2;0.165
10320.7;0.514
10321.2;0.601
10321.7;0.109
10322.2;0.387
10322.7;0.494
10323.2;0.255
10323.7;0.131
10324.2;0.162
10324.7;0.258
10325.2;0.462
10325.7;0.393
10326.2;0.181
10326.7;0.333
10327.2;0.377
10327.7;0.063
10328.2;0.261
10328.7;0.254
10329.2;0.186
10329.7;0.4
10330.2;0.24
10330.7;0.033
10331.2;0.2
10331.7;0.286
10332.2;0.211
10332.7;0.245
10333.2;0.117
10333.7;0.306
10334.2;0.318
10334.7;0.231
10335.2;0.04
10335.7;0.144
10336.2;0.076
10336.7;0.108
10337.2;0.269
10337.7;0.422
10338.2;0.474
10338.7;0.255
10339.2;0.151
10339.7;0.191
10340.2;0.32
10340.7;0.299
10341.2;0.079
10341.7;0.061
10342.2;0.171
10342.7;0.191
10343.2;0.179
10343.7;0.146
10344.2;0.206
10344.7;0.184
10345.2;0.131
10345.7;0.1
10346.2;0.264
10346.7;0.324
10347.2;0.284
10347.7;0.428
10348.2;0.354
10348.7;0.304
10349.2;0.176
10349.7;0.063
10350.2;0.07
10350.7;0.321
10351.2;0.199
10351.7;0.186
10352.2;0.216
10352.7;0.39
10353.2;0.265
10353.7;0.123
10354.2;0.123
10354.7;0.07
10355.2;0.207
10355.7;0.144
10356.2;0.239
10356.7;0.263
10357.2;0.327
10357.7;0.234
10358.2;0.164
10358.7;0.356
10359.2;0.262
10359.7;0.334
10360.2;0.066
10360.7;0.214
10361.2;0.317
10361.7;0.39
10362.2;0.082
10362.7;0.228
10363.2;0.176
10363.7;0.435
10364.2;0.043
10364.7;0.262
10365.2;0.131
10365.7;0.454
10366.2;0.213
10366.7;0.353
10367.2;0.266
10367.7;0.153
10368.2;0.335
10368.7;0.263
10369.2;0.279
10369.7;0.313
10370.2;0.318
10370.7;0.292
10371.2;0.509
10371.7;0.032
10372.2;0.45
10372.7;0.382
10373.2;0.275
10373.7;0.377
10374.2;0.369
10374.7;0.276
10375.2;0.523
10375.7;0.253
10376.2;0.351
10376.7;0.454
10377.2;0.181
10377.7;0.657
10378.2;0.295
10378.7;0.451
10379.2;0.385
10379.7;0.171
10380.2;0.453
10380.7;0.113
10381.2;0.465
10381.7;0.161
10382.2;0.333
10382.7;0.131
10383.2;0.254
10383.7;0.286
10384.2;0.263
10384.7;0.215
10385.2;0.199
10385.7;0.305
10386.2;0.488
10386.7;0.29
10387.2;0.148
10387.7;0.14
10388.2;0.249
10388.7;0.187
10389.2;0.216
10389.7;0.284
10390.2;0.214
10390.7;0.287
10391.2;0.2
10391.7;0.202
10392.2;0.154
10392.7;0.151
10393.2;0.159
10393.7;0.195
10394.2;0.259
10394.7;0.307
10395.2;0.223
10395.7;0.46
10396.2;0.183
10396.7;0.131
10397.2;0.255
10397.7;0.18
10398.2;0.124
10398.7;0.037
10399.2;0.323
10399.7;0.132
10400.2;0.227
10400.7;0.382
10401.2;0.282
10401.7;0.181
10402.2;0.043
10402.7;0.057
10403.2;0.086
10403.7;0.072
10404.2;0.063
10404.7;0.213
10405.2;0.222
10405.7;0.326
10406.2;0.15
10406.7;0.205
10407.2;0.179
10407.7;0.174
10408.2;0.15
10408.7;0.3
10409.2;0.368
10409.7;0.106
10410.2;0.35
10410.7;0.254
10411.2;0.194
10411.7;0.111
10412.2;0.243
10412.7;0.173
10413.2;0.207
10413.7;0.256
10414.2;0.047
10414.7;0.219
10415.2;0.159
10415.7;0.219
10416.2;0.07
10416.7;0.094
10417.2;0.061
10417.7;0.049
10418.2;0.256
10418.7;0.05
10419.2;0.289
10419.7;0.201
10420.2;0.134
10420.7;0.366
10421.2;0.074
10421.7;0.365
10422.2;0.17
10422.7;0.303
10423.2;0.204
10423.7;0.494
10424.2;0.111
10424.7;0.256
10425.2;0.402
10425.7;0.281
10426.2;0.065
10426.7;0.247
10427.2;0.361
10427.7;0.314
10428.2;0.306
10428.7;0.371
10429.2;0.58
10429.7;0.309
10430.2;0.284
10430.7;0.714
10431.2;0.362
10431.7;0.393
10432.2;0.137
10432.7;0.511
10433.2;0.642
10433.7;0.349
10434.2;0.52
10434.7;0.497
10435.2;0.535
10435.7;0.193
10436.2;0.291
10436.7;0.195
10437.2;0.387
10437.7;0.137
10438.2;0.4
10438.7;0.377
10439.2;0.026
10439.7;0.249
10440.2;0.195
10440.7;0.26
10441.2;0.105
10441.7;0.366
10442.2;0.198
10442.7;0.068
10443.2;0.418
10443.7;0.507
10444.2;0.392
10444.7;0.043
10445.2;0.48
10445.7;0.294
10446.2;0.096
10446.7;0.069
10447.2;0.39
10447.7;0.275
10448.2;0.231
10448.7;0.406
10449.2;0.219
10449.7;0.063
10450.2;0.149
10450.7;0.248
10451.2;0.187
10451.7;0.317
10452.2;0.374
10452.7;0.407
10453.2;0.355
10453.7;0.296
10454.2;0.574
10454.7;0.434
10455.2;0.236
10455.7;0.565
10456.2;0.249
10456.7;0.103
10457.2;0.212
10457.7;0.483
10458.2;0.036
10458.7;0.367
10459.2;0.665
10459.7;0.047
10460.2;0.367
10460.7;0.3
10461.2;0.056
10461.7;0.373
10462.2;0.733
10462.7;0.619
10463.2;0.13
10463.7;0.603
10464.2;0.778
10464.7;0.802
10465.2;0.763
10465.7;0.496
10466.2;0.145
10466.7;0.6
10467.2;0.937
10467.7;0.881
10468.2;0.907
10468.7;0.738
10469.2;0.311
10469.7;1.068
10470.2;1.25
10470.7;0.944
10471.2;0.395
10471.7;0.437
10472.2;0.411
10472.7;0.618
10473.2;1.323
10473.7;1.122
10474.2;0.846
10474.7;0.749
10475.2;0.494
10475.7;0.331
10476.2;0.25
10476.7;0.336
10477.2;0.395
10477.7;0.781
10478.2;0.925
10478.7;0.941
10479.2;0.81
10479.7;0.718
10480.2;0.93
10480.7;0.937
10481.2;0.719
10481.7;0.279
10482.2;0.36
10482.7;0.499
10483.2;0.128
10483.7;0.569
10484.2;0.818
10484.7;0.913
10485.2;1.129
10485.7;1.508
10486.2;1.402
10486.7;1.104
10487.2;0.945
10487.7;1.134
10488.2;0.658
10488.7;0.205
10489.2;0.838
10489.7;0.843
10490.2;0.817
10490.7;1.611
10491.2;1.827
10491.7;1.661
10492.2;1.96
10492.7;2.162
10493.2;1.977
10493.7;1.715
10494.2;1.759
10494.7;1.883
10495.2;1.529
10495.7;1.225
10496.2;1.301
10496.7;1.259
10497.2;0.805
10497.7;1.0
10498.2;1.237
10498.7;1.135
10499.2;1.3
10499.7;1.589
10500.2;1.522
10500.7;1.363
10501.2;1.447
10501.7;1.604
10502.2;1.617
10502.7;1.314
10503.2;1.456
10503.7;1.409
10504.2;1.48
10504.7;1.438
10505.2;1.38
10505.7;1.676
10506.2;1.579
10506.7;1.574
10507.2;1.506
10507.7;1.573
10508.2;1.421
10508.7;1.179
10509.2;1.123
10509.7;0.898
10510.2;0.858
10510.7;0.476
10511.2;0.417
10511.7;0.394
10512.2;0.364
10512.7;0.38
10513.2;0.272
10513.7;0.39
10514.2;0.396
10514.7;0.4
10515.2;0.248
10515.7;0.347
10516.2;0.295
10516.7;0.302
10517.2;0.186
10517.7;0.159
10518.2;0.266
10518.7;0.051
10519.2;0.08
10519.7;0.107
10520.2;0.105
10520.7;0.106
10521.2;0.108
10521.7;0.068
10522.2;0.138
10522.7;0.069
10523.2;0.107
10523.7;0.191
10524.2;0.101
10524.7;0.032
10525.2;0.188
10525.7;0.319
10526.2;0.193
10526.7;0.076
10527.2;0.038
10527.7;0.039
10528.2;0.059
10528.7;0.022
10529.2;0.086
10529.7;0.171
10530.2;0.122
10530.7;0.24
10531.2;0.107
10531.7;0.1
10532.2;0.063
10532.7;0.068
10533.2;0.021
10533.7;0.026
10534.2;0.034
10534.7;0.008
10535.2;0.1
10535.7;0.038
10536.2;0.063
10536.7;0.061
10537.2;0.11
10537.7;0.09
10538.2;0.065
10538.7;0.094
10539.2;0.042
10539.7;0.094
10540.2;0.152
10540.7;0.028
10541.2;0.071
10541.7;0.057
10542.2;0.14
10542.7;0.091
10543.2;0.064
10543.7;0.125
10544.2;0.064
10544.7;0.134
10545.2;0.149
10545.7;0.137
10546.2;0.098
10546.7;0.19
10547.2;0.152
10547.7;0.202
10548.2;0.152
10548.7;0.136
10549.2;0.109
10549.7;0.081
10550.2;0.054
10550.7;0.086
10551.2;0.01
10551.7;0.13
10552.2;0.063
10552.7;0.049
10553.2;0.069
10553.7;0.17
10554.2;0.205
10554.7;0.124
10555.2;0.101
10555.7;0.147
10556.2;0.15
10556.7;0.107
10557.2;0.104
10557.7;0.122
10558.2;0.171
10558.7;0.079
10559.2;0.043
10559.7;0.073
10560.2;0.116
10560.7;0.085
10561.2;0.183
10561.7;0.116
10562.2;0.093
10562.7;0.189
10563.2;0.202
10563.7;0.112
10564.2;0.064
10564.7;0.16
10565.2;0.17
10565.7;0.085
10566.2;0.098
10566.7;0.06
10567.2;0.025
10567.7;0.052
10568.2;0.094
10568.7;0.102
10569.2;0.101
10569.7;0.219
10570.2;0.131
10570.7;0.047
10571.2;0.064
10571.7;0.131
10572.2;0.113
10572.7;0.05
10573.2;0.107
10573.7;0.119
10574.2;0.142
10574.7;0.241
10575.2;0.158
10575.7;0.168
10576.2;0.05
10576.7;0.063
10577.2;0.037
10577.7;0.118
10578.2;0.055
10578.7;0.144
10579.2;0.229
10579.7;0.185
10580.2;0.058
10580.7;0.061
10581.2;0.097
10581.7;0.087
10582.2;0.019
10582.7;0.183
10583.2;0.112
10583.7;0.251
10584.2;0.098
10584.7;0.073
10585.2;0.108
10585.7;0.113
10586.2;0.057
10586.7;0.043
10587.2;0.085
10587.7;0.064
10588.2;0.072
10588.7;0.035
10589.2;0.031
10589.7;0.07
10590.2;0.151
10590.7;0.111
10591.2;0.041
10591.7;0.091
10592.2;0.026
10592.7;0.105
10593.2;0.107
10593.7;0.083
10594.2;0.13
10594.7;0.065
10595.2;0.048
10595.7;0.125
10596.2;0.066
10596.7;0.124
10597.2;0.205
10597.7;0.225
10598.2;0.053
10598.7;0.155
10599.2;0.088
10599.7;0.064
10600.2;0.055
10600.7;0.027
10601.2;0.1
10601.7;0.039
10602.2;0.012
10602.7;0.115
10603.2;0.124
10603.7;0.234
10604.2;0.175
10604.7;0.164
10605.2;0.064
10605.7;0.105
10606.2;0.086
10606.7;0.025
10607.2;0.024
10607.7;0.054
10608.2;0.021
10608.7;0.028
10609.2;0.091
10609.7;0.054
10610.2;0.062
10610.7;0.21
10611.2;0.11
10611.7;0.108
10612.2;0.151
10612.7;0.064
10613.2;0.074
10613.7;0.16
10614.2;0.13
10614.7;0.135
10615.2;0.111
10615.7;0.073
10616.2;0.118
10616.7;0.031
10617.2;0.03
10617.7;0.143
10618.2;0.063
10618.7;0.072
10619.2;0.048
10619.7;0.07
10620.2;0.139
10620.7;0.063
10621.2;0.171
10621.7;0.176
10622.2;0.098
10622.7;0.121
10623.2;0.077
10623.7;0.043
10624.2;0.141
10624.7;0.096
10625.2;0.065
10625.7;0.075
10626.2;0.112
10626.7;0.024
10627.2;0.131
10627.7;0.1
10628.2;0.075
10628.7;0.048
10629.2;0.032
10629.7;0.035
10630.2;0.101
10630.7;0.037
10631.2;0.049
10631.7;0.07
10632.2;0.189
10632.7;0.178
10633.2;0.212
10633.7;0.033
10634.2;0.135
10634.7;0.108
10635.2;0.084
10635.7;0.022
10636.2;0.157
10636.7;0.149
10637.2;0.177
10637.7;0.087
10638.2;0.197
10638.7;0.21
10639.2;0.121
10639.7;0.223
10640.2;0.213
10640.7;0.216
10641.2;0.167
10641.7;0.094
10642.2;0.005
10642.7;0.152
10643.2;0.098
10643.7;0.149
10644.2;0.022
10644.7;0.082
10645.2;0.127
10645.7;0.056
10646.2;0.082
10646.7;0.139
10647.2;0.047
10647.7;0.06
10648.2;0.078
10648.7;0.072
10649.2;0.075
10649.7;0.018
10650.2;0.1
10650.7;0.16
10651.2;0.075
10651.7;0.131
10652.2;0.156
10652.7;0.082
10653.2;0.096
10653.7;0.09
10654.2;0.031
10654.7;0.06
10655.2;0.064
10655.7;0.121
10656.2;0.079
10656.7;0.071
10657.2;0.17
10657.7;0.078
10658.2;0.06
10658.7;0.132
10659.2;0.138
10659.7;0.199
10660.2;0.07
10660.7;0.14
10661.2;0.164
10661.7;0.127
10662.2;0.183
10662.7;0.12
10663.2;0.171
10663.7;0.053
10664.2;0.258
10664.7;0.231
10665.2;0.113
10665.7;0.16
10666.2;0.087
10666.7;0.165
10667.2;0.148
10667.7;0.085
10668.2;0.131
10668.7;0.095
10669.2;0.006
10669.7;0.042
10670.2;0.171
10670.7;0.129
10671.2;0.288
10671.7;0.201
10672.2;0.075
10672.7;0.119
10673.2;0.199
10673.7;0.264
10674.2;0.101
10674.7;0.183
10675.2;0.223
10675.7;0.234
10676.2;0.091
10676.7;0.151
10677.2;0.024
10677.7;0.086
10678.2;0.043
10678.7;0.032
10679.2;0.192
10679.7;0.142
10680.2;0.069
10680.7;0.188
10681.2;0.348
10681.7;0.224
10682.2;0.231
10682.7;0.137
10683.2;0.196
10683.7;0.266
10684.2;0.23
10684.7;0.413
10685.2;0.378
10685.7;0.265
10686.2;0.326
10686.7;0.392
10687.2;0.31
10687.7;0.325
10688.2;0.308
10688.7;0.17
10689.2;0.19
10689.7;0.299
10690.2;0.119
10690.7;0.134
10691.2;0.146
10691.7;0.09
10692.2;0.126
10692.7;0.157
10693.2;0.142
10693.7;0.194
10694.2;0.152
10694.7;0.296
10695.2;0.303
10695.7;0.167
10696.2;0.081
10696.7;0.032
10697.2;0.18
10697.7;0.168
10698.2;0.188
10698.7;0.157
10699.2;0.281
10699.7;0.282
10700.2;0.183
10700.7;0.249
10701.2;0.207
10701.7;0.222
10702.2;0.1
10702.7;0.047
10703.2;0.076
10703.7;0.154
10704.2;0.126
10704.7;0.201
10705.2;0.065
10705.7;0.076
10706.2;0.214
10706.7;0.103
10707.2;0.078
10707.7;0.134
10708.2;0.018
10708.7;0.04
10709.2;0.101
10709.7;0.004
10710.2;0.16
10710.7;0.271
10711.2;0.219
10711.7;0.254
10712.2;0.114
10712.7;0.243
10713.2;0.066
10713.7;0.08
10714.2;0.027
10714.7;0.13
10715.2;0.073
10715.7;0.075
10716.2;0.085
10716.7;0.137
10717.2;0.219
10717.7;0.203
10718.2;0.115
10718.7;0.021
10719.2;0.09
10719.7;0.067
10720.2;0.109
10720.7;0.011
10721.2;0.087
10721.7;0.139
10722.2;0.231
10722.7;0.177
10723.2;0.097
10723.7;0.058
10724.2;0.048
10724.7;0.038
10725.2;0.087
10725.7;0.158
10726.2;0.117
10726.7;0.191
10727.2;0.143
10727.7;0.129
10728.2;0.177
10728.7;0.041
10729.2;0.08
10729.7;0.145
10730.2;0.134
10730.7;0.145
10731.2;0.136
10731.7;0.054
10732.2;0.053
10732.7;0.035
10733.2;0.065
10733.7;0.123
10734.2;0.086
10734.7;0.048
10735.2;0.083
10735.7;0.014
10736.2;0.115
10736.7;0.12
10737.2;0.159
10737.7;0.129
10738.2;0.187
10738.7;0.165
10739.2;0.083
10739.7;0.07
10740.2;0.037
10740.7;0.1
10741.2;0.016
10741.7;0.135
10742.2;0.182
10742.7;0.154
10743.2;0.125
10743.7;0.038
10744.2;0.209
10744.7;0.118
10745.2;0.151
10745.7;0.178
10746.2;0.129
10746.7;0.157
10747.2;0.091
10747.7;0.062
10748.2;0.043
10748.7;0.143
10749.2;0.083
10749.7;0.159
10750.2;0.114
10750.7;0.039
10751.2;0.072
10751.7;0.048
10752.2;0.04
10752.7;0.116
10753.2;0.088
10753.7;0.055
10754.2;0.071
10754.7;0.15
10755.2;0.105
10755.7;0.094
10756.2;0.036
10756.7;0.133
10757.2;0.02
10757.7;0.14
10758.2;0.09
10758.7;0.143
10759.2;0.192
10759.7;0.163
10760.2;0.087
10760.7;0.021
10761.2;0.192
10761.7;0.182
10762.2;0.155
10762.7;0.068
10763.2;0.071
10763.7;0.104
10764.2;0.046
10764.7;0.149
10765.2;0.049
10765.7;0.154
10766.2;0.076
10766.7;0.051
10767.2;0.066
10767.7;0.213
10768.2;0.128
10768.7;0.251
10769.2;0.04
10769.7;0.161
10770.2;0.132
10770.7;0.063
10771.2;0.204
10771.7;0.12
10772.2;0.156
10772.7;0.088
10773.2;0.086
10773.7;0.089
10774.2;0.056
10774.7;0.068
10775.2;0.124
10775.7;0.083
10776.2;0.079
10776.7;0.065
10777.2;0.099
10777.7;0.151
10778.2;0.213
10778.7;0.139
10779.2;0.169
10779.7;0.07
10780.2;0.109
10780.7;0.029
10781.2;0.072
10781.7;0.119
10782.2;0.271
10782.7;0.081
10783.2;0.102
10783.7;0.009
10784.2;0.082
10784.7;0.155
10785.2;0.17
10785.7;0.121
10786.2;0.054
10786.7;0.087
10787.2;0.112
10787.7;0.171
10788.2;0.19
10788.7;0.208
10789.2;0.15
10789.7;0.103
10790.2;0.136
10790.7;0.08
10791.2;0.14
10791.7;0.202
10792.2;0.219
10792.7;0.186
10793.2;0.132
10793.7;0.085
10794.2;0.053
10794.7;0.074
10795.2;0.119
10795.7;0.179
10796.2;0.183
10796.7;0.225
10797.2;0.046
10797.7;0.024
10798.2;0.094
10798.7;0.061
10799.2;0.139
10799.7;0.202
10800.2;0.202
10800.7;0.14
10801.2;0.081
10801.7;0.126
10802.2;0.06
10802.7;0.142
10803.2;0.216
10803.7;0.319
10804.2;0.135
10804.7;0.062
10805.2;0.283
10805.7;0.013
10806.2;0.146
10806.7;0.263
10807.2;0.19
10807.7;0.055
10808.2;0.132
10808.7;0.132
10809.2;0.224
10809.7;0.308
10810.2;0.251
10810.7;0.418
10811.2;0.125
10811.7;0.169
10812.2;0.294
10812.7;0.187
10813.2;0.127
10813.7;0.14
10814.2;0.143
10814.7;0.157
10815.2;0.116
10815.7;0.114
10816.2;0.097
10816.7;0.201
10817.2;0.158
10817.7;0.205
10818.2;0.113
10818.7;0.209
10819.2;0.125
10819.7;0.082
10820.2;0.202
10820.7;0.336
10821.2;0.263
10821.7;0.22
10822.2;0.141
10822.7;0.315
10823.2;0.198
10823.7;0.299
10824.2;0.31
10824.7;0.354
10825.2;0.207
10825.7;0.353
10826.2;0.217
10826.7;0.119
10827.2;0.288
10827.7;0.143
10828.2;0.423
10828.7;0.332
10829.2;0.262
10829.7;0.346
10830.2;0.275
10830.7;0.245
10831.2;0.325
10831.7;0.212
10832.2;0.428
10832.7;0.288
10833.2;0.214
10833.7;0.22
10834.2;0.175
10834.7;0.17
10835.2;0.366
10835.7;0.408
10836.2;0.376
10836.7;0.229
10837.2;0.359
10837.7;0.335
10838.2;0.337
10838.7;0.306
10839.2;0.381
10839.7;0.24
10840.2;0.203
10840.7;0.061
10841.2;0.088
10841.7;0.123
10842.2;0.268
10842.7;0.33
10843.2;0.189
10843.7;0.256
10844.2;0.203
10844.7;0.134
10845.2;0.212
10845.7;0.195
10846.2;0.24
10846.7;0.135
10847.2;0.229
10847.7;0.329
10848.2;0.158
10848.7;0.226
10849.2;0.391
10849.7;0.244
10850.2;0.352
10850.7;0.231
10851.2;0.059
10851.7;0.338
10852.2;0.239
10852.7;0.267
10853.2;0.285
10853.7;0.161
10854.2;0.233
10854.7;0.187
10855.2;0.13
10855.7;0.144
10856.2;0.067
10856.7;0.217
10857.2;0.374
10857.7;0.172
10858.2;0.3
10858.7;0.135
10859.2;0.042
10859.7;0.114
10860.2;0.079
10860.7;0.019
10861.2;0.204
10861.7;0.112
10862.2;0.218
10862.7;0.19
10863.2;0.065
10863.7;0.033
10864.2;0.241
10864.7;0.225
10865.2;0.41
10865.7;0.229
10866.2;0.14
10866.7;0.187
10867.2;0.17
10867.7;0.2
10868.2;0.145
10868.7;0.189
10869.2;0.094
10869.7;0.034
10870.2;0.284
10870.7;0.081
10871.2;0.211
10871.7;0.137
10872.2;0.209
10872.7;0.132
10873.2;0.178
10873.7;0.185
10874.2;0.153
10874.7;0.147
10875.2;0.114
10875.7;0.213
10876.2;0.204
10876.7;0.256
10877.2;0.201
10877.7;0.137
10878.2;0.208
10878.7;0.118
10879.2;0.137
10879.7;0.185
10880.2;0.143
10880.7;0.192
10881.2;0.346
10881.7;0.071
10882.2;0.109
10882.7;0.097
10883.2;0.232
10883.7;0.41
10884.2;0.205
10884.7;0.507
10885.2;0.109
10885.7;0.384
10886.2;0.279
10886.7;0.298
10887.2;0.296
10887.7;0.22
10888.2;0.562
10888.7;0.171
10889.2;0.513
10889.7;0.231
10890.2;0.37
10890.7;0.492
10891.2;0.589
10891.7;0.802
10892.2;0.613
10892.7;0.816
10893.2;0.715
10893.7;0.424
10894.2;0.401
10894.7;0.25
10895.2;0.477
10895.7;0.489
10896.2;0.928
10896.7;0.812
10897.2;0.889
10897.7;1.117
10898.2;0.833
10898.7;0.838
10899.2;0.955
10899.7;0.688
10900.2;0.816
10900.7;0.796
10901.2;0.419
10901.7;0.612
10902.2;0.275
10902.7;0.092
10903.2;0.233
10903.7;0.045
10904.2;0.077
10904.7;0.137
10905.2;0.159
10905.7;0.225
10906.2;0.29
10906.7;0.141
10907.2;0.156
10907.7;0.215
10908.2;0.121
10908.7;0.245
10909.2;0.087
10909.7;0.025
10910.2;0.069
10910.7;0.109
10911.2;0.124
10911.7;0.057
10912.2;0.074
10912.7;0.124
10913.2;0.141
10913.7;0.082
10914.2;0.058
10914.7;0.097
10915.2;0.139
10915.7;0.067
10916.2;0.092
10916.7;0.086
10917.2;0.112
10917.7;0.129
10918.2;0.054
10918.7;0.088
10919.2;0.027
10919.7;0.029
10920.2;0.134
10920.7;0.15
10921.2;0.114
10921.7;0.077
10922.2;0.078
10922.7;0.076
10923.2;0.097
10923.7;0.048
10924.2;0.09
10924.7;0.084
10925.2;0.154
10925.7;0.147
10926.2;0.108
10926.7;0.03
10927.2;0.115
10927.7;0.085
10928.2;0.054
10928.7;0.048
10929.2;0.036
10929.7;0.015
10930.2;0.135
10930.7;0.152
10931.2;0.099
10931.7;0.075
10932.2;0.118
10932.7;0.058
10933.2;0.026
10933.7;0.048
10934.2;0.092
10934.7;0.068
10935.2;0.161
10935.7;0.105
10936.2;0.262
10936.7;0.118
10937.2;0.145
10937.7;0.096
10938.2;0.09
10938.7;0.112
10939.2;0.191
10939.7;0.151
10940.2;0.172
10940.7;0.206
10941.2;0.047
10941.7;0.045
10942.2;0.088
10942.7;0.103
10943.2;0.024
10943.7;0.248
10944.2;0.084
10944.7;0.142
10945.2;0.183
10945.7;0.078
10946.2;0.067
10946.7;0.17
10947.2;0.035
10947.7;0.102
10948.2;0.142
10948.7;0.185
10949.2;0.148
10949.7;0.065
10950.2;0.132
10950.7;0.155
10951.2;0.078
10951.7;0.041
10952.2;0.188
10952.7;0.185
10953.2;0.236
10953.7;0.233
10954.2;0.19
10954.7;0.088
10955.2;0.075
10955.7;0.087
10956.2;0.21
10956.7;0.129
10957.2;0.242
10957.7;0.253
10958.2;0.184
10958.7;0.146
10959.2;0.036
10959.7;0.145
10960.2;0.076
10960.7;0.046
10961.2;0.028
10961.7;0.147
10962.2;0.227
10962.7;0.176
10963.2;0.218
10963.7;0.025
10964.2;0.127
10964.7;0.236
10965.2;0.07
10965.7;0.089
10966.2;0.169
10966.7;0.133
10967.2;0.174
10967.7;0.123
10968.2;0.128
10968.7;0.11
10969.2;0.157
10969.7;0.154
10970.2;0.144
10970.7;0.271
10971.2;0.158
10971.7;0.191
10972.2;0.103
10972.7;0.147
10973.2;0.094
10973.7;0.049
10974.2;0.071
10974.7;0.073
10975.2;0.12
10975.7;0.036
10976.2;0.093
10976.7;0.214
10977.2;0.085
10977.7;0.026
10978.2;0.151
10978.7;0.085
10979.2;0.107
10979.7;0.144
10980.2;0.05
10980.7;0.199
10981.2;0.206
10981.7;0.15
10982.2;0.069
10982.7;0.235
10983.2;0.132
10983.7;0.052
10984.2;0.043
10984.7;0.058
10985.2;0.182
10985.7;0.033
10986.2;0.052
10986.7;0.125
10987.2;0.129
10987.7;0.085
10988.2;0.019
10988.7;0.16
10989.2;0.154
10989.7;0.178
10990.2;0.118
10990.7;0.192
10991.2;0.102
10991.7;0.054
10992.2;0.051
10992.7;0.086
10993.2;0.18
10993.7;0.198
10994.2;0.179
10994.7;0.198
10995.2;0.122
10995.7;0.27
10996.2;0.374
10996.7;0.22
10997.2;0.151
10997.7;0.174
10998.2;0.212
10998.7;0.237
10999.2;0.202
10999.7;0.212
11000.2;0.23
11000.7;0.244
11001.2;0.12
11001.7;0.106
11002.2;0.197
11002.7;0.052
11003.2;0.031
11003.7;0.251
11004.2;0.315
11004.7;0.278
11005.2;0.332
11005.7;0.208
11006.2;0.153
11006.7;0.127
11007.2;0.343
11007.7;0.328
11008.2;0.257
11008.7;0.418
11009.2;0.372
11009.7;0.291
11010.2;0.3
11010.7;0.273
11011.2;0.411
11011.7;0.408
11012.2;0.322
11012.7;0.434
11013.2;0.125
11013.7;0.295
11014.2;0.514
11014.7;0.327
11015.2;0.436
11015.7;0.501
11016.2;0.358
11016.7;0.353
11017.2;0.258
11017.7;0.252
11018.2;0.164
11018.7;0.153
11019.2;0.242
11019.7;0.074
11020.2;0.138
11020.7;0.268
11021.2;0.343
11021.7;0.254
11022.2;0.149
11022.7;0.211
11023.2;0.321
11023.7;0.138
11024.2;0.406
11024.7;0.341
11025.2;0.098
11025.7;0.231
11026.2;0.224
11026.7;0.254
11027.2;0.234
11027.7;0.131
11028.2;0.352
11028.7;0.164
11029.2;0.201
11029.7;0.328
11030.2;0.156
11030.7;0.183
11031.2;0.241
11031.7;0.304
11032.2;0.195
11032.7;0.2
11033.2;0.53
11033.7;0.243
11034.2;0.348
11034.7;0.384
11035.2;0.128
11035.7;0.206
11036.2;0.163
11036.7;0.234
11037.2;0.226
11037.7;0.089
11038.2;0.342
11038.7;0.209
11039.2;0.188
11039.7;0.386
11040.2;0.094
11040.7;0.246
11041.2;0.264
11041.7;0.11
11042.2;0.228
11042.7;0.103
11043.2;0.234
11043.7;0.238
11044.2;0.302
11044.7;0.403
11045.2;0.161
11045.7;0.344
11046.2;0.401
11046.7;0.219
11047.2;0.169
11047.7;0.292
11048.2;0.264
11048.7;0.177
11049.2;0.365
11049.7;0.318
11050.2;0.355
11050.7;0.386
11051.2;0.412
11051.7;0.269
11052.2;0.205
11052.7;0.305
11053.2;0.461
11053.7;0.357
11054.2;0.411
11054.7;0.588
11055.2;0.483
11055.7;0.419
11056.2;0.495
11056.7;0.431
11057.2;0.352
11057.7;0.35
11058.2;0.158
11058.7;0.114
11059.2;0.284
11059.7;0.476
11060.2;0.407
11060.7;0.331
11061.2;0.343
11061.7;0.178
11062.2;0.265
11062.7;0.235
11063.2;0.181
11063.7;0.208
11064.2;0.176
11064.7;0.227
11065.2;0.208
11065.7;0.364
11066.2;0.321
11066.7;0.271
11067.2;0.386
11067.7;0.36
11068.2;0.421
11068.7;0.286
11069.2;0.282
11069.7;0.267
11070.2;0.159
11070.7;0.209
11071.2;0.163
11071.7;0.125
11072.2;0.275
11072.7;0.354
11073.2;0.344
11073.7;0.35
11074.2;0.45
11074.7;0.565
11075.2;0.511
11075.7;0.642
11076.2;0.582
11076.7;0.664
11077.2;0.663
11077.7;0.721
11078.2;0.673
11078.7;0.647
11079.2;0.666
11079.7;0.667
11080.2;0.655
11080.7;0.675
11081.2;0.714
11081.7;0.819
11082.2;0.971
11082.7;0.815
11083.2;0.871
11083.7;0.708
11084.2;0.869
11084.7;0.714
11085.2;0.678
11085.7;0.581
11086.2;0.487
11086.7;0.55
11087.2;0.346
11087.7;0.521
11088.2;0.503
11088.7;0.535
11089.2;0.471
11089.7;0.567
11090.2;0.436
11090.7;0.484
11091.2;0.428
11091.7;0.453
11092.2;0.416
11092.7;0.436
11093.2;0.495
11093.7;0.528
11094.2;0.416
11094.7;0.358
11095.2;0.294
11095.7;0.213
11096.2;0.155
11096.7;0.106
11097.2;0.204
11097.7;0.194
11098.2;0.315
11098.7;0.27
11099.2;0.439
11099.7;0.344
11100.2;0.268
11100.7;0.311
11101.2;0.155
11101.7;0.23
11102.2;0.202
11102.7;0.106
11103.2;0.337
11103.7;0.401
11104.2;0.379
11104.7;0.4
11105.2;0.256
11105.7;0.209
11106.2;0.31
11106.7;0.278
11107.2;0.346
11107.7;0.385
11108.2;0.477
11108.7;0.562
11109.2;0.435
11109.7;0.459
11110.2;0.401
11110.7;0.343
11111.2;0.376
11111.7;0.532
11112.2;0.532
11112.7;0.763
11113.2;0.718
11113.7;0.712
11114.2;0.846
11114.7;0.71
11115.2;0.875
11115.7;0.818
11116.2;0.863
11116.7;0.827
11117.2;0.682
11117.7;0.608
11118.2;0.457
11118.7;0.47
11119.2;0.614
11119.7;0.673
11120.2;0.46
11120.7;0.526
11121.2;0.517
11121.7;0.426
11122.2;0.471
11122.7;0.388
11123.2;0.344
11123.7;0.308
11124.2;0.275
11124.7;0.213
11125.2;0.166
11125.7;0.135
11126.2;0.179
11126.7;0.273
11127.2;0.301
11127.7;0.31
11128.2;0.359
11128.7;0.384
11129.2;0.42
11129.7;0.385
11130.2;0.274
11130.7;0.237
11131.2;0.286
11131.7;0.167
11132.2;0.174
11132.7;0.103
11133.2;0.165
11133.7;0.249
11134.2;0.267
11134.7;0.304
11135.2;0.25
11135.7;0.176
11136.2;0.245
11136.7;0.118
11137.2;0.07
11137.7;0.204
11138.2;0.242
11138.7;0.255
11139.2;0.297
11139.7;0.274
11140.2;0.259
11140.7;0.134
11141.2;0.207
11141.7;0.179
11142.2;0.144
11142.7;0.221
11143.2;0.187
11143.7;0.176
11144.2;0.255
11144.7;0.183
11145.2;0.085
11145.7;0.054
11146.2;0.103
11146.7;0.092
11147.2;0.142
11147.7;0.122
11148.2;0.142
11148.7;0.139
11149.2;0.159
11149.7;0.21
11150.2;0.179
11150.7;0.101
11151.2;0.098
11151.7;0.106
11152.2;0.117
11152.7;0.146
11153.2;0.324
11153.7;0.299
11154.2;0.259
11154.7;0.26
11155.2;0.15
11155.7;0.065
11156.2;0.1
11156.7;0.099
11157.2;0.142
11157.7;0.217
11158.2;0.283
11158.7;0.243
11159.2;0.189
11159.7;0.204
11160.2;0.014
11160.7;0.18
11161.2;0.265
11161.7;0.431
11162.2;0.321
11162.7;0.282
11163.2;0.34
11163.7;0.23
11164.2;0.112
11164.7;0.016
11165.2;0.025
11165.7;0.112
11166.2;0.252
11166.7;0.141
11167.2;0.253
11167.7;0.147
11168.2;0.051
11168.7;0.064
11169.2;0.147
11169.7;0.092
11170.2;0.093
11170.7;0.069
11171.2;0.135
11171.7;0.089
11172.2;0.074
11172.7;0.088
11173.2;0.052
11173.7;0.108
11174.2;0.189
11174.7;0.142
11175.2;0.195
11175.7;0.173
11176.2;0.171
11176.7;0.115
11177.2;0.047
11177.7;0.109
11178.2;0.054
11178.7;0.113
11179.2;0.21
11179.7;0.148
11180.2;0.161
11180.7;0.155
11181.2;0.125
11181.7;0.072
11182.2;0.203
11182.7;0.179
11183.2;0.211
11183.7;0.159
11184.2;0.173
11184.7;0.129
11185.2;0.101
11185.7;0.095
11186.2;0.195
11186.7;0.081
11187.2;0.219
11187.7;0.163
11188.2;0.137
11188.7;0.051
11189.2;0.068
11189.7;0.115
11190.2;0.14
11190.7;0.108
11191.2;0.282
11191.7;0.197
11192.2;0.096
11192.7;0.036
11193.2;0.013
11193.7;0.075
11194.2;0.124
11194.7;0.17
11195.2;0.091
11195.7;0.076
11196.2;0.183
11196.7;0.052
11197.2;0.053
11197.7;0.046
11198.2;0.167
11198.7;0.141
11199.2;0.204
11199.7;0.104
11200.2;0.089
11200.7;0.126
11201.2;0.218
11201.7;0.206
11202.2;0.255
11202.7;0.257
11203.2;0.212
11203.7;0.136
11204.2;0.116
11204.7;0.152
11205.2;0.243
11205.7;0.139
11206.2;0.292
11206.7;0.167
11207.2;0.085
11207.7;0.045
11208.2;0.244
11208.7;0.066
11209.2;0.175
11209.7;0.184
11210.2;0.164
11210.7;0.128
11211.2;0.004
11211.7;0.117
11212.2;0.05
11212.7;0.104
11213.2;0.087
11213.7;0.115
11214.2;0.234
11214.7;0.216
11215.2;0.091
11215.7;0.13
11216.2;0.156
11216.7;0.074
11217.2;0.041
11217.7;0.163
11218.2;0.228
11218.7;0.097
11219.2;0.077
11219.7;0.202
11220.2;0.147
11220.7;0.153
11221.2;0.065
11221.7;0.222
11222.2;0.095
11222.7;0.061
11223.2;0.06
11223.7;0.003
11224.2;0.132
11224.7;0.124
11225.2;0.185
11225.7;0.038
11226.2;0.114
11226.7;0.024
11227.2;0.091
11227.7;0.118
11228.2;0.255
11228.7;0.262
11229.2;0.089
11229.7;0.09
11230.2;0.068
11230.7;0.145
11231.2;0.214
11231.7;0.203
11232.2;0.075
11232.7;0.023
11233.2;0.03
11233.7;0.14
11234.2;0.208
11234.7;0.252
11235.2;0.185
11235.7;0.083
11236.2;0.138
11236.7;0.099
11237.2;0.065
11237.7;0.171
11238.2;0.201
11238.7;0.14
11239.2;0.156
11239.7;0.051
11240.2;0.048
11240.7;0.089
11241.2;0.163
11241.7;0.093
11242.2;0.122
11242.7;0.227
11243.2;0.073
11243.7;0.069
11244.2;0.077
11244.7;0.08
11245.2;0.11
11245.7;0.015
11246.2;0.178
11246.7;0.037
11247.2;0.115
11247.7;0.191
11248.2;0.155
11248.7;0.094
11249.2;0.174
11249.7;0.197
11250.2;0.067
11250.7;0.2
11251.2;0.131
11251.7;0.1
11252.2;0.138
11252.7;0.15
11253.2;0.105
11253.7;0.142
11254.2;0.153
11254.7;0.144
11255.2;0.171
11255.7;0.069
11256.2;0.081
11256.7;0.081
11257.2;0.064
11257.7;0.124
11258.2;0.185
11258.7;0.128
11259.2;0.063
11259.7;0.15
11260.2;0.047
11260.7;0.044
11261.2;0.139
11261.7;0.141
11262.2;0.119
11262.7;0.088
11263.2;0.168
11263.7;0.05
11264.2;0.117
11264.7;0.063
11265.2;0.211
11265.7;0.116
11266.2;0.144
11266.7;0.134
11267.2;0.217
11267.7;0.147
11268.2;0.103
11268.7;0.141
11269.2;0.171
11269.7;0.065
11270.2;0.128
11270.7;0.049
11271.2;0.122
11271.7;0.131
11272.2;0.171
11272.7;0.079
11273.2;0.106
11273.7;0.088
11274.2;0.167
11274.7;0.053
11275.2;0.195
11275.7;0.168
11276.2;0.078
11276.7;0.153
11277.2;0.134
11277.7;0.156
11278.2;0.116
11278.7;0.153
11279.2;0.085
11279.7;0.085
11280.2;0.118
11280.7;0.123
11281.2;0.196
11281.7;0.156
11282.2;0.102
11282.7;0.127
11283.2;0.164
11283.7;0.05
11284.2;0.17
11284.7;0.321
11285.2;0.219
11285.7;0.116
11286.2;0.03
11286.7;0.041
11287.2;0.091
11287.7;0.192
11288.2;0.211
11288.7;0.139
11289.2;0.143
11289.7;0.092
11290.2;0.239
11290.7;0.135
11291.2;0.097
11291.7;0.145
11292.2;0.018
11292.7;0.114
11293.2;0.31
11293.7;0.321
11294.2;0.054
11294.7;0.174
11295.2;0.167
11295.7;0.112
11296.2;0.259
11296.7;0.199
11297.2;0.121
11297.7;0.178
11298.2;0.329
11298.7;0.099
11299.2;0.288
11299.7;0.268
11300.2;0.103
11300.7;0.164
11301.2;0.205
11301.7;0.113
11302.2;0.168
11302.7;0.286
11303.2;0.043
11303.7;0.207
11304.2;0.235
11304.7;0.136
11305.2;0.117
11305.7;0.141
11306.2;0.158
11306.7;0.134
11307.2;0.167
11307.7;0.203
11308.2;0.192
11308.7;0.139
11309.2;0.127
11309.7;0.113
11310.2;0.184
11310.7;0.033
11311.2;0.192
11311.7;0.143
11312.2;0.119
11312.7;0.242
11313.2;0.192
11313.7;0.033
11314.2;0.141
11314.7;0.101
11315.2;0.094
11315.7;0.213
11316.2;0.229
11316.7;0.058
11317.2;0.054
11317.7;0.024
11318.2;0.175
11318.7;0.318
11319.2;0.146
11319.7;0.064
11320.2;0.115
11320.7;0.117
11321.2;0.175
11321.7;0.406
11322.2;0.179
11322.7;0.102
11323.2;0.103
11323.7;0.075
11324.2;0.162
11324.7;0.197
11325.2;0.143
11325.7;0.138
11326.2;0.14
11326.7;0.148
11327.2;0.281
11327.7;0.246
11328.2;0.185
11328.7;0.201
11329.2;0.179
11329.7;0.181
11330.2;0.324
11330.7;0.214
11331.2;0.294
11331.7;0.195
11332.2;0.201
11332.7;0.059
11333.2;0.104
11333.7;0.082
11334.2;0.158
11334.7;0.199
11335.2;0.023
11335.7;0.043
11336.2;0.052
11336.7;0.101
11337.2;0.151
11337.7;0.243
11338.2;0.11
11338.7;0.133
11339.2;0.109
11339.7;0.105
11340.2;0.249
11340.7;0.183
11341.2;0.267
11341.7;0.005
11342.2;0.188
11342.7;0.07
11343.2;0.117
11343.7;0.227
11344.2;0.124
11344.7;0.156
11345.2;0.048
11345.7;0.102
11346.2;0.211
11346.7;0.275
11347.2;0.187
11347.7;0.124
11348.2;0.099
11348.7;0.087
11349.2;0.146
11349.7;0.195
11350.2;0.18
11350.7;0.125
11351.2;0.054
11351.7;0.026
11352.2;0.16
11352.7;0.165
11353.2;0.211
11353.7;0.165
11354.2;0.116
11354.7;0.199
11355.2;0.223
11355.7;0.392
11356.2;0.227
11356.7;0.297
11357.2;0.198
11357.7;0.261
11358.2;0.249
11358.7;0.312
11359.2;0.344
11359.7;0.374
11360.2;0.349
11360.7;0.283
11361.2;0.272
11361.7;0.156
11362.2;0.217
11362.7;0.316
11363.2;0.207
11363.7;0.264
11364.2;0.133
11364.7;0.101
11365.2;0.194
11365.7;0.17
11366.2;0.231
11366.7;0.177
11367.2;0.122
11367.7;0.04
11368.2;0.116
11368.7;0.165
11369.2;0.21
11369.7;0.159
11370.2;0.037
11370.7;0.129
11371.2;0.045
11371.7;0.091
11372.2;0.199
11372.7;0.191
11373.2;0.065
11373.7;0.063
11374.2;0.098
11374.7;0.259
11375.2;0.298
11375.7;0.193
11376.2;0.245
11376.7;0.111
11377.2;0.267
11377.7;0.112
11378.2;0.262
11378.7;0.266
11379.2;0.369
11379.7;0.335
11380.2;0.33
11380.7;0.181
11381.2;0.334
11381.7;0.231
11382.2;0.407
11382.7;0.333
11383.2;0.396
11383.7;0.347
11384.2;0.253
11384.7;0.206
11385.2;0.279
11385.7;0.264
11386.2;0.241
11386.7;0.231
11387.2;0.23
11387.7;0.068
11388.2;0.223
11388.7;0.224
11389.2;0.271
11389.7;0.222
11390.2;0.13
11390.7;0.071
11391.2;0.077
11391.7;0.041
11392.2;0.153
11392.7;0.093
11393.2;0.043
11393.7;0.046
11394.2;0.198
11394.7;0.09
11395.2;0.192
11395.7;0.076
11396.2;0.023
11396.7;0.241
11397.2;0.05
11397.7;0.101
11398.2;0.132
11398.7;0.193
11399.2;0.259
11399.7;0.392
11400.2;0.227
11400.7;0.445
11401.2;0.204
11401.7;0.287
11402.2;0.322
11402.7;0.306
11403.2;0.369
11403.7;0.39
11404.2;0.36
11404.7;0.565
11405.2;0.565
11405.7;0.452
11406.2;0.66
11406.7;0.496
11407.2;0.483
11407.7;0.486
11408.2;0.406
11408.7;0.589
11409.2;0.793
11409.7;0.767
11410.2;1.09
11410.7;0.99
11411.2;0.99
11411.7;0.932
11412.2;0.712
11412.7;0.627
11413.2;0.666
11413.7;0.567
11414.2;0.938
11414.7;0.96
11415.2;1.201
11415.7;1.196
11416.2;1.28
11416.7;1.109
11417.2;1.053
11417.7;1.08
11418.2;0.756
11418.7;0.952
11419.2;0.69
11419.7;0.894
11420.2;0.673
11420.7;0.635
11421.2;0.62
11421.7;0.452
11422.2;0.534
11422.7;0.252
11423.2;0.306
11423.7;0.059
11424.2;0.123
11424.7;0.348
11425.2;0.222
11425.7;0.442
11426.2;0.258
11426.7;0.234
11427.2;0.345
11427.7;0.075
11428.2;0.34
11428.7;0.088
11429.2;0.158
11429.7;0.208
11430.2;0.08
11430.7;0.09
11431.2;0.136
11431.7;0.398
11432.2;0.091
11432.7;0.344
11433.2;0.122
11433.7;0.275
11434.2;0.103
11434.7;0.132
11435.2;0.055
11435.7;0.261
11436.2;0.055
11436.7;0.168
11437.2;0.204
11437.7;0.186
11438.2;0.167
11438.7;0.284
11439.2;0.175
11439.7;0.276
11440.2;0.217
11440.7;0.087
11441.2;0.122
11441.7;0.175
11442.2;0.187
11442.7;0.191
11443.2;0.17
11443.7;0.14
11444.2;0.194
11444.7;0.064
11445.2;0.235
11445.7;0.132
11446.2;0.301
11446.7;0.145
11447.2;0.191
11447.7;0.125
11448.2;0.006
11448.7;0.304
11449.2;0.096
11449.7;0.165
11450.2;0.208
11450.7;0.233
11451.2;0.043
11451.7;0.324
11452.2;0.084
11452.7;0.236
11453.2;0.078
11453.7;0.154
11454.2;0.149
11454.7;0.309
11455.2;0.123
11455.7;0.301
11456.2;0.163
11456.7;0.087
11457.2;0.152
11457.7;0.26
11458.2;0.119
11458.7;0.359
11459.2;0.138
11459.7;0.211
11460.2;0.092
11460.7;0.303
11461.2;0.14
11461.7;0.359
11462.2;0.016
11462.7;0.137
11463.2;0.023
11463.7;0.233
11464.2;0.166
11464.7;0.149
11465.2;0.127
11465.7;0.126
11466.2;0.25
11466.7;0.113
11467.2;0.124
11467.7;0.04
11468.2;0.207
11468.7;0.055
11469.2;0.069
11469.7;0.205
11470.2;0.134
11470.7;0.185
11471.2;0.151
11471.7;0.109
11472.2;0.093
11472.7;0.107
11473.2;0.044
11473.7;0.206
11474.2;0.094
11474.7;0.087
11475.2;0.079
11475.7;0.184
11476.2;0.038
11476.7;0.215
11477.2;0.07
11477.7;0.136
11478.2;0.116
11478.7;0.062
11479.2;0.039
11479.7;0.312
11480.2;0.114
11480.7;0.225
11481.2;0.097
11481.7;0.116
11482.2;0.152
11482.7;0.151
11483.2;0.066
11483.7;0.15
11484.2;0.33
11484.7;0.137
11485.2;0.017
11485.7;0.128
11486.2;0.082
11486.7;0.068
11487.2;0.112
11487.7;0.145
11488.2;0.258
11488.7;0.077
11489.2;0.133
11489.7;0.141
11490.2;0.203
11490.7;0.088
11491.2;0.131
11491.7;0.168
11492.2;0.085
11492.7;0.04
11493.2;0.14
11493.7;0.078
11494.2;0.17
11494.7;0.105
11495.2;0.082
11495.7;0.152
11496.2;0.139
11496.7;0.077
11497.2;0.128
11497.7;0.172
11498.2;0.018
11498.7;0.198
11499.2;0.148
11499.7;0.157
11500.2;0.086
11500.7;0.206
11501.2;0.098
11501.7;0.202
11502.2;0.06
11502.7;0.035
11503.2;0.107
11503.7;0.062
11504.2;0.076
11504.7;0.303
11505.2;0.069
11505.7;0.147
11506.2;0.153
11506.7;0.105
11507.2;0.152
11507.7;0.17
11508.2;0.183
11508.7;0.271
11509.2;0.097
11509.7;0.129
11510.2;0.211
11510.7;0.226
11511.2;0.12
11511.7;0.164
11512.2;0.227
11512.7;0.076
11513.2;0.182
11513.7;0.293
11514.2;0.236
11514.7;0.194
11515.2;0.162
11515.7;0.465
11516.2;0.3
11516.7;0.125
11517.2;0.351
11517.7;0.26
11518.2;0.233
11518.7;0.191
11519.2;0.23
11519.7;0.472
11520.2;0.129
11520.7;0.232
11521.2;0.272
11521.7;0.314
11522.2;0.153
11522.7;0.173
11523.2;0.205
11523.7;0.285
11524.2;0.112
11524.7;0.079
11525.2;0.36
11525.7;0.224
11526.2;0.223
11526.7;0.16
11527.2;0.228
11527.7;0.426
11528.2;0.137
11528.7;0.135
11529.2;0.393
11529.7;0.311
11530.2;0.069
11530.7;0.323
11531.2;0.424
11531.7;0.202
11532.2;0.186
11532.7;0.191
11533.2;0.057
11533.7;0.383
11534.2;0.281
11534.7;0.143
11535.2;0.348
11535.7;0.481
11536.2;0.39
11536.7;0.142
11537.2;0.477
11537.7;0.492
11538.2;0.218
11538.7;0.495
11539.2;0.647
11539.7;0.396
11540.2;0.491
11540.7;0.498
11541.2;0.38
11541.7;0.656
11542.2;0.668
11542.7;0.424
11543.2;0.664
11543.7;0.581
11544.2;0.176
11544.7;0.422
11545.2;0.351
11545.7;0.232
11546.2;0.287
11546.7;0.114
11547.2;0.219
11547.7;0.208
11548.2;0.302
11548.7;0.462
11549.2;0.221
11549.7;0.267
11550.2;0.359
11550.7;0.151
11551.2;0.142
11551.7;0.164
11552.2;0.044
11552.7;0.116
11553.2;0.186
11553.7;0.202
11554.2;0.155
11554.7;0.158
11555.2;0.339
11555.7;0.139
11556.2;0.326
11556.7;0.314
11557.2;0.093
11557.7;0.063
11558.2;0.101
11558.7;0.214
11559.2;0.079
11559.7;0.205
11560.2;0.164
11560.7;0.112
11561.2;0.324
11561.7;0.138
11562.2;0.122
11562.7;0.125
11563.2;0.101
11563.7;0.193
11564.2;0.105
11564.7;0.054
11565.2;0.157
11565.7;0.198
11566.2;0.259
11566.7;0.321
11567.2;0.188
11567.7;0.09
11568.2;0.134
11568.7;0.159
11569.2;0.05
11569.7;0.056
11570.2;0.096
11570.7;0.267
11571.2;0.192
11571.7;0.128
11572.2;0.031
11572.7;0.112
11573.2;0.261
11573.7;0.233
11574.2;0.18
11574.7;0.218
11575.2;0.17
11575.7;0.337
11576.2;0.264
11576.7;0.151
11577.2;0.134
11577.7;0.027
11578.2;0.042
11578.7;0.059
11579.2;0.157
11579.7;0.062
11580.2;0.175
11580.7;0.15
11581.2;0.316
11581.7;0.219
11582.2;0.085
11582.7;0.09
11583.2;0.243
11583.7;0.184
11584.2;0.105
11584.7;0.221
11585.2;0.244
11585.7;0.314
11586.2;0.291
11586.7;0.042
11587.2;0.063
11587.7;0.13
11588.2;0.138
11588.7;0.134
11589.2;0.103
11589.7;0.217
11590.2;0.309
11590.7;0.143
11591.2;0.047
11591.7;0.194
11592.2;0.107
11592.7;0.033
11593.2;0.199
11593.7;0.095
11594.2;0.427
11594.7;0.273
11595.2;0.077
11595.7;0.293
11596.2;0.26
11596.7;0.169
11597.2;0.311
11597.7;0.169
11598.2;0.22
11598.7;0.157
11599.2;0.167
11599.7;0.247
11600.2;0.084
11600.7;0.107
11601.2;0.203
11601.7;0.136
11602.2;0.163
11602.7;0.107
11603.2;0.148
11603.7;0.194
11604.2;0.094
11604.7;0.268
11605.2;0.193
11605.7;0.122
11606.2;0.219
11606.7;0.165
11607.2;0.288
11607.7;0.137
11608.2;0.099
11608.7;0.235
11609.2;0.2
11609.7;0.138
11610.2;0.321
11610.7;0.077
11611.2;0.093
11611.7;0.05
11612.2;0.112
11612.7;0.104
11613.2;0.078
11613.7;0.268
11614.2;0.27
11614.7;0.215
11615.2;0.309
11615.7;0.19
11616.2;0.051
11616.7;0.12
11617.2;0.137
11617.7;0.255
11618.2;0.052
11618.7;0.294
11619.2;0.243
11619.7;0.069
11620.2;0.106
11620.7;0.125
11621.2;0.205
11621.7;0.078
11622.2;0.151
11622.7;0.36
11623.2;0.312
11623.7;0.333
11624.2;0.253
11624.7;0.088
11625.2;0.223
11625.7;0.116
11626.2;0.151
11626.7;0.142
11627.2;0.184
11627.7;0.235
11628.2;0.17
11628.7;0.189
11629.2;0.258
11629.7;0.235
11630.2;0.219
11630.7;0.091
11631.2;0.031
11631.7;0.026
11632.2;0.369
11632.7;0.239
11633.2;0.33
11633.7;0.447
11634.2;0.312
11634.7;0.338
11635.2;0.289
11635.7;0.112
11636.2;0.183
11636.7;0.11
11637.2;0.174
11637.7;0.116
11638.2;0.29
11638.7;0.525
11639.2;0.374
11639.7;0.457
11640.2;0.482
11640.7;0.284
11641.2;0.226
11641.7;0.111
11642.2;0.186
11642.7;0.143
11643.2;0.293
11643.7;0.396
11644.2;0.368
11644.7;0.462
11645.2;0.474
11645.7;0.476
11646.2;0.465
11646.7;0.31
11647.2;0.242
11647.7;0.19
11648.2;0.128
11648.7;0.303
11649.2;0.347
11649.7;0.383
11650.2;0.365
11650.7;0.516
11651.2;0.556
11651.7;0.537
11652.2;0.58
11652.7;0.579
11653.2;0.432
11653.7;0.461
11654.2;0.308
11654.7;0.353
11655.2;0.327
11655.7;0.35
11656.2;0.456
11656.7;0.546
11657.2;0.626
11657.7;0.609
11658.2;0.806
11658.7;0.761
11659.2;0.869
11659.7;0.788
11660.2;0.643
11660.7;0.561
11661.2;0.567
11661.7;0.482
11662.2;0.482
11662.7;0.193
11663.2;0.044
11663.7;0.149
11664.2;0.208
11664.7;0.337
11665.2;0.395
11665.7;0.565
11666.2;0.545
11666.7;0.594
11667.2;0.635
11667.7;0.665
11668.2;0.634
11668.7;0.678
11669.2;0.696
11669.7;0.658
11670.2;0.733
11670.7;0.688
11671.2;0.633
11671.7;0.543
11672.2;0.484
11672.7;0.567
11673.2;0.527
11673.7;0.497
11674.2;0.53
11674.7;0.593
11675.2;0.517
11675.7;0.585
11676.2;0.531
11676.7;0.45
11677.2;0.541
11677.7;0.544
11678.2;0.618
11678.7;0.501
11679.2;0.465
11679.7;0.418
11680.2;0.483
11680.7;0.47
11681.2;0.362
11681.7;0.285
11682.2;0.25
11682.7;0.233
11683.2;0.253
11683.7;0.211
11684.2;0.245
11684.7;0.228
11685.2;0.34
11685.7;0.274
11686.2;0.28
11686.7;0.153
11687.2;0.254
11687.7;0.182
11688.2;0.235
11688.7;0.027
11689.2;0.018
11689.7;0.037
11690.2;0.136
11690.7;0.074
11691.2;0.082
11691.7;0.036
11692.2;0.061
11692.7;0.187
11693.2;0.107
11693.7;0.127
11694.2;0.112
11694.7;0.131
11695.2;0.196
11695.7;0.05
11696.2;0.142
11696.7;0.045
11697.2;0.029
11697.7;0.045
11698.2;0.053
11698.7;0.076
11699.2;0.162
11699.7;0.155
11700.2;0.156
11700.7;0.136
11701.2;0.21
11701.7;0.214
11702.2;0.113
11702.7;0.113
11703.2;0.081
11703.7;0.072
11704.2;0.048
11704.7;0.1
11705.2;0.201
11705.7;0.23
11706.2;0.208
11706.7;0.194
11707.2;0.19
11707.7;0.167
11708.2;0.155
11708.7;0.055
11709.2;0.036
11709.7;0.188
11710.2;0.17
11710.7;0.098
11711.2;0.061
11711.7;0.079
11712.2;0.092
11712.7;0.058
11713.2;0.066
11713.7;0.082
11714.2;0.159
11714.7;0.122
11715.2;0.184
11715.7;0.074
11716.2;0.145
11716.7;0.122
11717.2;0.217
11717.7;0.164
11718.2;0.017
11718.7;0.092
11719.2;0.108
11719.7;0.125
11720.2;0.087
11720.7;0.087
11721.2;0.035
11721.7;0.133
11722.2;0.127
11722.7;0.089
11723.2;0.008
11723.7;0.09
11724.2;0.029
11724.7;0.05
11725.2;0.07
11725.7;0.082
11726.2;0.14
11726.7;0.112
11727.2;0.105
11727.7;0.048
11728.2;0.208
11728.7;0.215
11729.2;0.135
11729.7;0.068
11730.2;0.127
11730.7;0.263
11731.2;0.184
11731.7;0.02
11732.2;0.049
11732.7;0.109
11733.2;0.092
11733.7;0.147
11734.2;0.212
11734.7;0.103
11735.2;0.143
11735.7;0.042
11736.2;0.104
11736.7;0.074
11737.2;0.04
11737.7;0.075
11738.2;0.127
11738.7;0.022
11739.2;0.087
11739.7;0.252
11740.2;0.34
11740.7;0.128
11741.2;0.126
11741.7;0.082
11742.2;0.149
11742.7;0.135
11743.2;0.107
11743.7;0.113
11744.2;0.041
11744.7;0.121
11745.2;0.132
11745.7;0.129
11746.2;0.085
11746.7;0.06
11747.2;0.217
11747.7;0.074
11748.2;0.11
11748.7;0.135
11749.2;0.106
11749.7;0.13
11750.2;0.127
11750.7;0.166
11751.2;0.099
11751.7;0.106
11752.2;0.077
11752.7;0.124
11753.2;0.246
11753.7;0.092
11754.2;0.089
11754.7;0.053
11755.2;0.099
11755.7;0.097
11756.2;0.083
11756.7;0.041
11757.2;0.158
11757.7;0.097
11758.2;0.063
11758.7;0.058
11759.2;0.058
11759.7;0.123
11760.2;0.047
11760.7;0.111
11761.2;0.038
11761.7;0.096
11762.2;0.103
11762.7;0.124
11763.2;0.087
11763.7;0.109
11764.2;0.088
11764.7;0.062
11765.2;0.026
11765.7;0.035
11766.2;0.087
11766.7;0.101
11767.2;0.107
11767.7;0.117
11768.2;0.059
11768.7;0.033
11769.2;0.103
11769.7;0.129
11770.2;0.083
11770.7;0.062
11771.2;0.116
11771.7;0.079
11772.2;0.068
11772.7;0.082
11773.2;0.029
11773.7;0.014
11774.2;0.064
11774.7;0.088
11775.2;0.038
11775.7;0.134
11776.2;0.124
11776.7;0.097
11777.2;0.158
11777.7;0.094
11778.2;0.064
11778.7;0.104
11779.2;0.078
11779.7;0.038
11780.2;0.103
11780.7;0.072
11781.2;0.048
11781.7;0.122
11782.2;0.099
11782.7;0.058
11783.2;0.168
11783.7;0.058
11784.2;0.036
11784.7;0.034
11785.2;0.098
11785.7;0.049
11786.2;0.095
11786.7;0.019
11787.2;0.085
11787.7;0.126
11788.2;0.137
11788.7;0.094
11789.2;0.095
11789.7;0.114
11790.2;0.089
11790.7;0.09
11791.2;0.113
11791.7;0.123
11792.2;0.091
11792.7;0.077
11793.2;0.086
11793.7;0.085
11794.2;0.167
11794.7;0.034
11795.2;0.212
11795.7;0.112
11796.2;0.093
11796.7;0.122
11797.2;0.042
11797.7;0.099
11798.2;0.18
11798.7;0.17
11799.2;0.147
11799.7;0.128
11800.2;0.053
11800.7;0.155
11801.2;0.013
11801.7;0.134
11802.2;0.03
11802.7;0.019
11803.2;0.036
11803.7;0.065
11804.2;0.098
11804.7;0.12
11805.2;0.071
11805.7;0.076
11806.2;0.188
11806.7;0.075
11807.2;0.179
11807.7;0.096
11808.2;0.103
11808.7;0.062
11809.2;0.04
11809.7;0.124
11810.2;0.175
11810.7;0.213
11811.2;0.136
11811.7;0.116
11812.2;0.137
11812.7;0.061
11813.2;0.056
11813.7;0.059
11814.2;0.09
11814.7;0.095
11815.2;0.077
11815.7;0.111
11816.2;0.155
11816.7;0.093
11817.2;0.092
11817.7;0.09
11818.2;0.105
11818.7;0.094
11819.2;0.16
11819.7;0.103
11820.2;0.102
11820.7;0.041
11821.2;0.06
11821.7;0.062
11822.2;0.083
11822.7;0.025
11823.2;0.138
11823.7;0.063
11824.2;0.091
11824.7;0.036
11825.2;0.09
11825.7;0.186
11826.2;0.119
11826.7;0.221
11827.2;0.03
11827.7;0.028
11828.2;0.061
11828.7;0.043
11829.2;0.109
11829.7;0.054
11830.2;0.079
11830.7;0.229
11831.2;0.064
11831.7;0.072
11832.2;0.08
11832.7;0.094
11833.2;0.121
11833.7;0.061
11834.2;0.2
11834.7;0.21
11835.2;0.251
11835.7;0.237
11836.2;0.121
11836.7;0.051
11837.2;0.054
11837.7;0.09
11838.2;0.112
11838.7;0.066
11839.2;0.083
11839.7;0.059
11840.2;0.012
11840.7;0.036
11841.2;0.112
11841.7;0.058
11842.2;0.105
11842.7;0.096
11843.2;0.089
11843.7;0.068
11844.2;0.073
11844.7;0.077
11845.2;0.109
11845.7;0.059
11846.2;0.016
11846.7;0.153
11847.2;0.08
11847.7;0.061
11848.2;0.044
11848.7;0.118
11849.2;0.123
11849.7;0.201
11850.2;0.117
11850.7;0.196
11851.2;0.125
11851.7;0.107
11852.2;0.096
11852.7;0.122
11853.2;0.096
11853.7;0.188
11854.2;0.143
11854.7;0.172
11855.2;0.143
11855.7;0.128
11856.2;0.107
11856.7;0.052
11857.2;0.103
11857.7;0.095
11858.2;0.091
11858.7;0.183
11859.2;0.119
11859.7;0.087
11860.2;0.058
11860.7;0.063
11861.2;0.137
11861.7;0.077
11862.2;0.127
11862.7;0.218
11863.2;0.101
11863.7;0.182
11864.2;0.072
11864.7;0.083
11865.2;0.184
11865.7;0.087
11866.2;0.149
11866.7;0.1
11867.2;0.005
11867.7;0.044
11868.2;0.173
11868.7;0.074
11869.2;0.184
11869.7;0.116
11870.2;0.053
11870.7;0.058
11871.2;0.112
11871.7;0.08
11872.2;0.076
11872.7;0.089
11873.2;0.108
11873.7;0.033
11874.2;0.028
11874.7;0.11
11875.2;0.113
11875.7;0.061
11876.2;0.059
11876.7;0.098
11877.2;0.151
11877.7;0.178
11878.2;0.132
11878.7;0.151
11879.2;0.058
11879.7;0.065
11880.2;0.09
11880.7;0.18
11881.2;0.097
11881.7;0.145
11882.2;0.059
11882.7;0.174
11883.2;0.112
11883.7;0.151
11884.2;0.129
11884.7;0.195
11885.2;0.148
11885.7;0.047
11886.2;0.102
11886.7;0.122
11887.2;0.138
11887.7;0.07
11888.2;0.07
11888.7;0.168
11889.2;0.078
11889.7;0.121
11890.2;0.1
11890.7;0.077
11891.2;0.16
11891.7;0.082
11892.2;0.056
11892.7;0.084
11893.2;0.144
11893.7;0.107
11894.2;0.141
11894.7;0.007
11895.2;0.067
11895.7;0.105
11896.2;0.116
11896.7;0.232
11897.2;0.119
11897.7;0.187
11898.2;0.066
11898.7;0.104
11899.2;0.112
11899.7;0.154
11900.2;0.228
11900.7;0.234
11901.2;0.08
11901.7;0.06
11902.2;0.174
11902.7;0.144
11903.2;0.196
11903.7;0.108
11904.2;0.054
11904.7;0.113
11905.2;0.097
11905.7;0.136
11906.2;0.113
11906.7;0.094
11907.2;0.088
11907.7;0.105
11908.2;0.095
11908.7;0.089
11909.2;0.131
11909.7;0.286
11910.2;0.028
11910.7;0.191
11911.2;0.115
11911.7;0.091
11912.2;0.253
11912.7;0.042
11913.2;0.092
11913.7;0.04
11914.2;0.136
11914.7;0.226
11915.2;0.15
11915.7;0.031
11916.2;0.285
11916.7;0.117
11917.2;0.186
11917.7;0.06
11918.2;0.137
11918.7;0.047
11919.2;0.347
11919.7;0.189
11920.2;0.162
11920.7;0.179
11921.2;0.093
11921.7;0.09
11922.2;0.138
11922.7;0.191
11923.2;0.196
11923.7;0.342
11924.2;0.174
11924.7;0.27
11925.2;0.104
11925.7;0.231
11926.2;0.199
11926.7;0.246
11927.2;0.199
11927.7;0.398
11928.2;0.228
11928.7;0.433
11929.2;0.216
11929.7;0.318
11930.2;0.293
11930.7;0.227
11931.2;0.127
11931.7;0.231
11932.2;0.081
11932.7;0.467
11933.2;0.313
11933.7;0.668
11934.2;0.58
11934.7;0.556
11935.2;0.671
11935.7;0.41
11936.2;0.426
11936.7;0.427
11937.2;0.539
11937.7;0.296
11938.2;0.574
11938.7;0.248
11939.2;0.185
11939.7;0.189
11940.2;0.244
11940.7;0.317
11941.2;0.414
11941.7;0.318
11942.2;0.419
11942.7;0.196
11943.2;0.153
11943.7;0.062
11944.2;0.283
11944.7;0.102
11945.2;0.513
11945.7;0.122
11946.2;0.23
11946.7;0.162
11947.2;0.303
11947.7;0.128
11948.2;0.521
11948.7;0.089
11949.2;0.367
11949.7;0.37
11950.2;0.12
11950.7;0.196
11951.2;0.351
11951.7;0.185
11952.2;0.282
11952.7;0.342
11953.2;0.09
11953.7;0.274
11954.2;0.317
11954.7;0.213
11955.2;0.166
11955.7;0.626
11956.2;0.249
11956.7;0.409
11957.2;0.257
11957.7;0.277
11958.2;0.092
11958.7;0.536
11959.2;0.183
11959.7;0.335
11960.2;0.285
11960.7;0.053
11961.2;0.122
11961.7;0.456
11962.2;0.207
11962.7;0.224
11963.2;0.254
11963.7;0.335
11964.2;0.011
11964.7;0.284
11965.2;0.331
11965.7;0.141
11966.2;0.274
11966.7;0.301
11967.2;0.096
11967.7;0.032
11968.2;0.445
11968.7;0.293
11969.2;0.241
11969.7;0.164
11970.2;0.508
11970.7;0.208
11971.2;0.487
11971.7;0.103
11972.2;0.42
11972.7;0.114
11973.2;0.374
11973.7;0.074
11974.2;0.26
11974.7;0.108
11975.2;0.316
11975.7;0.068
11976.2;0.314
11976.7;0.167
11977.2;0.48
11977.7;0.155
11978.2;0.338
11978.7;0.206
11979.2;0.257
11979.7;0.137
11980.2;0.375
11980.7;0.074
11981.2;0.345
11981.7;0.211
11982.2;0.243
11982.7;0.234
11983.2;0.205
11983.7;0.172
11984.2;0.083
11984.7;0.294
11985.2;0.078
11985.7;0.289
11986.2;0.141
11986.7;0.162
11987.2;0.18
11987.7;0.27
11988.2;0.096
11988.7;0.208
11989.2;0.164
11989.7;0.218
11990.2;0.078
11990.7;0.296
11991.2;0.105
11991.7;0.339
11992.2;0.126
11992.7;0.124
11993.2;0.336
11993.7;0.254
11994.2;0.156
11994.7;0.159
11995.2;0.269
11995.7;0.216
11996.2;0.096
11996.7;0.163
11997.2;0.26
11997.7;0.19
11998.2;0.305
11998.7;0.191
11999.2;0.4
11999.7;0.102
12000.3;0.296
12000.8;0.284
12001.3;0.263
12001.8;0.383
12002.3;0.216
12002.8;0.094
12003.3;0.124
12003.8;0.378
12004.3;0.384
12004.8;0.062
12005.3;0.126
12005.8;0.367
12006.3;0.09
12006.8;0.068
12007.3;0.208
12007.8;0.331
12008.3;0.138
12008.8;0.211
12009.3;0.172
12009.8;0.209
12010.3;0.298
12010.8;0.162
12011.3;0.072
12011.8;0.071
12012.3;0.503
12012.8;0.265
12013.3;0.091
12013.8;0.263
12014.3;0.376
12014.8;0.102
12015.3;0.159
12015.8;0.123
12016.3;0.33
12016.8;0.219
12017.3;0.213
12017.8;0.231
12018.3;0.262
12018.8;0.192
12019.3;0.121
12019.8;0.128
12020.3;0.103
12020.8;0.26
12021.3;0.111
12021.8;0.346
12022.3;0.411
12022.8;0.288
12023.3;0.108
12023.8;0.392
12024.3;0.357
12024.8;0.215
12025.3;0.208
12025.8;0.526
12026.3;0.252
12026.8;0.088
12027.3;0.083
12027.8;0.231
12028.3;0.175
12028.8;0.078
12029.3;0.11
12029.8;0.322
12030.3;0.555
12030.8;0.307
12031.3;0.267
12031.8;0.368
12032.3;0.346
12032.8;0.143
12033.3;0.216
12033.8;0.2
12034.3;0.299
12034.8;0.191
12035.3;0.333
12035.8;0.235
12036.3;0.181
12036.8;0.288
12037.3;0.107
12037.8;0.458
12038.3;0.399
12038.8;0.304
12039.3;0.455
12039.8;0.489
12040.3;0.191
12040.8;0.302
12041.3;0.166
12041.8;0.615
12042.3;0.541
12042.8;0.452
12043.3;0.684
12043.8;0.493
12044.3;0.286
12044.8;0.371
12045.3;0.397
12045.8;0.568
12046.3;0.513
12046.8;0.461
12047.3;0.776
12047.8;0.401
12048.3;0.249
12048.8;0.3
12049.3;0.188
12049.8;0.154
12050.3;0.212
12050.8;0.136
12051.3;0.418
12051.8;0.532
12052.3;0.268
12052.8;0.346
12053.3;0.22
12053.8;0.201
12054.3;0.311
12054.8;0.16
12055.3;0.29
12055.8;0.176
12056.3;0.101
12056.8;0.131
12057.3;0.058
12057.8;0.107
12058.3;0.068
12058.8;0.374
12059.3;0.267
12059.8;0.185
12060.3;0.168
12060.8;0.094
12061.3;0.09
12061.8;0.071
12062.3;0.266
12062.8;0.258
12063.3;0.046
12063.8;0.012
12064.3;0.117
12064.8;0.166
12065.3;0.082
12065.8;0.2
12066.3;0.15
12066.8;0.196
12067.3;0.227
12067.8;0.032
12068.3;0.154
12068.8;0.116
12069.3;0.117
12069.8;0.149
12070.3;0.189
12070.8;0.197
12071.3;0.074
12071.8;0.181
12072.3;0.06
12072.8;0.106
12073.3;0.109
12073.8;0.196
12074.3;0.246
12074.8;0.061
12075.3;0.105
12075.8;0.055
12076.3;0.06
12076.8;0.115
12077.3;0.112
12077.8;0.159
12078.3;0.056
12078.8;0.141
12079.3;0.114
12079.8;0.101
12080.3;0.039
12080.8;0.18
12081.3;0.096
12081.8;0.072
12082.3;0.053
12082.8;0.077
12083.3;0.017
12083.8;0.152
12084.3;0.172
12084.8;0.063
12085.3;0.108
12085.8;0.071
12086.3;0.141
12086.8;0.098
12087.3;0.131
12087.8;0.099
12088.3;0.089
12088.8;0.166
12089.3;0.049
12089.8;0.057
12090.3;0.083
12090.8;0.142
12091.3;0.172
12091.8;0.082
12092.3;0.185
12092.8;0.091
12093.3;0.071
12093.8;0.085
12094.3;0.233
12094.8;0.05
12095.3;0.07
12095.8;0.167
12096.3;0.058
12096.8;0.17
12097.3;0.169
12097.8;0.129
12098.3;0.109
12098.8;0.2
12099.3;0.111
12099.8;0.184
12100.3;0.102
12100.8;0.121
12101.3;0.068
12101.8;0.114
12102.3;0.077
12102.8;0.11
12103.3;0.09
12103.8;0.045
12104.3;0.056
12104.8;0.128
12105.3;0.243
12105.8;0.207
12106.3;0.081
12106.8;0.109
12107.3;0.09
12107.8;0.074
12108.3;0.111
12108.8;0.159
12109.3;0.093
12109.8;0.036
12110.3;0.052
12110.8;0.083
12111.3;0.087
12111.8;0.283
12112.3;0.17
12112.8;0.17
12113.3;0.075
12113.8;0.067
12114.3;0.045
12114.8;0.117
12115.3;0.162
12115.8;0.17
12116.3;0.114
12116.8;0.058
12117.3;0.033
12117.8;0.071
12118.3;0.125
12118.8;0.086
12119.3;0.139
12119.8;0.145
12120.3;0.111
12120.8;0.118
12121.3;0.056
12121.8;0.074
12122.3;0.137
12122.8;0.115
12123.3;0.041
12123.8;0.096
12124.3;0.1
12124.8;0.129
12125.3;0.042
12125.8;0.013
12126.3;0.087
12126.8;0.033
12127.3;0.085
12127.8;0.159
12128.3;0.153
12128.8;0.078
12129.3;0.096
12129.8;0.002
12130.3;0.052
12130.8;0.096
12131.3;0.104
12131.8;0.102
12132.3;0.032
12132.8;0.023
12133.3;0.04
12133.8;0.058
12134.3;0.107
12134.8;0.17
12135.3;0.147
12135.8;0.056
12136.3;0.157
12136.8;0.088
12137.3;0.064
12137.8;0.076
12138.3;0.11
12138.8;0.062
12139.3;0.07
12139.8;0.136
12140.3;0.072
12140.8;0.064
12141.3;0.058
12141.8;0.099
12142.3;0.113
12142.8;0.062
12143.3;0.058
12143.8;0.146
12144.3;0.1
12144.8;0.094
12145.3;0.058
12145.8;0.109
12146.3;0.086
12146.8;0.094
12147.3;0.078
12147.8;0.06
12148.3;0.087
12148.8;0.044
12149.3;0.105
12149.8;0.15
12150.3;0.119
12150.8;0.177
12151.3;0.111
12151.8;0.058
12152.3;0.091
12152.8;0.126
12153.3;0.069
12153.8;0.159
12154.3;0.168
12154.8;0.138
12155.3;0.155
12155.8;0.164
12156.3;0.104
12156.8;0.08
12157.3;0.023
12157.8;0.02
12158.3;0.141
12158.8;0.113
12159.3;0.095
12159.8;0.193
12160.3;0.197
12160.8;0.16
12161.3;0.19
12161.8;0.124
12162.3;0.03
12162.8;0.14
12163.3;0.108
12163.8;0.032
12164.3;0.199
12164.8;0.256
12165.3;0.118
12165.8;0.2
12166.3;0.178
12166.8;0.159
12167.3;0.33
12167.8;0.252
12168.3;0.308
12168.8;0.267
12169.3;0.229
12169.8;0.362
12170.3;0.334
12170.8;0.291
12171.3;0.376
12171.8;0.256
12172.3;0.235
12172.8;0.385
12173.3;0.071
12173.8;0.42
12174.3;0.34
12174.8;0.274
12175.3;0.279
12175.8;0.307
12176.3;0.185
12176.8;0.258
12177.3;0.208
12177.8;0.249
12178.3;0.212
12178.8;0.169
12179.3;0.292
12179.8;0.145
12180.3;0.029
12180.8;0.268
12181.3;0.064
12181.8;0.101
12182.3;0.108
12182.8;0.149
12183.3;0.094
12183.8;0.142
12184.3;0.262
12184.8;0.096
12185.3;0.054
12185.8;0.101
12186.3;0.149
12186.8;0.124
12187.3;0.147
12187.8;0.231
12188.3;0.202
12188.8;0.137
12189.3;0.221
12189.8;0.28
12190.3;0.056
12190.8;0.159
12191.3;0.155
12191.8;0.068
12192.3;0.076
12192.8;0.246
12193.3;0.343
12193.8;0.173
12194.3;0.199
12194.8;0.328
12195.3;0.138
12195.8;0.037
12196.3;0.182
12196.8;0.213
12197.3;0.199
12197.8;0.226
12198.3;0.382
12198.8;0.203
12199.3;0.26
12199.8;0.324
12200.3;0.104
12200.8;0.12
12201.3;0.196
12201.8;0.222
12202.3;0.259
12202.8;0.265
12203.3;0.505
12203.8;0.196
12204.3;0.266
12204.8;0.411
12205.3;0.198
12205.8;0.118
12206.3;0.274
12206.8;0.241
12207.3;0.122
12207.8;0.4
12208.3;0.447
12208.8;0.193
12209.3;0.426
12209.8;0.414
12210.3;0.133
12210.8;0.156
12211.3;0.14
12211.8;0.239
12212.3;0.24
12212.8;0.464
12213.3;0.462
12213.8;0.373
12214.3;0.522
12214.8;0.414
12215.3;0.363
12215.8;0.361
12216.3;0.298
12216.8;0.152
12217.3;0.212
12217.8;0.381
12218.3;0.45
12218.8;0.443
12219.3;0.599
12219.8;0.546
12220.3;0.427
12220.8;0.49
12221.3;0.373
12221.8;0.256
12222.3;0.271
12222.8;0.37
12223.3;0.338
12223.8;0.508
12224.3;0.543
12224.8;0.398
12225.3;0.525
12225.8;0.46
12226.3;0.317
12226.8;0.165
12227.3;0.201
12227.8;0.307
12228.3;0.407
12228.8;0.601
12229.3;0.701
12229.8;0.677
12230.3;0.767
12230.8;0.673
12231.3;0.608
12231.8;0.525
12232.3;0.325
12232.8;0.182
12233.3;0.045
12233.8;0.27
12234.3;0.388
12234.8;0.435
12235.3;0.609
12235.8;0.598
12236.3;0.637
12236.8;0.636
12237.3;0.628
12237.8;0.564
12238.3;0.437
12238.8;0.359
12239.3;0.266
12239.8;0.294
12240.3;0.55
12240.8;0.595
12241.3;0.675
12241.8;0.907
12242.3;1.025
12242.8;1.105
12243.3;1.127
12243.8;1.197
12244.3;1.169
12244.8;1.046
12245.3;0.98
12245.8;0.989
12246.3;0.766
12246.8;0.783
12247.3;0.629
12247.8;0.459
12248.3;0.455
12248.8;0.477
12249.3;0.558
12249.8;0.657
12250.3;0.786
12250.8;0.984
12251.3;1.037
12251.8;1.078
12252.3;1.206
12252.8;1.192
12253.3;1.179
12253.8;1.198
12254.3;1.114
12254.8;1.251
12255.3;1.093
12255.8;1.112
12256.3;1.056
12256.8;1.136
12257.3;1.025
12257.8;1.025
12258.3;0.996
12258.8;0.899
12259.3;0.86
12259.8;0.739
12260.3;0.801
12260.8;0.718
12261.3;0.647
12261.8;0.481
12262.3;0.484
12262.8;0.414
12263.3;0.41
12263.8;0.385
12264.3;0.322
12264.8;0.315
12265.3;0.259
12265.8;0.235
12266.3;0.176
12266.8;0.18
12267.3;0.297
12267.8;0.204
12268.3;0.325
12268.8;0.311
12269.3;0.26
12269.8;0.236
12270.3;0.226
12270.8;0.218
12271.3;0.167
12271.8;0.1
12272.3;0.102
12272.8;0.083
12273.3;0.155
12273.8;0.111
12274.3;0.16
12274.8;0.108
12275.3;0.141
12275.8;0.126
12276.3;0.115
12276.8;0.136
12277.3;0.151
12277.8;0.11
12278.3;0.091
12278.8;0.186
12279.3;0.094
12279.8;0.098
12280.3;0.132
12280.8;0.066
12281.3;0.072
12281.8;0.101
12282.3;0.044
12282.8;0.062
12283.3;0.019
12283.8;0.099
12284.3;0.071
12284.8;0.098
12285.3;0.068
12285.8;0.037
12286.3;0.027
12286.8;0.047
12287.3;0.068
12287.8;0.12
12288.3;0.127
12288.8;0.087
12289.3;0.149
12289.8;0.166
12290.3;0.188
12290.8;0.047
12291.3;0.034
12291.8;0.053
12292.3;0.115
12292.8;0.134
12293.3;0.089
12293.8;0.031
12294.3;0.086
12294.8;0.058
12295.3;0.016
12295.8;0.129
12296.3;0.089
12296.8;0.111
12297.3;0.087
12297.8;0.109
12298.3;0.157
12298.8;0.027
12299.3;0.123
12299.8;0.022
12300.3;0.026
12300.8;0.01
12301.3;0.135
12301.8;0.015
12302.3;0.025
12302.8;0.067
12303.3;0.053
12303.8;0.112
12304.3;0.043
12304.8;0.026
12305.3;0.038
12305.8;0.095
12306.3;0.045
12306.8;0.112
12307.3;0.029
12307.8;0.107
12308.3;0.11
12308.8;0.086
12309.3;0.033
12309.8;0.059
12310.3;0.066
12310.8;0.052
12311.3;0.108
12311.8;0.164
12312.3;0.173
12312.8;0.154
12313.3;0.086
12313.8;0.098
12314.3;0.071
12314.8;0.059
12315.3;0.03
12315.8;0.018
12316.3;0.123
12316.8;0.208
12317.3;0.118
12317.8;0.062
12318.3;0.056
12318.8;0.143
12319.3;0.061
12319.8;0.11
12320.3;0.055
12320.8;0.035
12321.3;0.11
12321.8;0.089
12322.3;0.1
12322.8;0.031
12323.3;0.124
12323.8;0.178
12324.3;0.119
12324.8;0.106
12325.3;0.068
12325.8;0.09
12326.3;0.119
12326.8;0.225
12327.3;0.151
12327.8;0.068
12328.3;0.093
12328.8;0.124
12329.3;0.132
12329.8;0.07
12330.3;0.046
12330.8;0.013
12331.3;0.017
12331.8;0.03
12332.3;0.18
12332.8;0.205
12333.3;0.211
12333.8;0.161
12334.3;0.076
12334.8;0.097
12335.3;0.052
12335.8;0.116
12336.3;0.061
12336.8;0.063
12337.3;0.024
12337.8;0.03
12338.3;0.151
12338.8;0.049
12339.3;0.17
12339.8;0.081
12340.3;0.133
12340.8;0.047
12341.3;0.05
12341.8;0.12
12342.3;0.073
12342.8;0.104
12343.3;0.068
12343.8;0.077
12344.3;0.17
12344.8;0.176
12345.3;0.187
12345.8;0.124
12346.3;0.11
12346.8;0.047
12347.3;0.058
12347.8;0.037
12348.3;0.045
12348.8;0.12
12349.3;0.167
12349.8;0.057
12350.3;0.108
12350.8;0.093
12351.3;0.091
12351.8;0.105
12352.3;0.094
12352.8;0.152
12353.3;0.105
12353.8;0.033
12354.3;0.054
12354.8;0.048
12355.3;0.08
12355.8;0.093
12356.3;0.028
12356.8;0.057
12357.3;0.066
12357.8;0.038
12358.3;0.098
12358.8;0.121
12359.3;0.172
12359.8;0.157
12360.3;0.089
12360.8;0.166
12361.3;0.097
12361.8;0.098
12362.3;0.071
12362.8;0.057
12363.3;0.012
12363.8;0.01
12364.3;0.161
12364.8;0.188
12365.3;0.169
12365.8;0.066
12366.3;0.069
12366.8;0.089
12367.3;0.237
12367.8;0.213
12368.3;0.184
12368.8;0.09
12369.3;0.086
12369.8;0.142
12370.3;0.121
12370.8;0.026
12371.3;0.082
12371.8;0.085
12372.3;0.111
12372.8;0.082
12373.3;0.099
12373.8;0.027
12374.3;0.15
12374.8;0.05
12375.3;0.077
12375.8;0.153
12376.3;0.152
12376.8;0.232
12377.3;0.132
12377.8;0.062
12378.3;0.134
12378.8;0.17
12379.3;0.2
12379.8;0.128
12380.3;0.089
12380.8;0.015
12381.3;0.07
12381.8;0.093
12382.3;0.021
12382.8;0.074
12383.3;0.135
12383.8;0.108
12384.3;0.166
12384.8;0.134
12385.3;0.234
12385.8;0.114
12386.3;0.116
12386.8;0.114
12387.3;0.189
12387.8;0.135
12388.3;0.052
12388.8;0.161
12389.3;0.162
12389.8;0.112
12390.3;0.176
12390.8;0.161
12391.3;0.119
12391.8;0.188
12392.3;0.307
12392.8;0.314
12393.3;0.286
12393.8;0.283
12394.3;0.355
12394.8;0.381
12395.3;0.436
12395.8;0.482
12396.3;0.436
12396.8;0.329
12397.3;0.298
12397.8;0.341
12398.3;0.363
12398.8;0.455
12399.3;0.344
12399.8;0.286
12400.3;0.171
12400.8;0.228
12401.3;0.4
12401.8;0.408
12402.3;0.418
12402.8;0.239
12403.3;0.26
12403.8;0.338
12404.3;0.478
12404.8;0.384
12405.3;0.262
12405.8;0.149
12406.3;0.142
12406.8;0.237
12407.3;0.077
12407.8;0.105
12408.3;0.306
12408.8;0.284
12409.3;0.232
12409.8;0.263
12410.3;0.249
12410.8;0.278
12411.3;0.254
12411.8;0.27
12412.3;0.216
12412.8;0.116
12413.3;0.073
12413.8;0.109
12414.3;0.061
12414.8;0.206
12415.3;0.179
12415.8;0.19
12416.3;0.169
12416.8;0.159
12417.3;0.25
12417.8;0.232
12418.3;0.169
12418.8;0.115
12419.3;0.045
12419.8;0.133
12420.3;0.179
12420.8;0.145
12421.3;0.043
12421.8;0.219
12422.3;0.172
12422.8;0.185
12423.3;0.203
12423.8;0.104
12424.3;0.056
12424.8;0.126
12425.3;0.079
12425.8;0.095
12426.3;0.18
12426.8;0.179
12427.3;0.177
12427.8;0.124
12428.3;0.108
12428.8;0.098
12429.3;0.061
12429.8;0.073
12430.3;0.056
12430.8;0.075
12431.3;0.198
12431.8;0.237
12432.3;0.103
12432.8;0.126
12433.3;0.071
12433.8;0.035
12434.3;0.112
12434.8;0.084
12435.3;0.074
12435.8;0.257
12436.3;0.113
12436.8;0.124
12437.3;0.081
12437.8;0.036
12438.3;0.019
12438.8;0.072
12439.3;0.203
12439.8;0.14
12440.3;0.229
12440.8;0.067
12441.3;0.291
12441.8;0.079
12442.3;0.077
12442.8;0.214
12443.3;0.135
12443.8;0.295
12444.3;0.352
12444.8;0.186
12445.3;0.396
12445.8;0.287
12446.3;0.024
12446.8;0.303
12447.3;0.256
12447.8;0.499
12448.3;0.458
12448.8;0.65
12449.3;0.557
12449.8;0.719
12450.3;0.277
12450.8;0.459
12451.3;0.06
12451.8;0.211
12452.3;0.353
12452.8;0.564
12453.3;0.581
12453.8;0.997
12454.3;0.646
12454.8;1.067
12455.3;0.922
12455.8;1.016
12456.3;1.144
12456.8;1.219
12457.3;1.09
12457.8;1.056
12458.3;1.042
12458.8;0.568
12459.3;0.686
12459.8;0.113
12460.3;0.177
12460.8;0.145
12461.3;0.09
12461.8;0.251
12462.3;0.164
12462.8;0.316
12463.3;0.08
12463.8;0.414
12464.3;0.295
12464.8;0.326
12465.3;0.297
12465.8;0.164
12466.3;0.236
12466.8;0.041
12467.3;0.128
12467.8;0.08
12468.3;0.312
12468.8;0.19
12469.3;0.142
12469.8;0.247
12470.3;0.049
12470.8;0.233
12471.3;0.211
12471.8;0.242
12472.3;0.155
12472.8;0.23
12473.3;0.03
12473.8;0.172
12474.3;0.268
12474.8;0.077
12475.3;0.306
12475.8;0.085
12476.3;0.2
12476.8;0.091
12477.3;0.296
12477.8;0.03
12478.3;0.275
12478.8;0.025
12479.3;0.126
12479.8;0.079
12480.3;0.155
12480.8;0.119
12481.3;0.216
12481.8;0.148
12482.3;0.123
12482.8;0.199
12483.3;0.091
12483.8;0.117
12484.3;0.112
12484.8;0.105
12485.3;0.085
12485.8;0.133
12486.3;0.106
12486.8;0.11
12487.3;0.196
12487.8;0.095
12488.3;0.181
12488.8;0.148
12489.3;0.002
12489.8;0.162
12490.3;0.148
12490.8;0.1
12491.3;0.192
12491.8;0.148
12492.3;0.041
12492.8;0.164
12493.3;0.129
12493.8;0.102
12494.3;0.154
12494.8;0.033
12495.3;0.101
12495.8;0.118
12496.3;0.168
12496.8;0.067
12497.3;0.171
12497.8;0.041
12498.3;0.069
12498.8;0.08
12499.3;0.117
12499.8;0.049
12500.3;0.157
12500.8;0.109
12501.3;0.199
12501.8;0.133
12502.3;0.102
12502.8;0.056
12503.3;0.189
12503.8;0.044
12504.3;0.045
12504.8;0.193
12505.3;0.217
12505.8;0.087
12506.3;0.056
12506.8;0.029
12507.3;0.15
12507.8;0.172
12508.3;0.089
12508.8;0.034
12509.3;0.093
12509.8;0.08
12510.3;0.124
12510.8;0.095
12511.3;0.061
12511.8;0.087
12512.3;0.066
12512.8;0.137
12513.3;0.084
12513.8;0.077
12514.3;0.04
12514.8;0.113
12515.3;0.056
12515.8;0.07
12516.3;0.245
12516.8;0.172
12517.3;0.238
12517.8;0.098
12518.3;0.132
12518.8;0.208
12519.3;0.181
12519.8;0.191
12520.3;0.162
12520.8;0.094
12521.3;0.024
12521.8;0.105
12522.3;0.062
12522.8;0.097
12523.3;0.124
12523.8;0.037
12524.3;0.14
12524.8;0.152
12525.3;0.194
12525.8;0.148
12526.3;0.253
12526.8;0.075
12527.3;0.258
12527.8;0.2
12528.3;0.22
12528.8;0.099
12529.3;0.234
12529.8;0.129
12530.3;0.114
12530.8;0.051
12531.3;0.083
12531.8;0.04
12532.3;0.108
12532.8;0.024
12533.3;0.042
12533.8;0.15
12534.3;0.222
12534.8;0.134
12535.3;0.233
12535.8;0.114
12536.3;0.157
12536.8;0.098
12537.3;0.23
12537.8;0.093
12538.3;0.086
12538.8;0.142
12539.3;0.077
12539.8;0.221
12540.3;0.197
12540.8;0.165
12541.3;0.086
12541.8;0.152
12542.3;0.173
12542.8;0.163
12543.3;0.191
12543.8;0.219
12544.3;0.056
12544.8;0.122
12545.3;0.052
12545.8;0.129
12546.3;0.112
12546.8;0.088
12547.3;0.174
12547.8;0.292
12548.3;0.285
12548.8;0.329
12549.3;0.229
12549.8;0.29
12550.3;0.033
12550.8;0.283
12551.3;0.266
12551.8;0.186
12552.3;0.097
12552.8;0.229
12553.3;0.115
12553.8;0.301
12554.3;0.304
12554.8;0.226
12555.3;0.196
12555.8;0.167
12556.3;0.148
12556.8;0.132
12557.3;0.37
12557.8;0.287
12558.3;0.151
12558.8;0.257
12559.3;0.197
12559.8;0.23
12560.3;0.198
12560.8;0.117
12561.3;0.201
12561.8;0.005
12562.3;0.025
12562.8;0.187
12563.3;0.295
12563.8;0.294
12564.3;0.119
12564.8;0.123
12565.3;0.022
12565.8;0.055
12566.3;0.096
12566.8;0.249
12567.3;0.152
12567.8;0.072
12568.3;0.168
12568.8;0.103
12569.3;0.314
12569.8;0.27
12570.3;0.368
12570.8;0.253
12571.3;0.104
12571.8;0.081
12572.3;0.058
12572.8;0.129
12573.3;0.207
12573.8;0.222
12574.3;0.16
12574.8;0.178
12575.3;0.131
12575.8;0.132
12576.3;0.209
12576.8;0.147
12577.3;0.089
12577.8;0.081
12578.3;0.065
12578.8;0.133
12579.3;0.104
12579.8;0.092
12580.3;0.182
12580.8;0.211
12581.3;0.216
12581.8;0.211
12582.3;0.031
12582.8;0.169
12583.3;0.185
12583.8;0.175
12584.3;0.142
12584.8;0.152
12585.3;0.124
12585.8;0.196
12586.3;0.242
12586.8;0.332
12587.3;0.24
12587.8;0.298
12588.3;0.235
12588.8;0.283
12589.3;0.329
12589.8;0.222
12590.3;0.127
12590.8;0.174
12591.3;0.172
12591.8;0.127
12592.3;0.071
12592.8;0.117
12593.3;0.202
12593.8;0.253
12594.3;0.357
12594.8;0.211
12595.3;0.173
12595.8;0.175
12596.3;0.123
12596.8;0.201
12597.3;0.282
12597.8;0.134
12598.3;0.086
12598.8;0.238
12599.3;0.144
12599.8;0.174
12600.3;0.214
12600.8;0.043
12601.3;0.061
12601.8;0.038
12602.3;0.102
12602.8;0.078
12603.3;0.13
12603.8;0.293
12604.3;0.219
12604.8;0.194
12605.3;0.254
12605.8;0.079
12606.3;0.158
12606.8;0.109
12607.3;0.003
12607.8;0.11
12608.3;0.032
12608.8;0.17
12609.3;0.275
12609.8;0.177
12610.3;0.132
12610.8;0.113
12611.3;0.156
12611.8;0.199
12612.3;0.093
12612.8;0.068
12613.3;0.118
12613.8;0.135
12614.3;0.295
12614.8;0.239
12615.3;0.164
12615.8;0.173
12616.3;0.138
12616.8;0.133
12617.3;0.173
12617.8;0.138
12618.3;0.112
12618.8;0.209
12619.3;0.272
12619.8;0.151
12620.3;0.162
12620.8;0.144
12621.3;0.116
12621.8;0.134
12622.3;0.152
12622.8;0.056
12623.3;0.101
12623.8;0.14
12624.3;0.123
12624.8;0.274
12625.3;0.143
12625.8;0.071
12626.3;0.039
12626.8;0.163
12627.3;0.09
12627.8;0.18
12628.3;0.239
12628.8;0.238
12629.3;0.243
12629.8;0.263
12630.3;0.151
12630.8;0.175
12631.3;0.183
12631.8;0.091
12632.3;0.183
12632.8;0.241
12633.3;0.127
12633.8;0.127
12634.3;0.185
12634.8;0.119
12635.3;0.181
12635.8;0.247
12636.3;0.183
12636.8;0.188
12637.3;0.153
12637.8;0.101
12638.3;0.091
12638.8;0.07
12639.3;0.046
12639.8;0.164
12640.3;0.126
12640.8;0.074
12641.3;0.027
12641.8;0.09
12642.3;0.215
12642.8;0.2
12643.3;0.191
12643.8;0.234
12644.3;0.133
12644.8;0.111
12645.3;0.152
12645.8;0.082
12646.3;0.158
12646.8;0.148
12647.3;0.205
12647.8;0.169
12648.3;0.175
12648.8;0.123
12649.3;0.19
12649.8;0.065
12650.3;0.128
12650.8;0.255
12651.3;0.212
12651.8;0.125
12652.3;0.12
12652.8;0.044
12653.3;0.052
12653.8;0.067
12654.3;0.03
12654.8;0.078
12655.3;0.077
12655.8;0.081
12656.3;0.058
12656.8;0.06
12657.3;0.06
12657.8;0.093
12658.3;0.011
12658.8;0.049
12659.3;0.047
12659.8;0.027
12660.3;0.095
12660.8;0.066
12661.3;0.087
12661.8;0.023
12662.3;0.032
12662.8;0.091
12663.3;0.061
12663.8;0.122
12664.3;0.091
12664.8;0.12
12665.3;0.083
12665.8;0.097
12666.3;0.154
12666.8;0.156
12667.3;0.042
12667.8;0.066
12668.3;0.09
12668.8;0.122
12669.3;0.093
12669.8;0.105
12670.3;0.063
12670.8;0.066
12671.3;0.119
12671.8;0.096
12672.3;0.129
12672.8;0.048
12673.3;0.083
12673.8;0.098
12674.3;0.064
12674.8;0.105
12675.3;0.084
12675.8;0.093
12676.3;0.027
12676.8;0.065
12677.3;0.12
12677.8;0.121
12678.3;0.094
12678.8;0.044
12679.3;0.049
12679.8;0.057
12680.3;0.055
12680.8;0.079
12681.3;0.168
12681.8;0.12
12682.3;0.102
12682.8;0.062
12683.3;0.053
12683.8;0.034
12684.3;0.065
12684.8;0.006
12685.3;0.06
12685.8;0.084
12686.3;0.05
12686.8;0.117
12687.3;0.022
12687.8;0.076
12688.3;0.108
12688.8;0.027
12689.3;0.051
12689.8;0.102
12690.3;0.097
12690.8;0.093
12691.3;0.057
12691.8;0.01
12692.3;0.098
12692.8;0.115
12693.3;0.099
12693.8;0.061
12694.3;0.092
12694.8;0.008
12695.3;0.042
12695.8;0.102
12696.3;0.087
12696.8;0.098
12697.3;0.021
12697.8;0.075
12698.3;0.097
12698.8;0.066
12699.3;0.045
12699.8;0.077
12700.3;0.124
12700.8;0.058
12701.3;0.072
12701.8;0.073
12702.3;0.095
12702.8;0.056
12703.3;0.022
12703.8;0.07
12704.3;0.085
12704.8;0.09
12705.3;0.023
12705.8;0.074
12706.3;0.024
12706.8;0.045
12707.3;0.075
12707.8;0.08
12708.3;0.118
12708.8;0.1
12709.3;0.057
12709.8;0.024
12710.3;0.037
12710.8;0.028
12711.3;0.074
12711.8;0.106
12712.3;0.09
12712.8;0.014
12713.3;0.08
12713.8;0.073
12714.3;0.119
12714.8;0.096
12715.3;0.028
12715.8;0.043
12716.3;0.043
12716.8;0.106
12717.3;0.096
12717.8;0.01
12718.3;0.071
12718.8;0.116
12719.3;0.202
12719.8;0.091
12720.3;0.151
12720.8;0.116
12721.3;0.046
12721.8;0.054
12722.3;0.048
12722.8;0.018
12723.3;0.029
12723.8;0.078
12724.3;0.1
12724.8;0.029
12725.3;0.094
12725.8;0.04
12726.3;0.147
12726.8;0.1
12727.3;0.023
12727.8;0.111
12728.3;0.146
12728.8;0.024
12729.3;0.087
12729.8;0.157
12730.3;0.091
12730.8;0.133
12731.3;0.102
12731.8;0.04
12732.3;0.222
12732.8;0.024
12733.3;0.142
12733.8;0.138
12734.3;0.075
12734.8;0.111
12735.3;0.085
12735.8;0.035
12736.3;0.061
12736.8;0.166
12737.3;0.133
12737.8;0.092
12738.3;0.131
12738.8;0.122
12739.3;0.075
12739.8;0.069
12740.3;0.083
12740.8;0.205
12741.3;0.139
12741.8;0.082
12742.3;0.13
12742.8;0.123
12743.3;0.124
12743.8;0.119
12744.3;0.039
12744.8;0.118
12745.3;0.204
12745.8;0.164
12746.3;0.129
12746.8;0.235
12747.3;0.148
12747.8;0.213
12748.3;0.24
12748.8;0.167
12749.3;0.174
12749.8;0.275
12750.3;0.162
12750.8;0.253
12751.3;0.162
12751.8;0.127
12752.3;0.23
12752.8;0.246
12753.3;0.115
12753.8;0.221
12754.3;0.166
12754.8;0.291
12755.3;0.193
12755.8;0.094
12756.3;0.163
12756.8;0.257
12757.3;0.132
12757.8;0.184
12758.3;0.127
12758.8;0.132
12759.3;0.004
12759.8;0.125
12760.3;0.132
12760.8;0.016
12761.3;0.08
12761.8;0.031
12762.3;0.131
12762.8;0.112
12763.3;0.098
12763.8;0.082
12764.3;0.118
12764.8;0.054
12765.3;0.164
12765.8;0.095
12766.3;0.162
12766.8;0.198
12767.3;0.116
12767.8;0.048
12768.3;0.088
12768.8;0.097
12769.3;0.067
12769.8;0.144
12770.3;0.183
12770.8;0.183
12771.3;0.067
12771.8;0.135
12772.3;0.148
12772.8;0.079
12773.3;0.077
12773.8;0.133
12774.3;0.168
12774.8;0.035
12775.3;0.105
12775.8;0.185
12776.3;0.051
12776.8;0.088
12777.3;0.091
12777.8;0.084
12778.3;0.18
12778.8;0.071
12779.3;0.144
12779.8;0.042
12780.3;0.207
12780.8;0.22
12781.3;0.09
12781.8;0.225
12782.3;0.22
12782.8;0.107
12783.3;0.328
12783.8;0.145
12784.3;0.168
12784.8;0.015
12785.3;0.327
12785.8;0.264
12786.3;0.092
12786.8;0.311
12787.3;0.213
12787.8;0.065
12788.3;0.196
12788.8;0.236
12789.3;0.14
12789.8;0.163
12790.3;0.282
12790.8;0.121
12791.3;0.162
12791.8;0.312
12792.3;0.221
12792.8;0.114
12793.3;0.27
12793.8;0.222
12794.3;0.116
12794.8;0.281
12795.3;0.284
12795.8;0.183
12796.3;0.365
12796.8;0.325
12797.3;0.14
12797.8;0.18
12798.3;0.319
12798.8;0.173
12799.3;0.187
12799.8;0.239
12800.3;0.246
12800.8;0.303
12801.3;0.355
12801.8;0.327
12802.3;0.284
12802.8;0.26
12803.3;0.243
12803.8;0.172
12804.3;0.275
12804.8;0.275
12805.3;0.241
12805.8;0.296
12806.3;0.253
12806.8;0.164
12807.3;0.199
12807.8;0.256
12808.3;0.256
12808.8;0.266
12809.3;0.313
12809.8;0.27
12810.3;0.225
12810.8;0.185
12811.3;0.145
12811.8;0.191
12812.3;0.366
12812.8;0.47
12813.3;0.522
12813.8;0.613
12814.3;0.606
12814.8;0.471
12815.3;0.355
12815.8;0.185
12816.3;0.094
12816.8;0.129
12817.3;0.196
12817.8;0.417
12818.3;0.547
12818.8;0.7
12819.3;0.798
12819.8;0.826
12820.3;0.747
12820.8;0.548
12821.3;0.422
12821.8;0.18
12822.3;0.217
12822.8;0.331
12823.3;0.375
12823.8;0.491
12824.3;0.336
12824.8;0.186
12825.3;0.1
12825.8;0.301
12826.3;0.626
12826.8;0.833
12827.3;0.887
12827.8;0.884
12828.3;0.824
12828.8;0.624
12829.3;0.475
12829.8;0.147
12830.3;0.21
12830.8;0.263
12831.3;0.311
12831.8;0.134
12832.3;0.11
12832.8;0.377
12833.3;0.58
12833.8;0.649
12834.3;0.702
12834.8;0.659
12835.3;0.572
12835.8;0.688
12836.3;0.713
12836.8;0.779
12837.3;0.825
12837.8;0.777
12838.3;0.588
12838.8;0.534
12839.3;0.406
12839.8;0.462
12840.3;0.517
12840.8;0.591
12841.3;0.47
12841.8;0.461
12842.3;0.426
12842.8;0.381
12843.3;0.402
12843.8;0.441
12844.3;0.523
12844.8;0.45
12845.3;0.389
12845.8;0.348
12846.3;0.199
12846.8;0.203
12847.3;0.243
12847.8;0.195
12848.3;0.157
12848.8;0.099
12849.3;0.046
12849.8;0.056
12850.3;0.166
12850.8;0.199
12851.3;0.215
12851.8;0.272
12852.3;0.288
12852.8;0.212
12853.3;0.25
12853.8;0.277
12854.3;0.265
12854.8;0.202
12855.3;0.154
12855.8;0.131
12856.3;0.118
12856.8;0.058
12857.3;0.049
12857.8;0.03
12858.3;0.087
12858.8;0.153
12859.3;0.184
12859.8;0.263
12860.3;0.236
12860.8;0.173
12861.3;0.076
12861.8;0.04
12862.3;0.057
12862.8;0.072
12863.3;0.088
12863.8;0.16
12864.3;0.147
12864.8;0.125
12865.3;0.08
12865.8;0.069
12866.3;0.083
12866.8;0.033
12867.3;0.036
12867.8;0.098
12868.3;0.204
12868.8;0.255
12869.3;0.255
12869.8;0.169
12870.3;0.143
12870.8;0.068
12871.3;0.041
12871.8;0.052
12872.3;0.17
12872.8;0.102
12873.3;0.135
12873.8;0.151
12874.3;0.189
12874.8;0.156
12875.3;0.123
12875.8;0.085
12876.3;0.083
12876.8;0.126
12877.3;0.078
12877.8;0.068
12878.3;0.111
12878.8;0.123
12879.3;0.15
12879.8;0.101
12880.3;0.121
12880.8;0.043
12881.3;0.154
12881.8;0.136
12882.3;0.128
12882.8;0.094
12883.3;0.06
12883.8;0.057
12884.3;0.115
12884.8;0.067
12885.3;0.061
12885.8;0.092
12886.3;0.166
12886.8;0.185
12887.3;0.269
12887.8;0.097
12888.3;0.043
12888.8;0.057
12889.3;0.034
12889.8;0.075
12890.3;0.064
12890.8;0.071
12891.3;0.174
12891.8;0.079
12892.3;0.05
12892.8;0.032
12893.3;0.016
12893.8;0.012
12894.3;0.141
12894.8;0.083
12895.3;0.193
12895.8;0.139
12896.3;0.116
12896.8;0.117
12897.3;0.119
12897.8;0.063
12898.3;0.113
12898.8;0.02
12899.3;0.056
12899.8;0.119
12900.3;0.107
12900.8;0.057
12901.3;0.043
12901.8;0.079
12902.3;0.107
12902.8;0.067
12903.3;0.029
12903.8;0.08
12904.3;0.061
12904.8;0.054
12905.3;0.06
12905.8;0.095
12906.3;0.175
12906.8;0.144
12907.3;0.154
12907.8;0.091
12908.3;0.053
12908.8;0.025
12909.3;0.079
12909.8;0.06
12910.3;0.068
12910.8;0.137
12911.3;0.13
12911.8;0.127
12912.3;0.086
12912.8;0.095
12913.3;0.093
12913.8;0.159
12914.3;0.185
12914.8;0.053
12915.3;0.023
12915.8;0.127
12916.3;0.063
12916.8;0.074
12917.3;0.083
12917.8;0.125
12918.3;0.11
12918.8;0.107
12919.3;0.062
12919.8;0.072
12920.3;0.089
12920.8;0.087
12921.3;0.033
12921.8;0.111
12922.3;0.114
12922.8;0.165
12923.3;0.21
12923.8;0.084
12924.3;0.073
12924.8;0.108
12925.3;0.102
12925.8;0.05
12926.3;0.053
12926.8;0.109
12927.3;0.1
12927.8;0.118
12928.3;0.073
12928.8;0.074
12929.3;0.078
12929.8;0.075
12930.3;0.182
12930.8;0.091
12931.3;0.117
12931.8;0.13
12932.3;0.018
12932.8;0.072
12933.3;0.038
12933.8;0.111
12934.3;0.108
12934.8;0.094
12935.3;0.074
12935.8;0.045
12936.3;0.072
12936.8;0.068
12937.3;0.085
12937.8;0.084
12938.3;0.102
12938.8;0.131
12939.3;0.051
12939.8;0.093
12940.3;0.078
12940.8;0.082
12941.3;0.076
12941.8;0.15
12942.3;0.132
12942.8;0.015
12943.3;0.043
12943.8;0.033
12944.3;0.049
12944.8;0.062
12945.3;0.153
12945.8;0.061
12946.3;0.064
12946.8;0.045
12947.3;0.113
12947.8;0.08
12948.3;0.093
12948.8;0.129
12949.3;0.112
12949.8;0.081
12950.3;0.035
12950.8;0.05
12951.3;0.154
12951.8;0.117
12952.3;0.035
12952.8;0.098
12953.3;0.146
12953.8;0.122
12954.3;0.072
12954.8;0.076
12955.3;0.111
12955.8;0.087
12956.3;0.089
12956.8;0.095
12957.3;0.145
12957.8;0.078
12958.3;0.199
12958.8;0.083
12959.3;0.242
12959.8;0.191
12960.3;0.112
12960.8;0.066
12961.3;0.137
12961.8;0.141
12962.3;0.285
12962.8;0.226
12963.3;0.195
12963.8;0.384
12964.3;0.105
12964.8;0.149
12965.3;0.163
12965.8;0.157
12966.3;0.325
12966.8;0.399
12967.3;0.359
12967.8;0.404
12968.3;0.321
12968.8;0.397
12969.3;0.237
12969.8;0.122
12970.3;0.207
12970.8;0.313
12971.3;0.364
12971.8;0.437
12972.3;0.38
12972.8;0.493
12973.3;0.389
12973.8;0.39
12974.3;0.432
12974.8;0.25
12975.3;0.386
12975.8;0.194
12976.3;0.262
12976.8;0.309
12977.3;0.109
12977.8;0.198
12978.3;0.202
12978.8;0.142
12979.3;0.11
12979.8;0.154
12980.3;0.165
12980.8;0.197
12981.3;0.084
12981.8;0.185
12982.3;0.134
12982.8;0.135
12983.3;0.149
12983.8;0.047
12984.3;0.034
12984.8;0.05
12985.3;0.08
12985.8;0.096
12986.3;0.14
12986.8;0.112
12987.3;0.044
12987.8;0.107
12988.3;0.08
12988.8;0.028
12989.3;0.07
12989.8;0.088
12990.3;0.136
12990.8;0.098
12991.3;0.076
12991.8;0.106
12992.3;0.083
12992.8;0.117
12993.3;0.082
12993.8;0.048
12994.3;0.08
12994.8;0.016
12995.3;0.129
12995.8;0.052
12996.3;0.139
12996.8;0.108
12997.3;0.121
12997.8;0.06
12998.3;0.05
12998.8;0.043
12999.3;0.103
12999.8;0.065
13000.3;0.176
13000.8;0.098
13001.3;0.08
13001.8;0.184
13002.3;0.083
13002.8;0.071
13003.3;0.097
13003.8;0.087
13004.3;0.137
13004.8;0.065
13005.3;0.192
13005.8;0.122
13006.3;0.157
13006.8;0.091
13007.3;0.047
13007.8;0.236
13008.3;0.138
13008.8;0.107
13009.3;0.242
13009.8;0.012
13010.3;0.193
13010.8;0.06
13011.3;0.113
13011.8;0.02
13012.3;0.14
13012.8;0.111
13013.3;0.087
13013.8;0.087
13014.3;0.121
13014.8;0.194
13015.3;0.074
13015.8;0.058
13016.3;0.102
13016.8;0.152
13017.3;0.013
13017.8;0.154
13018.3;0.099
13018.8;0.07
13019.3;0.092
13019.8;0.134
13020.3;0.033
13020.8;0.092
13021.3;0.131
13021.8;0.038
13022.3;0.105
13022.8;0.11
13023.3;0.068
13023.8;0.18
13024.3;0.109
13024.8;0.122
13025.3;0.164
13025.8;0.098
13026.3;0.029
13026.8;0.078
13027.3;0.126
13027.8;0.074
13028.3;0.163
13028.8;0.141
13029.3;0.076
13029.8;0.151
13030.3;0.033
13030.8;0.018
13031.3;0.032
13031.8;0.135
13032.3;0.117
13032.8;0.154
13033.3;0.156
13033.8;0.054
13034.3;0.099
13034.8;0.115
13035.3;0.085
13035.8;0.053
13036.3;0.136
13036.8;0.046
13037.3;0.189
13037.8;0.142
13038.3;0.145
13038.8;0.133
13039.3;0.098
13039.8;0.106
13040.3;0.024
13040.8;0.135
13041.3;0.128
13041.8;0.217
13042.3;0.069
13042.8;0.156
13043.3;0.092
13043.8;0.035
13044.3;0.005
13044.8;0.108
13045.3;0.09
13045.8;0.043
13046.3;0.089
13046.8;0.101
13047.3;0.183
13047.8;0.075
13048.3;0.168
13048.8;0.142
13049.3;0.086
13049.8;0.135
13050.3;0.163
13050.8;0.178
13051.3;0.097
13051.8;0.196
13052.3;0.054
13052.8;0.045
13053.3;0.051
13053.8;0.054
13054.3;0.069
13054.8;0.069
13055.3;0.131
13055.8;0.114
13056.3;0.178
13056.8;0.131
13057.3;0.1
13057.8;0.065
13058.3;0.113
13058.8;0.083
13059.3;0.125
13059.8;0.124
13060.3;0.158
13060.8;0.149
13061.3;0.059
13061.8;0.029
13062.3;0.039
13062.8;0.053
13063.3;0.026
13063.8;0.011
13064.3;0.087
13064.8;0.03
13065.3;0.08
13065.8;0.153
13066.3;0.116
13066.8;0.084
13067.3;0.066
13067.8;0.024
13068.3;0.085
13068.8;0.097
13069.3;0.18
13069.8;0.122
13070.3;0.166
13070.8;0.06
13071.3;0.069
13071.8;0.049
13072.3;0.076
13072.8;0.084
13073.3;0.08
13073.8;0.06
13074.3;0.06
13074.8;0.082
13075.3;0.083
13075.8;0.089
13076.3;0.052
13076.8;0.012
13077.3;0.053
13077.8;0.048
13078.3;0.159
13078.8;0.159
13079.3;0.195
13079.8;0.115
13080.3;0.084
13080.8;0.041
13081.3;0.062
13081.8;0.088
13082.3;0.154
13082.8;0.104
13083.3;0.113
13083.8;0.076
13084.3;0.095
13084.8;0.082
13085.3;0.092
13085.8;0.079
13086.3;0.028
13086.8;0.054
13087.3;0.024
13087.8;0.182
13088.3;0.166
13088.8;0.204
13089.3;0.07
13089.8;0.063
13090.3;0.095
13090.8;0.112
13091.3;0.194
13091.8;0.243
13092.3;0.207
13092.8;0.152
13093.3;0.014
13093.8;0.112
13094.3;0.173
13094.8;0.159
13095.3;0.055
13095.8;0.053
13096.3;0.018
13096.8;0.081
13097.3;0.171
13097.8;0.298
13098.3;0.294
13098.8;0.36
13099.3;0.329
13099.8;0.262
13100.3;0.196
13100.8;0.208
13101.3;0.144
13101.8;0.105
13102.3;0.043
13102.8;0.136
13103.3;0.067
13103.8;0.084
13104.3;0.102
13104.8;0.091
13105.3;0.155
13105.8;0.183
13106.3;0.23
13106.8;0.285
13107.3;0.347
13107.8;0.253
13108.3;0.168
13108.8;0.2
13109.3;0.17
13109.8;0.159
13110.3;0.154
13110.8;0.158
13111.3;0.118
13111.8;0.117
13112.3;0.21
13112.8;0.253
13113.3;0.202
13113.8;0.193
13114.3;0.155
13114.8;0.164
13115.3;0.14
13115.8;0.244
13116.3;0.174
13116.8;0.033
13117.3;0.05
13117.8;0.098
13118.3;0.126
13118.8;0.136
13119.3;0.144
13119.8;0.151
13120.3;0.142
13120.8;0.172
13121.3;0.203
13121.8;0.134
13122.3;0.145
13122.8;0.066
13123.3;0.055
13123.8;0.027
13124.3;0.037
13124.8;0.054
13125.3;0.151
13125.8;0.198
13126.3;0.21
13126.8;0.184
13127.3;0.203
13127.8;0.142
13128.3;0.145
13128.8;0.171
13129.3;0.193
13129.8;0.198
13130.3;0.074
13130.8;0.079
13131.3;0.079
13131.8;0.141
13132.3;0.226
13132.8;0.165
13133.3;0.146
13133.8;0.057
13134.3;0.168
13134.8;0.189
13135.3;0.167
13135.8;0.128
13136.3;0.151
13136.8;0.068
13137.3;0.044
13137.8;0.077
13138.3;0.058
13138.8;0.034
13139.3;0.062
13139.8;0.105
13140.3;0.117
13140.8;0.2
13141.3;0.114
13141.8;0.11
13142.3;0.11
13142.8;0.122
13143.3;0.13
13143.8;0.105
13144.3;0.196
13144.8;0.248
13145.3;0.276
13145.8;0.275
13146.3;0.197
13146.8;0.139
13147.3;0.148
13147.8;0.183
13148.3;0.206
13148.8;0.147
13149.3;0.145
13149.8;0.065
13150.3;0.022
13150.8;0.177
13151.3;0.181
13151.8;0.233
13152.3;0.178
13152.8;0.155
13153.3;0.238
13153.8;0.262
13154.3;0.215
13154.8;0.258
13155.3;0.132
13155.8;0.144
13156.3;0.103
13156.8;0.143
13157.3;0.095
13157.8;0.113
13158.3;0.057
13158.8;0.023
13159.3;0.139
13159.8;0.203
13160.3;0.22
13160.8;0.185
13161.3;0.229
13161.8;0.201
13162.3;0.241
13162.8;0.339
13163.3;0.394
13163.8;0.416
13164.3;0.462
13164.8;0.368
13165.3;0.355
13165.8;0.322
13166.3;0.278
13166.8;0.337
13167.3;0.318
13167.8;0.297
13168.3;0.227
13168.8;0.161
13169.3;0.227
13169.8;0.259
13170.3;0.238
13170.8;0.219
13171.3;0.171
13171.8;0.184
13172.3;0.168
13172.8;0.221
13173.3;0.268
13173.8;0.317
13174.3;0.308
13174.8;0.31
13175.3;0.255
13175.8;0.218
13176.3;0.267
13176.8;0.29
13177.3;0.265
13177.8;0.221
13178.3;0.185
13178.8;0.15
13179.3;0.207
13179.8;0.256
13180.3;0.263
13180.8;0.225
13181.3;0.206
13181.8;0.253
13182.3;0.265
13182.8;0.338
13183.3;0.394
13183.8;0.399
13184.3;0.409
13184.8;0.373
13185.3;0.386
13185.8;0.416
13186.3;0.455
13186.8;0.501
13187.3;0.474
13187.8;0.401
13188.3;0.308
13188.8;0.298
13189.3;0.279
13189.8;0.269
13190.3;0.297
13190.8;0.318
13191.3;0.262
13191.8;0.19
13192.3;0.16
13192.8;0.229
13193.3;0.289
13193.8;0.29
13194.3;0.299
13194.8;0.294
13195.3;0.186
13195.8;0.175
13196.3;0.194
13196.8;0.234
13197.3;0.238
13197.8;0.207
13198.3;0.155
13198.8;0.111
13199.3;0.025
13199.8;0.104
13200.3;0.151
13200.8;0.172
13201.3;0.14
13201.8;0.122
13202.3;0.052
13202.8;0.057
13203.3;0.047
13203.8;0.114
13204.3;0.082
13204.8;0.09
13205.3;0.058
13205.8;0.03
13206.3;0.077
13206.8;0.084
13207.3;0.105
13207.8;0.106
13208.3;0.075
13208.8;0.107
13209.3;0.05
13209.8;0.086
13210.3;0.105
13210.8;0.158
13211.3;0.186
13211.8;0.152
13212.3;0.088
13212.8;0.042
13213.3;0.107
13213.8;0.107
13214.3;0.135
13214.8;0.152
13215.3;0.136
13215.8;0.134
13216.3;0.05
13216.8;0.03
13217.3;0.07
13217.8;0.127
13218.3;0.169
13218.8;0.093
13219.3;0.093
13219.8;0.068
13220.3;0.102
13220.8;0.142
13221.3;0.145
13221.8;0.212
13222.3;0.195
13222.8;0.13
13223.3;0.109
13223.8;0.169
13224.3;0.203
13224.8;0.239
13225.3;0.26
13225.8;0.266
13226.3;0.219
13226.8;0.176
13227.3;0.172
13227.8;0.25
13228.3;0.282
13228.8;0.243
13229.3;0.299
13229.8;0.21
13230.3;0.198
13230.8;0.126
13231.3;0.171
13231.8;0.233
13232.3;0.268
13232.8;0.247
13233.3;0.142
13233.8;0.095
13234.3;0.129
13234.8;0.181
13235.3;0.21
13235.8;0.127
13236.3;0.17
13236.8;0.118
13237.3;0.174
13237.8;0.189
13238.3;0.196
13238.8;0.185
13239.3;0.132
13239.8;0.11
13240.3;0.165
13240.8;0.175
13241.3;0.195
13241.8;0.205
13242.3;0.149
13242.8;0.142
13243.3;0.079
13243.8;0.152
13244.3;0.164
13244.8;0.204
13245.3;0.187
13245.8;0.182
13246.3;0.131
13246.8;0.07
13247.3;0.13
13247.8;0.144
13248.3;0.247
13248.8;0.198
13249.3;0.149
13249.8;0.084
13250.3;0.103
13250.8;0.165
13251.3;0.204
13251.8;0.211
13252.3;0.13
13252.8;0.043
13253.3;0.075
13253.8;0.119
13254.3;0.16
13254.8;0.132
13255.3;0.134
13255.8;0.087
13256.3;0.1
13256.8;0.103
13257.3;0.058
13257.8;0.042
13258.3;0.049
13258.8;0.131
13259.3;0.128
13259.8;0.146
13260.3;0.117
13260.8;0.044
13261.3;0.076
13261.8;0.081
13262.3;0.189
13262.8;0.135
13263.3;0.124
13263.8;0.054
13264.3;0.054
13264.8;0.084
13265.3;0.129
13265.8;0.151
13266.3;0.151
13266.8;0.139
13267.3;0.084
13267.8;0.03
13268.3;0.04
13268.8;0.063
13269.3;0.11
13269.8;0.12
13270.3;0.106
13270.8;0.092
13271.3;0.027
13271.8;0.067
13272.3;0.071
13272.8;0.066
13273.3;0.059
13273.8;0.018
13274.3;0.096
13274.8;0.059
13275.3;0.062
13275.8;0.071
13276.3;0.063
13276.8;0.102
13277.3;0.078
13277.8;0.058
13278.3;0.055
13278.8;0.047
13279.3;0.067
13279.8;0.041
13280.3;0.066
13280.8;0.059
13281.3;0.078
13281.8;0.051
13282.3;0.033
13282.8;0.06
13283.3;0.059
13283.8;0.003
13284.3;0.021
13284.8;0.015
13285.3;0.09
13285.8;0.076
13286.3;0.049
13286.8;0.072
13287.3;0.054
13287.8;0.035
13288.3;0.079
13288.8;0.075
13289.3;0.075
13289.8;0.099
13290.3;0.095
13290.8;0.039
13291.3;0.047
13291.8;0.051
13292.3;0.033
13292.8;0.037
13293.3;0.042
13293.8;0.08
13294.3;0.119
13294.8;0.128
13295.3;0.098
13295.8;0.035
13296.3;0.012
13296.8;0.035
13297.3;0.059
13297.8;0.082
13298.3;0.112
13298.8;0.117
13299.3;0.1
13299.8;0.064
13300.3;0.037
13300.8;0.035
13301.3;0.089
13301.8;0.06
13302.3;0.065
13302.8;0.033
13303.3;0.106
13303.8;0.097
13304.3;0.082
13304.8;0.062
13305.3;0.01
13305.8;0.04
13306.3;0.025
13306.8;0.027
13307.3;0.129
13307.8;0.101
13308.3;0.096
13308.8;0.075
13309.3;0.046
13309.8;0.046
13310.3;0.012
13310.8;0.044
13311.3;0.07
13311.8;0.084
13312.3;0.155
13312.8;0.106
13313.3;0.103
13313.8;0.018
13314.3;0.054
13314.8;0.011
13315.3;0.012
13315.8;0.066
13316.3;0.108
13316.8;0.149
13317.3;0.032
13317.8;0.06
13318.3;0.067
13318.8;0.019
13319.3;0.069
13319.8;0.08
13320.3;0.12
13320.8;0.078
13321.3;0.086
13321.8;0.041
13322.3;0.051
13322.8;0.058
13323.3;0.081
13323.8;0.037
13324.3;0.093
13324.8;0.037
13325.3;0.191
13325.8;0.021
13326.3;0.119
13326.8;0.062
13327.3;0.105
13327.8;0.146
13328.3;0.153
13328.8;0.022
13329.3;0.253
13329.8;0.1
13330.3;0.137
13330.8;0.159
13331.3;0.105
13331.8;0.162
13332.3;0.149
13332.8;0.069
13333.3;0.143
13333.8;0.167
13334.3;0.111
13334.8;0.189
13335.3;0.012
13335.8;0.132
13336.3;0.08
13336.8;0.066
13337.3;0.16
13337.8;0.089
13338.3;0.111
13338.8;0.108
13339.3;0.063
13339.8;0.069
13340.3;0.088
13340.8;0.035
13341.3;0.153
13341.8;0.039
13342.3;0.077
13342.8;0.05
13343.3;0.034
13343.8;0.057
13344.3;0.022
13344.8;0.093
13345.3;0.088
13345.8;0.083
13346.3;0.065
13346.8;0.036
13347.3;0.049
13347.8;0.079
13348.3;0.075
13348.8;0.1
13349.3;0.078
13349.8;0.072
13350.3;0.061
13350.8;0.052
13351.3;0.018
13351.8;0.062
13352.3;0.017
13352.8;0.055
13353.3;0.071
13353.8;0.136
13354.3;0.097
13354.8;0.046
13355.3;0.069
13355.8;0.047
13356.3;0.057
13356.8;0.054
13357.3;0.024
13357.8;0.052
13358.3;0.1
13358.8;0.066
13359.3;0.071
13359.8;0.083
13360.3;0.163
13360.8;0.133
13361.3;0.094
13361.8;0.048
13362.3;0.131
13362.8;0.081
13363.3;0.048
13363.8;0.062
13364.3;0.101
13364.8;0.11
13365.3;0.066
13365.8;0.075
13366.3;0.144
13366.8;0.045
13367.3;0.102
13367.8;0.108
13368.3;0.114
13368.8;0.163
13369.3;0.11
13369.8;0.096
13370.3;0.067
13370.8;0.121
13371.3;0.013
13371.8;0.051
13372.3;0.117
13372.8;0.176
13373.3;0.159
13373.8;0.184
13374.3;0.105
13374.8;0.094
13375.3;0.132
13375.8;0.02
13376.3;0.079
13376.8;0.12
13377.3;0.158
13377.8;0.134
13378.3;0.107
13378.8;0.161
13379.3;0.098
13379.8;0.159
13380.3;0.073
13380.8;0.089
13381.3;0.046
13381.8;0.058
13382.3;0.07
13382.8;0.07
13383.3;0.2
13383.8;0.183
13384.3;0.147
13384.8;0.241
13385.3;0.153
13385.8;0.139
13386.3;0.185
13386.8;0.063
13387.3;0.017
13387.8;0.109
13388.3;0.127
13388.8;0.161
13389.3;0.135
13389.8;0.212
13390.3;0.179
13390.8;0.169
13391.3;0.145
13391.8;0.087
13392.3;0.08
13392.8;0.07
13393.3;0.026
13393.8;0.066
13394.3;0.169
13394.8;0.185
13395.3;0.245
13395.8;0.158
13396.3;0.274
13396.8;0.161
13397.3;0.214
13397.8;0.129
13398.3;0.075
13398.8;0.09
13399.3;0.109
13399.8;0.087
13400.3;0.155
13400.8;0.184
13401.3;0.262
13401.8;0.238
13402.3;0.25
13402.8;0.222
13403.3;0.264
13403.8;0.241
13404.3;0.213
13404.8;0.145
13405.3;0.092
13405.8;0.112
13406.3;0.156
13406.8;0.191
13407.3;0.231
13407.8;0.353
13408.3;0.384
13408.8;0.443
13409.3;0.515
13409.8;0.527
13410.3;0.554
13410.8;0.549
13411.3;0.48
13411.8;0.462
13412.3;0.42
13412.8;0.4
13413.3;0.364
13413.8;0.321
13414.3;0.27
13414.8;0.281
13415.3;0.277
13415.8;0.314
13416.3;0.339
13416.8;0.386
13417.3;0.42
13417.8;0.39
13418.3;0.422
13418.8;0.44
13419.3;0.352
13419.8;0.358
13420.3;0.325
13420.8;0.338
13421.3;0.323
13421.8;0.299
13422.3;0.288
13422.8;0.321
13423.3;0.322
13423.8;0.359
13424.3;0.339
13424.8;0.34
13425.3;0.361
13425.8;0.367
13426.3;0.322
13426.8;0.261
13427.3;0.248
13427.8;0.199
13428.3;0.21
13428.8;0.152
13429.3;0.096
13429.8;0.049
13430.3;0.125
13430.8;0.075
13431.3;0.14
13431.8;0.075
13432.3;0.182
13432.8;0.124
13433.3;0.152
13433.8;0.144
13434.3;0.114
13434.8;0.164
13435.3;0.142
13435.8;0.141
13436.3;0.092
13436.8;0.062
13437.3;0.06
13437.8;0.096
13438.3;0.057
13438.8;0.052
13439.3;0.027
13439.8;0.045
13440.3;0.04
13440.8;0.026
13441.3;0.092
13441.8;0.039
13442.3;0.082
13442.8;0.067
13443.3;0.166
13443.8;0.133
13444.3;0.198
13444.8;0.115
13445.3;0.152
13445.8;0.079
13446.3;0.083
13446.8;0.076
13447.3;0.06
13447.8;0.039
13448.3;0.034
13448.8;0.079
13449.3;0.065
13449.8;0.059
13450.3;0.152
13450.8;0.135
13451.3;0.109
13451.8;0.072
13452.3;0.073
13452.8;0.066
13453.3;0.103
13453.8;0.09
13454.3;0.15
13454.8;0.054
13455.3;0.086
13455.8;0.046
13456.3;0.057
13456.8;0.031
13457.3;0.042
13457.8;0.006
13458.3;0.031
13458.8;0.036
13459.3;0.073
13459.8;0.058
13460.3;0.054
13460.8;0.032
13461.3;0.063
13461.8;0.076
13462.3;0.088
13462.8;0.096
13463.3;0.086
13463.8;0.083
13464.3;0.065
13464.8;0.047
13465.3;0.012
13465.8;0.09
13466.3;0.059
13466.8;0.056
13467.3;0.096
13467.8;0.035
13468.3;0.051
13468.8;0.04
13469.3;0.027
13469.8;0.025
13470.3;0.09
13470.8;0.028
13471.3;0.156
13471.8;0.075
13472.3;0.112
13472.8;0.067
13473.3;0.033
13473.8;0.079
13474.3;0.075
13474.8;0.044
13475.3;0.158
13475.8;0.131
13476.3;0.105
13476.8;0.138
13477.3;0.041
13477.8;0.121
13478.3;0.059
13478.8;0.047
13479.3;0.046
13479.8;0.095
13480.3;0.041
13480.8;0.142
13481.3;0.17
13481.8;0.101
13482.3;0.236
13482.8;0.043
13483.3;0.184
13483.8;0.137
13484.3;0.051
13484.8;0.124
13485.3;0.191
13485.8;0.16
13486.3;0.325
13486.8;0.235
13487.3;0.237
13487.8;0.228
13488.3;0.144
13488.8;0.16
13489.3;0.096
13489.8;0.08
13490.3;0.184
13490.8;0.243
13491.3;0.22
13491.8;0.365
13492.3;0.169
13492.8;0.33
13493.3;0.208
13493.8;0.283
13494.3;0.218
13494.8;0.234
13495.3;0.237
13495.8;0.172
13496.3;0.222
13496.8;0.059
13497.3;0.136
13497.8;0.085
13498.3;0.038
13498.8;0.092
13499.3;0.062
13499.8;0.075
13500.3;0.037
13500.8;0.062
13501.3;0.054
13501.8;0.138
13502.3;0.075
13502.8;0.041
13503.3;0.076
13503.8;0.023
13504.3;0.078
13504.8;0.066
13505.3;0.105
13505.8;0.075
13506.3;0.087
13506.8;0.055
13507.3;0.058
13507.8;0.056
13508.3;0.047
13508.8;0.04
13509.3;0.029
13509.8;0.076
13510.3;0.057
13510.8;0.141
13511.3;0.084
13511.8;0.078
13512.3;0.053
13512.8;0.066
13513.3;0.033
13513.8;0.084
13514.3;0.072
13514.8;0.078
13515.3;0.049
13515.8;0.026
13516.3;0.036
13516.8;0.074
13517.3;0.022
13517.8;0.081
13518.3;0.065
13518.8;0.072
13519.3;0.083
13519.8;0.067
13520.3;0.005
13520.8;0.014
13521.3;0.038
13521.8;0.029
13522.3;0.039
13522.8;0.049
13523.3;0.068
13523.8;0.073
13524.3;0.039
13524.8;0.05
13525.3;0.049
13525.8;0.024
13526.3;0.046
13526.8;0.086
13527.3;0.064
13527.8;0.129
13528.3;0.091
13528.8;0.067
13529.3;0.068
13529.8;0.013
13530.3;0.055
13530.8;0.066
13531.3;0.034
13531.8;0.038
13532.3;0.117
13532.8;0.078
13533.3;0.082
13533.8;0.09
13534.3;0.023
13534.8;0.049
13535.3;0.122
13535.8;0.091
13536.3;0.117
13536.8;0.071
13537.3;0.05
13537.8;0.08
13538.3;0.077
13538.8;0.078
13539.3;0.068
13539.8;0.064
13540.3;0.052
13540.8;0.06
13541.3;0.095
13541.8;0.031
13542.3;0.085
13542.8;0.032
13543.3;0.048
13543.8;0.021
13544.3;0.051
13544.8;0.027
13545.3;0.068
13545.8;0.066
13546.3;0.024
13546.8;0.061
13547.3;0.102
13547.8;0.009
13548.3;0.074
13548.8;0.028
13549.3;0.009
13549.8;0.061
13550.3;0.083
13550.8;0.089
13551.3;0.088
13551.8;0.081
13552.3;0.061
13552.8;0.04
13553.3;0.086
13553.8;0.049
13554.3;0.044
13554.8;0.068
13555.3;0.043
13555.8;0.148
13556.3;0.095
13556.8;0.141
13557.3;0.104
13557.8;0.061
13558.3;0.03
13558.8;0.045
13559.3;0.051
13559.8;0.081
13560.3;0.121
13560.8;0.079
13561.3;0.099
13561.8;0.078
13562.3;0.068
13562.8;0.086
13563.3;0.045
13563.8;0.024
13564.3;0.102
13564.8;0.062
13565.3;0.095
13565.8;0.091
13566.3;0.095
13566.8;0.02
13567.3;0.061
13567.8;0.046
13568.3;0.025
13568.8;0.087
13569.3;0.069
13569.8;0.13
13570.3;0.112
13570.8;0.079
13571.3;0.057
13571.8;0.038
13572.3;0.041
13572.8;0.042
13573.3;0.062
13573.8;0.126
13574.3;0.115
13574.8;0.064
13575.3;0.144
13575.8;0.095
13576.3;0.063
13576.8;0.062
13577.3;0.074
13577.8;0.062
13578.3;0.102
13578.8;0.084
13579.3;0.071
13579.8;0.098
13580.3;0.015
13580.8;0.052
13581.3;0.009
13581.8;0.072
13582.3;0.03
13582.8;0.1
13583.3;0.074
13583.8;0.107
13584.3;0.056
13584.8;0.044
13585.3;0.006
13585.8;0.037
13586.3;0.064
13586.8;0.065
13587.3;0.083
13587.8;0.096
13588.3;0.072
13588.8;0.104
13589.3;0.069
13589.8;0.083
13590.3;0.087
13590.8;0.011
13591.3;0.019
13591.8;0.073
13592.3;0.051
13592.8;0.061
13593.3;0.072
13593.8;0.007
13594.3;0.04
13594.8;0.018
13595.3;0.073
13595.8;0.047
13596.3;0.095
13596.8;0.064
13597.3;0.048
13597.8;0.052
13598.3;0.074
13598.8;0.05
13599.3;0.062
13599.8;0.077
13600.3;0.118
13600.8;0.076
13601.3;0.071
13601.8;0.12
13602.3;0.02
13602.8;0.045
13603.3;0.062
13603.8;0.05
13604.3;0.049
13604.8;0.097
13605.3;0.048
13605.8;0.046
13606.3;0.057
13606.8;0.064
13607.3;0.031
13607.8;0.078
13608.3;0.068
13608.8;0.076
13609.3;0.132
13609.8;0.066
13610.3;0.126
13610.8;0.04
13611.3;0.038
13611.8;0.052
13612.3;0.074
13612.8;0.029
13613.3;0.06
13613.8;0.072
13614.3;0.002
13614.8;0.056
13615.3;0.053
13615.8;0.062
13616.3;0.073
13616.8;0.088
13617.3;0.064
13617.8;0.042
13618.3;0.022
13618.8;0.04
13619.3;0.062
13619.8;0.074
13620.3;0.023
13620.8;0.051
13621.3;0.046
13621.8;0.034
13622.3;0.02
13622.8;0.037
13623.3;0.053
13623.8;0.023
13624.3;0.04
13624.8;0.055
13625.3;0.092
13625.8;0.111
13626.3;0.114
13626.8;0.055
13627.3;0.048
13627.8;0.049
13628.3;0.055
13628.8;0.036
13629.3;0.028
13629.8;0.102
13630.3;0.121
13630.8;0.116
13631.3;0.12
13631.8;0.086
13632.3;0.027
13632.8;0.05
13633.3;0.081
13633.8;0.082
13634.3;0.092
13634.8;0.064
13635.3;0.097
13635.8;0.04
13636.3;0.015
13636.8;0.058
13637.3;0.061
13637.8;0.015
13638.3;0.057
13638.8;0.062
13639.3;0.073
13639.8;0.057
13640.3;0.071
13640.8;0.031
13641.3;0.059
13641.8;0.055
13642.3;0.046
13642.8;0.067
13643.3;0.055
13643.8;0.039
13644.3;0.054
13644.8;0.103
13645.3;0.079
13645.8;0.086
13646.3;0.112
13646.8;0.085
13647.3;0.027
13647.8;0.11
13648.3;0.123
13648.8;0.073
13649.3;0.087
13649.8;0.102
13650.3;0.071
13650.8;0.014
13651.3;0.092
13651.8;0.07
13652.3;0.039
13652.8;0.056
13653.3;0.092
13653.8;0.064
13654.3;0.044
13654.8;0.048
13655.3;0.046
13655.8;0.03
13656.3;0.082
13656.8;0.043
13657.3;0.054
13657.8;0.108
13658.3;0.118
13658.8;0.034
13659.3;0.051
13659.8;0.052
13660.3;0.018
13660.8;0.044
13661.3;0.033
13661.8;0.038
13662.3;0.046
13662.8;0.086
13663.3;0.102
13663.8;0.082
13664.3;0.097
13664.8;0.072
13665.3;0.053
13665.8;0.037
13666.3;0.068
13666.8;0.095
13667.3;0.117
13667.8;0.139
13668.3;0.123
13668.8;0.101
13669.3;0.086
13669.8;0.077
13670.3;0.033
13670.8;0.016
13671.3;0.038
13671.8;0.054
13672.3;0.112
13672.8;0.124
13673.3;0.132
13673.8;0.149
13674.3;0.154
13674.8;0.132
13675.3;0.1
13675.8;0.113
13676.3;0.137
13676.8;0.16
13677.3;0.171
13677.8;0.128
13678.3;0.091
13678.8;0.062
13679.3;0.077
13679.8;0.095
13680.3;0.099
13680.8;0.017
13681.3;0.06
13681.8;0.088
13682.3;0.101
13682.8;0.112
13683.3;0.167
13683.8;0.169
13684.3;0.167
13684.8;0.115
13685.3;0.148
13685.8;0.185
13686.3;0.2
13686.8;0.086
13687.3;0.043
13687.8;0.068
13688.3;0.043
13688.8;0.047
13689.3;0.066
13689.8;0.098
13690.3;0.057
13690.8;0.096
13691.3;0.182
13691.8;0.182
13692.3;0.105
13692.8;0.047
13693.3;0.095
13693.8;0.088
13694.3;0.062
13694.8;0.031
13695.3;0.075
13695.8;0.114
13696.3;0.072
13696.8;0.056
13697.3;0.085
13697.8;0.118
13698.3;0.056
13698.8;0.037
13699.3;0.064
13699.8;0.075
13700.3;0.082
13700.8;0.063
13701.3;0.025
13701.8;0.04
13702.3;0.096
13702.8;0.134
13703.3;0.113
13703.8;0.066
13704.3;0.064
13704.8;0.062
13705.3;0.032
13705.8;0.023
13706.3;0.054
13706.8;0.037
13707.3;0.049
13707.8;0.071
13708.3;0.05
13708.8;0.052
13709.3;0.044
13709.8;0.011
13710.3;0.047
13710.8;0.051
13711.3;0.07
13711.8;0.081
13712.3;0.12
13712.8;0.074
13713.3;0.036
13713.8;0.028
13714.3;0.063
13714.8;0.066
13715.3;0.064
13715.8;0.075
13716.3;0.07
13716.8;0.059
13717.3;0.048
13717.8;0.038
13718.3;0.071
13718.8;0.06
13719.3;0.03
13719.8;0.038
13720.3;0.063
13720.8;0.076
13721.3;0.06
13721.8;0.084
13722.3;0.076
13722.8;0.082
13723.3;0.105
13723.8;0.092
13724.3;0.047
13724.8;0.073
13725.3;0.07
13725.8;0.016
13726.3;0.108
13726.8;0.161
13727.3;0.192
13727.8;0.114
13728.3;0.014
13728.8;0.065
13729.3;0.114
13729.8;0.103
13730.3;0.126
13730.8;0.147
13731.3;0.137
13731.8;0.026
13732.3;0.062
13732.8;0.145
13733.3;0.11
13733.8;0.12
13734.3;0.046
13734.8;0.043
13735.3;0.053
13735.8;0.01
13736.3;0.065
13736.8;0.105
13737.3;0.077
13737.8;0.073
13738.3;0.001
13738.8;0.046
13739.3;0.067
13739.8;0.073
13740.3;0.079
13740.8;0.068
13741.3;0.13
13741.8;0.134
13742.3;0.083
13742.8;0.015
13743.3;0.052
13743.8;0.038
13744.3;0.073
13744.8;0.083
13745.3;0.151
13745.8;0.128
13746.3;0.025
13746.8;0.05
13747.3;0.084
13747.8;0.107
13748.3;0.054
13748.8;0.062
13749.3;0.055
13749.8;0.048
13750.3;0.042
13750.8;0.079
13751.3;0.12
13751.8;0.141
13752.3;0.058
13752.8;0.023
13753.3;0.047
13753.8;0.055
13754.3;0.09
13754.8;0.082
13755.3;0.099
13755.8;0.059
13756.3;0.03
13756.8;0.063
13757.3;0.093
13757.8;0.107
13758.3;0.076
13758.8;0.021
13759.3;0.032
13759.8;0.046
13760.3;0.035
13760.8;0.108
13761.3;0.093
13761.8;0.084
13762.3;0.041
13762.8;0.018
13763.3;0.038
13763.8;0.06
13764.3;0.078
13764.8;0.077
13765.3;0.093
13765.8;0.058
13766.3;0.011
13766.8;0.012
13767.3;0.071
13767.8;0.119
13768.3;0.123
13768.8;0.101
13769.3;0.022
13769.8;0.07
13770.3;0.091
13770.8;0.105
13771.3;0.144
13771.8;0.16
13772.3;0.14
13772.8;0.078
13773.3;0.052
13773.8;0.142
13774.3;0.161
13774.8;0.155
13775.3;0.122
13775.8;0.074
13776.3;0.037
13776.8;0.044
13777.3;0.071
13777.8;0.108
13778.3;0.105
13778.8;0.064
13779.3;0.04
13779.8;0.081
13780.3;0.119
13780.8;0.158
13781.3;0.139
13781.8;0.123
13782.3;0.105
13782.8;0.052
13783.3;0.104
13783.8;0.147
13784.3;0.158
13784.8;0.121
13785.3;0.125
13785.8;0.055
13786.3;0.024
13786.8;0.085
13787.3;0.118
13787.8;0.131
13788.3;0.071
13788.8;0.039
13789.3;0.017
13789.8;0.041
13790.3;0.076
13790.8;0.089
13791.3;0.106
13791.8;0.098
13792.3;0.026
13792.8;0.079
13793.3;0.079
13793.8;0.098
13794.3;0.102
13794.8;0.05
13795.3;0.067
13795.8;0.024
13796.3;0.001
13796.8;0.009
13797.3;0.042
13797.8;0.085
13798.3;0.144
13798.8;0.105
13799.3;0.111
13799.8;0.043
13800.3;0.025
13800.8;0.025
13801.3;0.03
13801.8;0.07
13802.3;0.092
13802.8;0.151
13803.3;0.085
13803.8;0.041
13804.3;0.021
13804.8;0.044
13805.3;0.094
13805.8;0.052
13806.3;0.123
13806.8;0.106
13807.3;0.045
13807.8;0.038
13808.3;0.026
13808.8;0.088
13809.3;0.089
13809.8;0.079
13810.3;0.047
13810.8;0.017
13811.3;0.029
13811.8;0.063
13812.3;0.052
13812.8;0.101
13813.3;0.116
13813.8;0.072
13814.3;0.025
13814.8;0.026
13815.3;0.04
13815.8;0.069
13816.3;0.072
13816.8;0.11
13817.3;0.088
13817.8;0.063
13818.3;0.077
13818.8;0.064
13819.3;0.085
13819.8;0.084
13820.3;0.091
13820.8;0.083
13821.3;0.061
13821.8;0.102
13822.3;0.064
13822.8;0.048
13823.3;0.057
13823.8;0.043
13824.3;0.08
13824.8;0.094
13825.3;0.094
13825.8;0.075
13826.3;0.071
13826.8;0.064
13827.3;0.01
13827.8;0.007
13828.3;0.105
13828.8;0.105
13829.3;0.102
13829.8;0.113
13830.3;0.047
13830.8;0.034
13831.3;0.053
13831.8;0.018
13832.3;0.088
13832.8;0.107
13833.3;0.086
13833.8;0.047
13834.3;0.073
13834.8;0.083
13835.3;0.042
13835.8;0.066
13836.3;0.112
13836.8;0.108
13837.3;0.143
13837.8;0.134
13838.3;0.087
13838.8;0.049
13839.3;0.075
13839.8;0.124
13840.3;0.125
13840.8;0.111
13841.3;0.101
13841.8;0.063
13842.3;0.027
13842.8;0.11
13843.3;0.063
13843.8;0.09
13844.3;0.132
13844.8;0.091
13845.3;0.047
13845.8;0.017
13846.3;0.031
13846.8;0.098
13847.3;0.105
13847.8;0.083
13848.3;0.061
13848.8;0.053
13849.3;0.022
13849.8;0.017
13850.3;0.041
13850.8;0.081
13851.3;0.146
13851.8;0.075
13852.3;0.041
13852.8;0.018
13853.3;0.045
13853.8;0.052
13854.3;0.083
13854.8;0.055
13855.3;0.09
13855.8;0.071
13856.3;0.075
13856.8;0.047
13857.3;0.066
13857.8;0.073
13858.3;0.063
13858.8;0.045
13859.3;0.056
13859.8;0.07
13860.3;0.094
13860.8;0.062
13861.3;0.05
13861.8;0.066
13862.3;0.059
13862.8;0.036
13863.3;0.085
13863.8;0.061
13864.3;0.109
13864.8;0.065
13865.3;0.022
13865.8;0.027
13866.3;0.063
13866.8;0.08
13867.3;0.089
13867.8;0.021
13868.3;0.02
13868.8;0.074
13869.3;0.086
13869.8;0.069
13870.3;0.117
13870.8;0.097
13871.3;0.015
13871.8;0.01
13872.3;0.019
13872.8;0.055
13873.3;0.072
13873.8;0.084
13874.3;0.085
13874.8;0.051
13875.3;0.041
13875.8;0.129
13876.3;0.093
13876.8;0.091
13877.3;0.055
13877.8;0.045
13878.3;0.044
13878.8;0.058
13879.3;0.132
13879.8;0.132
13880.3;0.04
13880.8;0.019
13881.3;0.071
13881.8;0.061
13882.3;0.096
13882.8;0.035
13883.3;0.084
13883.8;0.048
13884.3;0.044
13884.8;0.039
13885.3;0.082
13885.8;0.093
13886.3;0.086
13886.8;0.011
13887.3;0.057
13887.8;0.043
13888.3;0.078
13888.8;0.029
13889.3;0.075
13889.8;0.078
13890.3;0.036
13890.8;0.091
13891.3;0.103
13891.8;0.012
13892.3;0.054
13892.8;0.09
13893.3;0.102
13893.8;0.042
13894.3;0.088
13894.8;0.086
13895.3;0.037
13895.8;0.053
13896.3;0.058
13896.8;0.089
13897.3;0.065
13897.8;0.04
13898.3;0.06
13898.8;0.03
13899.3;0.013
13899.8;0.068
13900.3;0.097
13900.8;0.059
13901.3;0.075
13901.8;0.066
13902.3;0.048
13902.8;0.085
13903.3;0.115
13903.8;0.118
13904.3;0.083
13904.8;0.009
13905.3;0.056
13905.8;0.108
13906.3;0.031
13906.8;0.144
13907.3;0.08
13907.8;0.085
13908.3;0.113
13908.8;0.084
13909.3;0.1
13909.8;0.182
13910.3;0.067
13910.8;0.048
13911.3;0.122
13911.8;0.055
13912.3;0.168
13912.8;0.032
13913.3;0.131
13913.8;0.055
13914.3;0.105
13914.8;0.18
13915.3;0.13
13915.8;0.044
13916.3;0.027
13916.8;0.091
13917.3;0.08
13917.8;0.115
13918.3;0.163
13918.8;0.107
13919.3;0.06
13919.8;0.105
13920.3;0.129
13920.8;0.131
13921.3;0.137
13921.8;0.066
13922.3;0.065
13922.8;0.14
13923.3;0.11
13923.8;0.153
13924.3;0.022
13924.8;0.059
13925.3;0.128
13925.8;0.11
13926.3;0.158
13926.8;0.141
13927.3;0.083
13927.8;0.05
13928.3;0.152
13928.8;0.169
13929.3;0.083
13929.8;0.013
13930.3;0.069
13930.8;0.125
13931.3;0.147
13931.8;0.176
13932.3;0.147
13932.8;0.106
13933.3;0.166
13933.8;0.167
13934.3;0.096
13934.8;0.062
13935.3;0.077
13935.8;0.059
13936.3;0.083
13936.8;0.117
13937.3;0.105
13937.8;0.058
13938.3;0.101
13938.8;0.12
13939.3;0.04
13939.8;0.017
13940.3;0.027
13940.8;0.066
13941.3;0.008
13941.8;0.15
13942.3;0.167
13942.8;0.083
13943.3;0.071
13943.8;0.131
13944.3;0.059
13944.8;0.019
13945.3;0.004
13945.8;0.065
13946.3;0.069
13946.8;0.11
13947.3;0.205
13947.8;0.135
13948.3;0.108
13948.8;0.155
13949.3;0.057
13949.8;0.051
13950.3;0.061
13950.8;0.055
13951.3;0.095
13951.8;0.114
13952.3;0.149
13952.8;0.155
13953.3;0.154
13953.8;0.165
13954.3;0.072
13954.8;0.062
13955.3;0.058
13955.8;0.069
13956.3;0.166
13956.8;0.185
13957.3;0.172
13957.8;0.192
13958.3;0.176
13958.8;0.181
13959.3;0.143
13959.8;0.061
13960.3;0.111
13960.8;0.058
13961.3;0.134
13961.8;0.138
13962.3;0.153
13962.8;0.169
13963.3;0.169
13963.8;0.173
13964.3;0.154
13964.8;0.107
13965.3;0.074
13965.8;0.109
13966.3;0.08
13966.8;0.188
13967.3;0.177
13967.8;0.165
13968.3;0.158
13968.8;0.145
13969.3;0.1
13969.8;0.086
13970.3;0.012
13970.8;0.084
13971.3;0.075
13971.8;0.103
13972.3;0.12
13972.8;0.161
13973.3;0.134
13973.8;0.083
13974.3;0.077
13974.8;0.058
13975.3;0.061
13975.8;0.039
13976.3;0.054
13976.8;0.054
13977.3;0.048
13977.8;0.094
13978.3;0.123
13978.8;0.131
13979.3;0.13
13979.8;0.109
13980.3;0.107
13980.8;0.052
13981.3;0.028
13981.8;0.028
13982.3;0.035
13982.8;0.064
13983.3;0.102
13983.8;0.104
13984.3;0.168
13984.8;0.149
13985.3;0.101
13985.8;0.089
13986.3;0.133
13986.8;0.061
13987.3;0.113
13987.8;0.049
13988.3;0.025
13988.8;0.008
13989.3;0.019
13989.8;0.091
13990.3;0.123
13990.8;0.154
13991.3;0.144
13991.8;0.12
13992.3;0.111
13992.8;0.164
13993.3;0.141
13993.8;0.15
13994.3;0.116
13994.8;0.143
13995.3;0.117
13995.8;0.187
13996.3;0.081
13996.8;0.168
13997.3;0.094
13997.8;0.124
13998.3;0.141
13998.8;0.094
13999.3;0.092
13999.8;0.02
14000.3;0.09
14000.8;0.125
14001.3;0.126
14001.8;0.164
14002.3;0.191
14002.8;0.168
14003.3;0.196
14003.8;0.218
14004.3;0.075
14004.8;0.22
14005.3;0.112
14005.8;0.155
14006.3;0.066
14006.8;0.125
14007.3;0.077
14007.8;0.048
14008.3;0.049
14008.8;0.055
14009.3;0.155
14009.8;0.097
14010.3;0.186
14010.8;0.12
14011.3;0.175
14011.8;0.164
14012.3;0.144
14012.8;0.12
14013.3;0.148
14013.8;0.181
14014.3;0.081
14014.8;0.154
14015.3;0.044
14015.8;0.132
14016.3;0.011
14016.8;0.057
14017.3;0.049
14017.8;0.085
14018.3;0.046
14018.8;0.075
14019.3;0.067
14019.8;0.055
14020.3;0.038
14020.8;0.089
14021.3;0.012
14021.8;0.09
14022.3;0.045
14022.8;0.093
14023.3;0.064
14023.8;0.026
14024.3;0.053
14024.8;0.023
14025.3;0.08
14025.8;0.046
14026.3;0.068
14026.8;0.075
14027.3;0.086
14027.8;0.03
14028.3;0.088
14028.8;0.041
14029.3;0.059
14029.8;0.057
14030.3;0.046
14030.8;0.037
14031.3;0.038
14031.8;0.045
14032.3;0.065
14032.8;0.056
14033.3;0.065
14033.8;0.046
14034.3;0.059
14034.8;0.067
14035.3;0.048
14035.8;0.052
14036.3;0.057
14036.8;0.035
14037.3;0.054
14037.8;0.061
14038.3;0.012
14038.8;0.024
14039.3;0.029
14039.8;0.041
14040.3;0.061
14040.8;0.104
14041.3;0.046
14041.8;0.066
14042.3;0.068
14042.8;0.061
14043.3;0.101
14043.8;0.082
14044.3;0.072
14044.8;0.105
14045.3;0.05
14045.8;0.013
14046.3;0.04
14046.8;0.057
14047.3;0.015
14047.8;0.064
14048.3;0.068
14048.8;0.004
14049.3;0.086
14049.8;0.065
14050.3;0.059
14050.8;0.097
14051.3;0.109
14051.8;0.093
14052.3;0.068
14052.8;0.058
14053.3;0.047
14053.8;0.063
14054.3;0.031
14054.8;0.017
14055.3;0.092
14055.8;0.083
14056.3;0.053
14056.8;0.101
14057.3;0.067
14057.8;0.059
14058.3;0.053
14058.8;0.02
14059.3;0.041
14059.8;0.128
14060.3;0.098
14060.8;0.006
14061.3;0.085
14061.8;0.064
14062.3;0.007
14062.8;0.088
14063.3;0.089
14063.8;0.077
14064.3;0.131
14064.8;0.041
14065.3;0.055
14065.8;0.089
14066.3;0.037
14066.8;0.044
14067.3;0.034
14067.8;0.023
14068.3;0.066
14068.8;0.072
14069.3;0.042
14069.8;0.037
14070.3;0.034
14070.8;0.046
14071.3;0.06
14071.8;0.028
14072.3;0.083
14072.8;0.06
14073.3;0.048
14073.8;0.071
14074.3;0.099
14074.8;0.065
14075.3;0.092
14075.8;0.05
14076.3;0.056
14076.8;0.075
14077.3;0.113
14077.8;0.09
14078.3;0.072
14078.8;0.078
14079.3;0.061
14079.8;0.053
14080.3;0.054
14080.8;0.039
14081.3;0.061
14081.8;0.086
14082.3;0.064
14082.8;0.034
14083.3;0.063
14083.8;0.084
14084.3;0.074
14084.8;0.101
14085.3;0.04
14085.8;0.093
14086.3;0.033
14086.8;0.033
14087.3;0.091
14087.8;0.103
14088.3;0.08
14088.8;0.045
14089.3;0.077
14089.8;0.051
14090.3;0.038
14090.8;0.045
14091.3;0.081
14091.8;0.1
14092.3;0.119
14092.8;0.124
14093.3;0.125
14093.8;0.058
14094.3;0.03
14094.8;0.048
14095.3;0.057
14095.8;0.005
14096.3;0.113
14096.8;0.128
14097.3;0.163
14097.8;0.083
14098.3;0.053
14098.8;0.037
14099.3;0.044
14099.8;0.027
14100.3;0.088
14100.8;0.079
14101.3;0.086
14101.8;0.103
14102.3;0.082
14102.8;0.082
14103.3;0.059
14103.8;0.078
14104.3;0.058
14104.8;0.066
14105.3;0.018
14105.8;0.071
14106.3;0.081
14106.8;0.076
14107.3;0.048
14107.8;0.05
14108.3;0.09
14108.8;0.045
14109.3;0.062
14109.8;0.091
14110.3;0.078
14110.8;0.062
14111.3;0.063
14111.8;0.019
14112.3;0.015
14112.8;0.04
14113.3;0.04
14113.8;0.022
14114.3;0.089
14114.8;0.041
14115.3;0.056
14115.8;0.053
14116.3;0.05
14116.8;0.036
14117.3;0.051
14117.8;0.055
14118.3;0.048
14118.8;0.017
14119.3;0.079
14119.8;0.151
14120.3;0.09
14120.8;0.061
14121.3;0.044
14121.8;0.019
14122.3;0.041
14122.8;0.049
14123.3;0.052
14123.8;0.072
14124.3;0.073
14124.8;0.097
14125.3;0.075
14125.8;0.077
14126.3;0.062
14126.8;0.065
14127.3;0.082
14127.8;0.085
14128.3;0.092
14128.8;0.113
14129.3;0.081
14129.8;0.051
14130.3;0.024
14130.8;0.035
14131.3;0.048
14131.8;0.048
14132.3;0.049
14132.8;0.052
14133.3;0.084
14133.8;0.074
14134.3;0.086
14134.8;0.061
14135.3;0.078
14135.8;0.04
14136.3;0.078
14136.8;0.026
14137.3;0.113
14137.8;0.16
14138.3;0.167
14138.8;0.046
14139.3;0.084
14139.8;0.104
14140.3;0.066
14140.8;0.085
14141.3;0.109
14141.8;0.112
14142.3;0.109
14142.8;0.022
14143.3;0.041
14143.8;0.126
14144.3;0.11
14144.8;0.043
14145.3;0.029
14145.8;0.062
14146.3;0.079
14146.8;0.049
14147.3;0.029
14147.8;0.125
14148.3;0.165
14148.8;0.109
14149.3;0.018
14149.8;0.059
14150.3;0.03
14150.8;0.043
14151.3;0.083
14151.8;0.033
14152.3;0.096
14152.8;0.119
14153.3;0.098
14153.8;0.037
14154.3;0.028
14154.8;0.015
14155.3;0.027
14155.8;0.062
14156.3;0.056
14156.8;0.14
14157.3;0.186
14157.8;0.122
14158.3;0.073
14158.8;0.092
14159.3;0.037
14159.8;0.039
14160.3;0.032
14160.8;0.049
14161.3;0.026
14161.8;0.089
14162.3;0.084
14162.8;0.077
14163.3;0.098
14163.8;0.113
14164.3;0.095
14164.8;0.013
14165.3;0.057
14165.8;0.071
14166.3;0.103
14166.8;0.091
14167.3;0.059
14167.8;0.024
14168.3;0.066
14168.8;0.072
14169.3;0.012
14169.8;0.019
14170.3;0.092
14170.8;0.053
14171.3;0.004
14171.8;0.088
14172.3;0.114
14172.8;0.076
14173.3;0.066
14173.8;0.086
14174.3;0.024
14174.8;0.072
14175.3;0.121
14175.8;0.117
14176.3;0.109
14176.8;0.105
14177.3;0.085
14177.8;0.024
14178.3;0.046
14178.8;0.014
14179.3;0.05
14179.8;0.087
14180.3;0.113
14180.8;0.078
14181.3;0.072
14181.8;0.097
14182.3;0.138
14182.8;0.088
14183.3;0.044
14183.8;0.044
14184.3;0.067
14184.8;0.081
14185.3;0.055
14185.8;0.028
14186.3;0.044
14186.8;0.036
14187.3;0.037
14187.8;0.07
14188.3;0.114
14188.8;0.067
14189.3;0.045
14189.8;0.029
14190.3;0.038
14190.8;0.052
14191.3;0.043
14191.8;0.026
14192.3;0.087
14192.8;0.023
14193.3;0.075
14193.8;0.042
14194.3;0.088
14194.8;0.043
14195.3;0.034
14195.8;0.09
14196.3;0.081
14196.8;0.04
14197.3;0.072
14197.8;0.079
14198.3;0.07
14198.8;0.075
14199.3;0.081
14199.8;0.039
14200.3;0.051
14200.8;0.083
14201.3;0.064
14201.8;0.044
14202.3;0.069
14202.8;0.088
14203.3;0.037
14203.8;0.036
14204.3;0.047
14204.8;0.011
14205.3;0.072
14205.8;0.073
14206.3;0.047
14206.8;0.032
14207.3;0.046
14207.8;0.079
14208.3;0.077
14208.8;0.056
14209.3;0.087
14209.8;0.054
14210.3;0.006
14210.8;0.022
14211.3;0.059
14211.8;0.125
14212.3;0.09
14212.8;0.078
14213.3;0.08
14213.8;0.015
14214.3;0.055
14214.8;0.033
14215.3;0.07
14215.8;0.116
14216.3;0.073
14216.8;0.057
14217.3;0.067
14217.8;0.048
14218.3;0.053
14218.8;0.06
14219.3;0.102
14219.8;0.1
14220.3;0.024
14220.8;0.015
14221.3;0.058
14221.8;0.049
14222.3;0.084
14222.8;0.051
14223.3;0.019
14223.8;0.054
14224.3;0.025
14224.8;0.055
14225.3;0.051
14225.8;0.073
14226.3;0.06
14226.8;0.021
14227.3;0.078
14227.8;0.034
14228.3;0.094
14228.8;0.071
14229.3;0.067
14229.8;0.051
14230.3;0.063
14230.8;0.079
14231.3;0.055
14231.8;0.059
14232.3;0.037
14232.8;0.039
14233.3;0.066
14233.8;0.077
14234.3;0.053
14234.8;0.07
14235.3;0.019
14235.8;0.075
14236.3;0.062
14236.8;0.056
14237.3;0.038
14237.8;0.077
14238.3;0.049
14238.8;0.06
14239.3;0.074
14239.8;0.071
14240.3;0.071
14240.8;0.094
14241.3;0.105
14241.8;0.097
14242.3;0.029
14242.8;0.052
14243.3;0.076
14243.8;0.017
14244.3;0.051
14244.8;0.056
14245.3;0.086
14245.8;0.11
14246.3;0.1
14246.8;0.06
14247.3;0.099
14247.8;0.084
14248.3;0.056
14248.8;0.018
14249.3;0.084
14249.8;0.15
14250.3;0.13
14250.8;0.127
14251.3;0.087
14251.8;0.032
14252.3;0.06
14252.8;0.069
14253.3;0.048
14253.8;0.023
14254.3;0.042
14254.8;0.077
14255.3;0.075
14255.8;0.119
14256.3;0.09
14256.8;0.111
14257.3;0.051
14257.8;0.029
14258.3;0.038
14258.8;0.082
14259.3;0.136
14259.8;0.102
14260.3;0.056
14260.8;0.038
14261.3;0.028
14261.8;0.103
14262.3;0.101
14262.8;0.11
14263.3;0.07
14263.8;0.051
14264.3;0.039
14264.8;0.058
14265.3;0.11
14265.8;0.11
14266.3;0.129
14266.8;0.059
14267.3;0.019
14267.8;0.084
14268.3;0.09
14268.8;0.092
14269.3;0.111
14269.8;0.056
14270.3;0.025
14270.8;0.042
14271.3;0.009
14271.8;0.072
14272.3;0.073
14272.8;0.047
14273.3;0.078
14273.8;0.104
14274.3;0.098
14274.8;0.021
14275.3;0.03
14275.8;0.025
14276.3;0.077
14276.8;0.092
14277.3;0.121
14277.8;0.051
14278.3;0.039
14278.8;0.073
14279.3;0.045
14279.8;0.064
14280.3;0.027
14280.8;0.081
14281.3;0.102
14281.8;0.025
14282.3;0.069
14282.8;0.042
14283.3;0.107
14283.8;0.085
14284.3;0.029
14284.8;0.042
14285.3;0.085
14285.8;0.045
14286.3;0.033
14286.8;0.068
14287.3;0.12
14287.8;0.114
14288.3;0.055
14288.8;0.101
14289.3;0.029
14289.8;0.093
14290.3;0.169
14290.8;0.069
14291.3;0.045
14291.8;0.019
14292.3;0.04
14292.8;0.14
14293.3;0.152
14293.8;0.04
14294.3;0.042
14294.8;0.035
14295.3;0.078
14295.8;0.088
14296.3;0.147
14296.8;0.063
14297.3;0.129
14297.8;0.047
14298.3;0.08
14298.8;0.061
14299.3;0.082
14299.8;0.045
14300.3;0.058
14300.8;0.05
14301.3;0.021
14301.8;0.042
14302.3;0.028
14302.8;0.064
14303.3;0.061
14303.8;0.072
14304.3;0.057
14304.8;0.041
14305.3;0.079
14305.8;0.081
14306.3;0.07
14306.8;0.079
14307.3;0.023
14307.8;0.03
14308.3;0.023
14308.8;0.054
14309.3;0.087
14309.8;0.086
14310.3;0.063
14310.8;0.036
14311.3;0.044
14311.8;0.074
14312.3;0.093
14312.8;0.108
14313.3;0.039
14313.8;0.07
14314.3;0.101
14314.8;0.035
14315.3;0.064
14315.8;0.085
14316.3;0.088
14316.8;0.044
14317.3;0.075
14317.8;0.058
14318.3;0.126
14318.8;0.167
14319.3;0.15
14319.8;0.082
14320.3;0.114
14320.8;0.049
14321.3;0.163
14321.8;0.151
14322.3;0.049
14322.8;0.022
14323.3;0.038
14323.8;0.086
14324.3;0.099
14324.8;0.084
14325.3;0.036
14325.8;0.098
14326.3;0.042
14326.8;0.016
14327.3;0.071
14327.8;0.118
14328.3;0.125
14328.8;0.103
14329.3;0.073
14329.8;0.09
14330.3;0.06
14330.8;0.11
14331.3;0.117
14331.8;0.045
14332.3;0.084
14332.8;0.045
14333.3;0.118
14333.8;0.136
14334.3;0.1
14334.8;0.023
14335.3;0.036
14335.8;0.027
14336.3;0.074
14336.8;0.146
14337.3;0.045
14337.8;0.011
14338.3;0.062
14338.8;0.072
14339.3;0.086
14339.8;0.116
14340.3;0.122
14340.8;0.012
14341.3;0.105
14341.8;0.07
14342.3;0.062
14342.8;0.141
14343.3;0.042
14343.8;0.034
14344.3;0.126
14344.8;0.085
14345.3;0.056
14345.8;0.081
14346.3;0.089
14346.8;0.08
14347.3;0.059
14347.8;0.078
14348.3;0.095
14348.8;0.058
14349.3;0.051
14349.8;0.036
14350.3;0.125
14350.8;0.081
14351.3;0.087
14351.8;0.04
14352.3;0.041
14352.8;0.017
14353.3;0.085
14353.8;0.101
14354.3;0.037
14354.8;0.057
14355.3;0.039
14355.8;0.099
14356.3;0.113
14356.8;0.107
14357.3;0.052
14357.8;0.062
14358.3;0.06
14358.8;0.015
14359.3;0.145
14359.8;0.185
14360.3;0.033
14360.8;0.122
14361.3;0.146
14361.8;0.047
14362.3;0.049
14362.8;0.065
14363.3;0.101
14363.8;0.089
14364.3;0.099
14364.8;0.057
14365.3;0.111
14365.8;0.123
14366.3;0.096
14366.8;0.214
14367.3;0.078
14367.8;0.036
14368.3;0.082
14368.8;0.057
14369.3;0.087
14369.8;0.136
14370.3;0.212
14370.8;0.114
14371.3;0.104
14371.8;0.1
14372.3;0.102
14372.8;0.198
14373.3;0.074
14373.8;0.099
14374.3;0.109
14374.8;0.019
14375.3;0.03
14375.8;0.104
14376.3;0.145
14376.8;0.063
14377.3;0.126
14377.8;0.038
14378.3;0.044
14378.8;0.096
14379.3;0.018
14379.8;0.156
14380.3;0.127
14380.8;0.031
14381.3;0.023
14381.8;0.017
14382.3;0.077
14382.8;0.083
14383.3;0.109
14383.8;0.078
14384.3;0.06
14384.8;0.012
14385.3;0.102
14385.8;0.113
14386.3;0.054
14386.8;0.102
14387.3;0.089
14387.8;0.032
14388.3;0.048
14388.8;0.059
14389.3;0.15
14389.8;0.123
14390.3;0.104
14390.8;0.088
14391.3;0.033
14391.8;0.012
14392.3;0.011
14392.8;0.081
14393.3;0.095
14393.8;0.062
14394.3;0.048
14394.8;0.078
14395.3;0.04
14395.8;0.019
14396.3;0.022
14396.8;0.05
14397.3;0.017
14397.8;0.091
14398.3;0.082
14398.8;0.057
14399.3;0.035
14399.8;0.039
14400.3;0.137
14400.8;0.102
14401.3;0.063
14401.8;0.059
14402.3;0.027
14402.8;0.108
14403.3;0.058
14403.8;0.134
14404.3;0.108
14404.8;0.081
14405.3;0.099
14405.8;0.05
14406.3;0.038
14406.8;0.025
14407.3;0.094
14407.8;0.111
14408.3;0.043
14408.8;0.049
14409.3;0.061
14409.8;0.108
14410.3;0.101
14410.8;0.156
14411.3;0.09
14411.8;0.028
14412.3;0.028
14412.8;0.069
14413.3;0.107
14413.8;0.063
14414.3;0.143
14414.8;0.122
14415.3;0.086
14415.8;0.046
14416.3;0.042
14416.8;0.01
14417.3;0.06
14417.8;0.083
14418.3;0.087
14418.8;0.06
14419.3;0.068
14419.8;0.025
14420.3;0.087
14420.8;0.058
14421.3;0.065
14421.8;0.069
14422.3;0.01
14422.8;0.083
14423.3;0.072
14423.8;0.092
14424.3;0.091
14424.8;0.074
14425.3;0.025
14425.8;0.034
14426.3;0.015
14426.8;0.072
14427.3;0.107
14427.8;0.089
14428.3;0.092
14428.8;0.073
14429.3;0.081
14429.8;0.054
14430.3;0.03
14430.8;0.048
14431.3;0.048
14431.8;0.083
14432.3;0.07
14432.8;0.031
14433.3;0.051
14433.8;0.062
14434.3;0.068
14434.8;0.068
14435.3;0.061
14435.8;0.069
14436.3;0.054
14436.8;0.026
14437.3;0.092
14437.8;0.098
14438.3;0.061
14438.8;0.089
14439.3;0.07
14439.8;0.052
14440.3;0.027
14440.8;0.033
14441.3;0.021
14441.8;0.094
14442.3;0.067
14442.8;0.104
14443.3;0.091
14443.8;0.046
14444.3;0.017
14444.8;0.045
14445.3;0.045
14445.8;0.066
14446.3;0.036
14446.8;0.078
14447.3;0.087
14447.8;0.093
14448.3;0.067
14448.8;0.071
14449.3;0.023
14449.8;0.054
14450.3;0.061
14450.8;0.037
14451.3;0.045
14451.8;0.057
14452.3;0.079
14452.8;0.083
14453.3;0.084
14453.8;0.102
14454.3;0.1
14454.8;0.052
14455.3;0.062
14455.8;0.042
14456.3;0.03
14456.8;0.074
14457.3;0.035
14457.8;0.076
14458.3;0.051
14458.8;0.037
14459.3;0.041
14459.8;0.019
14460.3;0.037
14460.8;0.067
14461.3;0.011
14461.8;0.04
14462.3;0.087
14462.8;0.067
14463.3;0.1
14463.8;0.107
14464.3;0.061
14464.8;0.04
14465.3;0.058
14465.8;0.045
14466.3;0.137
14466.8;0.124
14467.3;0.074
14467.8;0.138
14468.3;0.051
14468.8;0.087
14469.3;0.055
14469.8;0.009
14470.3;0.131
14470.8;0.138
14471.3;0.162
14471.8;0.138
14472.3;0.043
14472.8;0.052
14473.3;0.028
14473.8;0.023
14474.3;0.066
14474.8;0.086
14475.3;0.072
14475.8;0.118
14476.3;0.049
14476.8;0.021
14477.3;0.051
14477.8;0.049
14478.3;0.036
14478.8;0.054
14479.3;0.018
14479.8;0.062
14480.3;0.04
14480.8;0.126
14481.3;0.167
14481.8;0.116
14482.3;0.056
14482.8;0.122
14483.3;0.103
14483.8;0.142
14484.3;0.062
14484.8;0.045
14485.3;0.176
14485.8;0.162
14486.3;0.013
14486.8;0.172
14487.3;0.128
14487.8;0.06
14488.3;0.119
14488.8;0.07
14489.3;0.178
14489.8;0.142
14490.3;0.029
14490.8;0.216
14491.3;0.187
14491.8;0.029
14492.3;0.118
14492.8;0.087
14493.3;0.123
14493.8;0.1
14494.3;0.062
14494.8;0.127
14495.3;0.091
14495.8;0.052
14496.3;0.13
14496.8;0.097
14497.3;0.013
14497.8;0.068
14498.3;0.03
14498.8;0.032
14499.3;0.082
14499.8;0.105
14500.3;0.118
14500.8;0.111
14501.3;0.146
14501.8;0.049
14502.3;0.081
14502.8;0.001
14503.3;0.048
14503.8;0.147
14504.3;0.019
14504.8;0.136
14505.3;0.093
14505.8;0.087
14506.3;0.1
14506.8;0.068
14507.3;0.048
14507.8;0.026
14508.3;0.028
14508.8;0.052
14509.3;0.094
14509.8;0.118
14510.3;0.097
14510.8;0.129
14511.3;0.046
14511.8;0.029
14512.3;0.024
14512.8;0.055
14513.3;0.077
14513.8;0.092
14514.3;0.11
14514.8;0.086
14515.3;0.179
14515.8;0.067
14516.3;0.166
14516.8;0.085
14517.3;0.024
14517.8;0.031
14518.3;0.167
14518.8;0.114
14519.3;0.191
14519.8;0.166
14520.3;0.181
14520.8;0.139
14521.3;0.084
14521.8;0.05
14522.3;0.105
14522.8;0.216
14523.3;0.177
14523.8;0.388
14524.3;0.078
14524.8;0.366
14525.3;0.036
14525.8;0.16
14526.3;0.027
14526.8;0.154
14527.3;0.105
14527.8;0.287
14528.3;0.203
14528.8;0.271
14529.3;0.283
14529.8;0.241
14530.3;0.271
14530.8;0.196
14531.3;0.244
14531.8;0.196
14532.3;0.143
14532.8;0.2
14533.3;0.047
14533.8;0.127
14534.3;0.035
14534.8;0.195
14535.3;0.157
14535.8;0.22
14536.3;0.101
14536.8;0.081
14537.3;0.093
14537.8;0.036
14538.3;0.207
14538.8;0.069
14539.3;0.24
14539.8;0.023
14540.3;0.177
14540.8;0.086
14541.3;0.032
14541.8;0.114
14542.3;0.089
14542.8;0.158
14543.3;0.047
14543.8;0.212
14544.3;0.215
14544.8;0.126
14545.3;0.215
14545.8;0.06
14546.3;0.134
14546.8;0.031
14547.3;0.039
14547.8;0.07
14548.3;0.096
14548.8;0.114
14549.3;0.147
14549.8;0.082
14550.3;0.147
14550.8;0.112
14551.3;0.079
14551.8;0.128
14552.3;0.082
14552.8;0.101
14553.3;0.04
14553.8;0.185
14554.3;0.052
14554.8;0.068
14555.3;0.098
14555.8;0.039
14556.3;0.143
14556.8;0.04
14557.3;0.016
14557.8;0.098
14558.3;0.086
14558.8;0.068
14559.3;0.098
14559.8;0.211
14560.3;0.101
14560.8;0.115
14561.3;0.126
14561.8;0.137
14562.3;0.148
14562.8;0.045
14563.3;0.089
14563.8;0.071
14564.3;0.163
14564.8;0.02
14565.3;0.173
14565.8;0.151
14566.3;0.072
14566.8;0.051
14567.3;0.048
14567.8;0.04
14568.3;0.1
14568.8;0.093
14569.3;0.027
14569.8;0.092
14570.3;0.109
14570.8;0.04
14571.3;0.185
14571.8;0.066
14572.3;0.077
14572.8;0.133
14573.3;0.086
14573.8;0.043
14574.3;0.148
14574.8;0.157
14575.3;0.108
14575.8;0.135
14576.3;0.084
14576.8;0.2
14577.3;0.188
14577.8;0.065
14578.3;0.091
14578.8;0.105
14579.3;0.044
14579.8;0.08
14580.3;0.049
14580.8;0.058
14581.3;0.041
14581.8;0.033
14582.3;0.033
14582.8;0.049
14583.3;0.151
14583.8;0.091
14584.3;0.015
14584.8;0.101
14585.3;0.098
14585.8;0.119
14586.3;0.185
14586.8;0.177
14587.3;0.252
14587.8;0.223
14588.3;0.154
14588.8;0.234
14589.3;0.119
14589.8;0.183
14590.3;0.189
14590.8;0.146
14591.3;0.152
14591.8;0.091
14592.3;0.082
14592.8;0.146
14593.3;0.093
14593.8;0.158
14594.3;0.08
14594.8;0.115
14595.3;0.155
14595.8;0.101
14596.3;0.143
14596.8;0.111
14597.3;0.14
14597.8;0.059
14598.3;0.105
14598.8;0.036
14599.3;0.059
14599.8;0.086
14600.3;0.038
14600.8;0.128
14601.3;0.051
14601.8;0.05
14602.3;0.111
14602.8;0.115
14603.3;0.039
14603.8;0.041
14604.3;0.116
14604.8;0.058
14605.3;0.079
14605.8;0.006
14606.3;0.024
14606.8;0.054
14607.3;0.072
14607.8;0.006
14608.3;0.102
14608.8;0.135
14609.3;0.069
14609.8;0.105
14610.3;0.068
14610.8;0.058
14611.3;0.068
14611.8;0.072
14612.3;0.03
14612.8;0.061
14613.3;0.026
14613.8;0.015
14614.3;0.053
14614.8;0.145
14615.3;0.098
14615.8;0.149
14616.3;0.09
14616.8;0.076
14617.3;0.045
14617.8;0.016
14618.3;0.031
14618.8;0.014
14619.3;0.145
14619.8;0.102
14620.3;0.099
14620.8;0.087
14621.3;0.06
14621.8;0.106
14622.3;0.143
14622.8;0.058
14623.3;0.04
14623.8;0.073
14624.3;0.101
14624.8;0.038
14625.3;0.062
14625.8;0.07
14626.3;0.088
14626.8;0.11
14627.3;0.128
14627.8;0.12
14628.3;0.101
14628.8;0.012
14629.3;0.035
14629.8;0.084
14630.3;0.084
14630.8;0.066
14631.3;0.202
14631.8;0.059
14632.3;0.057
14632.8;0.051
14633.3;0.046
14633.8;0.048
14634.3;0.06
14634.8;0.126
14635.3;0.112
14635.8;0.112
14636.3;0.115
14636.8;0.093
14637.3;0.05
14637.8;0.052
14638.3;0.055
14638.8;0.088
14639.3;0.032
14639.8;0.013
14640.3;0.06
14640.8;0.022
14641.3;0.042
14641.8;0.109
14642.3;0.175
14642.8;0.081
14643.3;0.075
14643.8;0.094
14644.3;0.026
14644.8;0.023
14645.3;0.061
14645.8;0.042
14646.3;0.125
14646.8;0.121
14647.3;0.132
14647.8;0.112
14648.3;0.043
14648.8;0.032
14649.3;0.062
14649.8;0.078
14650.3;0.051
14650.8;0.078
14651.3;0.142
14651.8;0.034
14652.3;0.029
14652.8;0.026
14653.3;0.065
14653.8;0.06
14654.3;0.068
14654.8;0.053
14655.3;0.066
14655.8;0.011
14656.3;0.106
14656.8;0.051
14657.3;0.135
14657.8;0.021
14658.3;0.071
14658.8;0.096
14659.3;0.044
14659.8;0.022
14660.3;0.064
14660.8;0.042
14661.3;0.133
14661.8;0.049
14662.3;0.104
14662.8;0.075
14663.3;0.079
14663.8;0.106
14664.3;0.105
14664.8;0.102
14665.3;0.133
14665.8;0.1
14666.3;0.008
14666.8;0.041
14667.3;0.09
14667.8;0.039
14668.3;0.102
14668.8;0.028
14669.3;0.16
14669.8;0.117
14670.3;0.046
14670.8;0.075
14671.3;0.104
14671.8;0.044
14672.3;0.021
14672.8;0.066
14673.3;0.086
14673.8;0.14
14674.3;0.086
14674.8;0.064
14675.3;0.071
14675.8;0.017
14676.3;0.032
14676.8;0.084
14677.3;0.156
14677.8;0.121
14678.3;0.021
14678.8;0.046
14679.3;0.078
14679.8;0.09
14680.3;0.042
14680.8;0.069
14681.3;0.153
14681.8;0.146
14682.3;0.097
14682.8;0.111
14683.3;0.169
14683.8;0.103
14684.3;0.016
14684.8;0.114
14685.3;0.108
14685.8;0.14
14686.3;0.059
14686.8;0.115
14687.3;0.13
14687.8;0.106
14688.3;0.076
14688.8;0.06
14689.3;0.123
14689.8;0.085
14690.3;0.074
14690.8;0.077
14691.3;0.127
14691.8;0.11
14692.3;0.091
14692.8;0.032
14693.3;0.133
14693.8;0.088
14694.3;0.027
14694.8;0.137
14695.3;0.174
14695.8;0.12
14696.3;0.054
14696.8;0.119
14697.3;0.129
14697.8;0.078
14698.3;0.028
14698.8;0.088
14699.3;0.101
14699.8;0.088
14700.3;0.023
14700.8;0.037
14701.3;0.059
14701.8;0.109
14702.3;0.109
14702.8;0.048
14703.3;0.074
14703.8;0.005
14704.3;0.032
14704.8;0.046
14705.3;0.106
14705.8;0.083
14706.3;0.108
14706.8;0.085
14707.3;0.011
14707.8;0.084
14708.3;0.069
14708.8;0.035
14709.3;0.07
14709.8;0.11
14710.3;0.109
14710.8;0.052
14711.3;0.1
14711.8;0.115
14712.3;0.08
14712.8;0.069
14713.3;0.036
14713.8;0.093
14714.3;0.082
14714.8;0.032
14715.3;0.045
14715.8;0.115
14716.3;0.128
14716.8;0.083
14717.3;0.029
14717.8;0.082
14718.3;0.082
14718.8;0.096
14719.3;0.071
14719.8;0.061
14720.3;0.078
14720.8;0.089
14721.3;0.05
14721.8;0.051
14722.3;0.129
14722.8;0.082
14723.3;0.044
14723.8;0.052
14724.3;0.112
14724.8;0.08
14725.3;0.042
14725.8;0.078
14726.3;0.082
14726.8;0.028
14727.3;0.023
14727.8;0.029
14728.3;0.066
14728.8;0.103
14729.3;0.121
14729.8;0.021
14730.3;0.053
14730.8;0.072
14731.3;0.06
14731.8;0.051
14732.3;0.064
14732.8;0.084
14733.3;0.08
14733.8;0.056
14734.3;0.032
14734.8;0.142
14735.3;0.129
14735.8;0.032
14736.3;0.037
14736.8;0.042
14737.3;0.039
14737.8;0.027
14738.3;0.119
14738.8;0.104
14739.3;0.067
14739.8;0.058
14740.3;0.054
14740.8;0.048
14741.3;0.074
14741.8;0.126
14742.3;0.086
14742.8;0.052
14743.3;0.099
14743.8;0.128
14744.3;0.094
14744.8;0.038
14745.3;0.028
14745.8;0.023
14746.3;0.028
14746.8;0.006
14747.3;0.076
14747.8;0.078
14748.3;0.074
14748.8;0.038
14749.3;0.029
14749.8;0.017
14750.3;0.051
14750.8;0.116
14751.3;0.109
14751.8;0.061
14752.3;0.032
14752.8;0.086
14753.3;0.099
14753.8;0.066
14754.3;0.023
14754.8;0.029
14755.3;0.03
14755.8;0.014
14756.3;0.091
14756.8;0.095
14757.3;0.078
14757.8;0.078
14758.3;0.047
14758.8;0.052
14759.3;0.082
14759.8;0.096
14760.3;0.057
14760.8;0.022
14761.3;0.045
14761.8;0.108
14762.3;0.105
14762.8;0.067
14763.3;0.092
14763.8;0.043
14764.3;0.022
14764.8;0.051
14765.3;0.11
14765.8;0.09
14766.3;0.046
14766.8;0.015
14767.3;0.047
14767.8;0.081
14768.3;0.085
14768.8;0.099
14769.3;0.088
14769.8;0.042
14770.3;0.096
14770.8;0.079
14771.3;0.099
14771.8;0.046
14772.3;0.095
14772.8;0.049
14773.3;0.006
14773.8;0.016
14774.3;0.071
14774.8;0.078
14775.3;0.026
14775.8;0.062
14776.3;0.077
14776.8;0.036
14777.3;0.067
14777.8;0.086
14778.3;0.037
14778.8;0.024
14779.3;0.069
14779.8;0.184
14780.3;0.102
14780.8;0.033
14781.3;0.09
14781.8;0.076
14782.3;0.029
14782.8;0.025
14783.3;0.079
14783.8;0.143
14784.3;0.027
14784.8;0.061
14785.3;0.07
14785.8;0.061
14786.3;0.088
14786.8;0.038
14787.3;0.035
14787.8;0.01
14788.3;0.045
14788.8;0.106
14789.3;0.095
14789.8;0.06
14790.3;0.084
14790.8;0.051
14791.3;0.073
14791.8;0.073
14792.3;0.043
14792.8;0.055
14793.3;0.069
14793.8;0.085
14794.3;0.072
14794.8;0.07
14795.3;0.042
14795.8;0.122
14796.3;0.015
14796.8;0.047
14797.3;0.132
14797.8;0.061
14798.3;0.059
14798.8;0.041
14799.3;0.05
14799.8;0.093
14800.3;0.087
14800.8;0.116
14801.3;0.085
14801.8;0.014
14802.3;0.073
14802.8;0.079
14803.3;0.114
14803.8;0.086
14804.3;0.091
14804.8;0.053
14805.3;0.053
14805.8;0.017
14806.3;0.117
14806.8;0.065
14807.3;0.036
14807.8;0.023
14808.3;0.059
14808.8;0.052
14809.3;0.067
14809.8;0.072
14810.3;0.019
14810.8;0.05
14811.3;0.049
14811.8;0.082
14812.3;0.129
14812.8;0.076
14813.3;0.086
14813.8;0.095
14814.3;0.036
14814.8;0.091
14815.3;0.075
14815.8;0.091
14816.3;0.099
14816.8;0.032
14817.3;0.018
14817.8;0.072
14818.3;0.057
14818.8;0.043
14819.3;0.009
14819.8;0.052
14820.3;0.099
14820.8;0.096
14821.3;0.09
14821.8;0.112
14822.3;0.025
14822.8;0.023
14823.3;0.085
14823.8;0.093
14824.3;0.084
14824.8;0.134
14825.3;0.048
14825.8;0.034
14826.3;0.102
14826.8;0.118
14827.3;0.067
14827.8;0.085
14828.3;0.011
14828.8;0.026
14829.3;0.03
14829.8;0.084
14830.3;0.082
14830.8;0.043
14831.3;0.054
14831.8;0.077
14832.3;0.061
14832.8;0.078
14833.3;0.089
14833.8;0.034
14834.3;0.033
14834.8;0.022
14835.3;0.085
14835.8;0.063
14836.3;0.071
14836.8;0.004
14837.3;0.063
14837.8;0.05
14838.3;0.035
14838.8;0.044
14839.3;0.026
14839.8;0.071
14840.3;0.082
14840.8;0.043
14841.3;0.04
14841.8;0.038
14842.3;0.025
14842.8;0.081
14843.3;0.045
14843.8;0.059
14844.3;0.06
14844.8;0.053
14845.3;0.028
14845.8;0.063
14846.3;0.079
14846.8;0.026
14847.3;0.041
14847.8;0.075
14848.3;0.09
14848.8;0.022
14849.3;0.116
14849.8;0.083
14850.3;0.095
14850.8;0.084
14851.3;0.06
14851.8;0.14
14852.3;0.045
14852.8;0.051
14853.3;0.069
14853.8;0.047
14854.3;0.01
14854.8;0.125
14855.3;0.093
14855.8;0.04
14856.3;0.047
14856.8;0.108
14857.3;0.066
14857.8;0.017
14858.3;0.033
14858.8;0.078
14859.3;0.113
14859.8;0.146
14860.3;0.086
14860.8;0.052
14861.3;0.02
14861.8;0.066
14862.3;0.051
14862.8;0.061
14863.3;0.035
14863.8;0.038
14864.3;0.029
14864.8;0.025
14865.3;0.052
14865.8;0.043
14866.3;0.01
14866.8;0.027
14867.3;0.088
14867.8;0.048
14868.3;0.03
14868.8;0.041
14869.3;0.023
14869.8;0.078
14870.3;0.097
14870.8;0.035
14871.3;0.042
14871.8;0.022
14872.3;0.101
14872.8;0.08
14873.3;0.053
14873.8;0.028
14874.3;0.039
14874.8;0.052
14875.3;0.026
14875.8;0.098
14876.3;0.027
14876.8;0.025
14877.3;0.107
14877.8;0.102
14878.3;0.016
14878.8;0.107
14879.3;0.06
14879.8;0.044
14880.3;0.051
14880.8;0.074
14881.3;0.064
14881.8;0.025
14882.3;0.052
14882.8;0.073
14883.3;0.067
14883.8;0.043
14884.3;0.013
14884.8;0.08
14885.3;0.045
14885.8;0.068
14886.3;0.12
14886.8;0.055
14887.3;0.033
14887.8;0.093
14888.3;0.113
14888.8;0.015
14889.3;0.047
14889.8;0.058
14890.3;0.082
14890.8;0.073
14891.3;0.069
14891.8;0.036
14892.3;0.066
14892.8;0.059
14893.3;0.092
14893.8;0.072
14894.3;0.032
14894.8;0.005
14895.3;0.03
14895.8;0.034
14896.3;0.032
14896.8;0.072
14897.3;0.08
14897.8;0.124
14898.3;0.09
14898.8;0.07
14899.3;0.056
14899.8;0.053
14900.3;0.031
14900.8;0.075
14901.3;0.048
14901.8;0.071
14902.3;0.046
14902.8;0.081
14903.3;0.051
14903.8;0.079
14904.3;0.04
14904.8;0.032
14905.3;0.057
14905.8;0.057
14906.3;0.066
14906.8;0.083
14907.3;0.042
14907.8;0.015
14908.3;0.029
14908.8;0.078
14909.3;0.076
14909.8;0.052
14910.3;0.031
14910.8;0.089
14911.3;0.06
14911.8;0.062
14912.3;0.05
14912.8;0.023
14913.3;0.084
14913.8;0.056
14914.3;0.008
14914.8;0.049
14915.3;0.029
14915.8;0.084
14916.3;0.095
14916.8;0.07
14917.3;0.034
14917.8;0.039
14918.3;0.101
14918.8;0.048
14919.3;0.03
14919.8;0.051
14920.3;0.052
14920.8;0.073
14921.3;0.081
14921.8;0.055
14922.3;0.068
14922.8;0.056
14923.3;0.03
14923.8;0.101
14924.3;0.037
14924.8;0.09
14925.3;0.082
14925.8;0.028
14926.3;0.056
14926.8;0.021
14927.3;0.035
14927.8;0.079
14928.3;0.044
14928.8;0.065
14929.3;0.065
14929.8;0.057
14930.3;0.07
14930.8;0.039
14931.3;0.014
14931.8;0.077
14932.3;0.038
14932.8;0.04
14933.3;0.031
14933.8;0.071
14934.3;0.066
14934.8;0.06
14935.3;0.025
14935.8;0.096
14936.3;0.088
14936.8;0.038
14937.3;0.051
14937.8;0.068
14938.3;0.059
14938.8;0.113
14939.3;0.081
14939.8;0.056
14940.3;0.015
14940.8;0.044
14941.3;0.068
14941.8;0.099
14942.3;0.03
14942.8;0.086
14943.3;0.054
14943.8;0.007
14944.3;0.013
14944.8;0.075
14945.3;0.044
14945.8;0.082
14946.3;0.038
14946.8;0.067
14947.3;0.041
14947.8;0.051
14948.3;0.116
14948.8;0.043
14949.3;0.023
14949.8;0.047
14950.3;0.014
14950.8;0.035
14951.3;0.029
14951.8;0.102
14952.3;0.067
14952.8;0.025
14953.3;0.013
14953.8;0.039
14954.3;0.029
14954.8;0.059
14955.3;0.104
14955.8;0.058
14956.3;0.014
14956.8;0.056
14957.3;0.031
14957.8;0.062
14958.3;0.026
14958.8;0.042
14959.3;0.032
14959.8;0.02
14960.3;0.013
14960.8;0.123
14961.3;0.108
14961.8;0.09
14962.3;0.085
14962.8;0.04
14963.3;0.041
14963.8;0.025
14964.3;0.009
14964.8;0.128
14965.3;0.059
14965.8;0.075
14966.3;0.084
14966.8;0.041
14967.3;0.012
14967.8;0.127
14968.3;0.102
14968.8;0.113
14969.3;0.06
14969.8;0.033
14970.3;0.029
14970.8;0.118
14971.3;0.057
14971.8;0.121
14972.3;0.039
14972.8;0.038
14973.3;0.037
14973.8;0.033
14974.3;0.058
14974.8;0.153
14975.3;0.065
14975.8;0.118
14976.3;0.005
14976.8;0.031
14977.3;0.051
14977.8;0.075
14978.3;0.03
14978.8;0.096
14979.3;0.059
14979.8;0.06
14980.3;0.035
14980.8;0.031
14981.3;0.087
14981.8;0.063
14982.3;0.066
14982.8;0.035
14983.3;0.065
14983.8;0.037
14984.3;0.076
14984.8;0.086
14985.3;0.089
14985.8;0.08
14986.3;0.069
14986.8;0.056
14987.3;0.002
14987.8;0.083
14988.3;0.072
14988.8;0.143
14989.3;0.062
14989.8;0.063
14990.3;0.021
14990.8;0.077
14991.3;0.057
14991.8;0.102
14992.3;0.021
14992.8;0.042
14993.3;0.035
14993.8;0.117
14994.3;0.058
14994.8;0.098
14995.3;0.065
14995.8;0.092
14996.3;0.009
14996.8;0.048
14997.3;0.021
14997.8;0.03
14998.3;0.05
14998.8;0.036
14999.3;0.017
14999.8;0.065
15000.3;0.053
15000.8;0.077
15001.3;0.049
15001.8;0.046
15002.3;0.023
15002.8;0.096
15003.3;0.057
15003.8;0.067
15004.3;0.036
15004.8;0.036
15005.3;0.014
15005.8;0.017
15006.3;0.012
15006.8;0.049
15007.3;0.03
15007.8;0.052
15008.3;0.071
15008.8;0.082
15009.3;0.111
15009.8;0.034
15010.3;0.021
15010.8;0.02
15011.3;0.033
15011.8;0.08
15012.3;0.105
15012.8;0.123
15013.3;0.143
15013.8;0.04
15014.3;0.008
15014.8;0.045
15015.3;0.008
15015.8;0.045
15016.3;0.044
15016.8;0.053
15017.3;0.053
15017.8;0.077
15018.3;0.08
15018.8;0.054
15019.3;0.077
15019.8;0.05
15020.3;0.034
15020.8;0.049
15021.3;0.078
15021.8;0.074
15022.3;0.113
15022.8;0.133
15023.3;0.03
15023.8;0.07
15024.3;0.017
15024.8;0.038
15025.3;0.062
15025.8;0.085
15026.3;0.109
15026.8;0.138
15027.3;0.075
15027.8;0.056
15028.3;0.077
15028.8;0.061
15029.3;0.085
15029.8;0.002
15030.3;0.101
15030.8;0.106
15031.3;0.104
15031.8;0.08
15032.3;0.152
15032.8;0.057
15033.3;0.052
15033.8;0.071
15034.3;0.053
15034.8;0.096
15035.3;0.055
15035.8;0.071
15036.3;0.114
15036.8;0.058
15037.3;0.08
15037.8;0.101
15038.3;0.047
15038.8;0.141
15039.3;0.075
15039.8;0.04
15040.3;0.094
15040.8;0.063
15041.3;0.013
15041.8;0.085
15042.3;0.008
15042.8;0.135
15043.3;0.162
15043.8;0.065
15044.3;0.09
15044.8;0.059
15045.3;0.033
15045.8;0.039
15046.3;0.065
15046.8;0.158
15047.3;0.058
15047.8;0.211
15048.3;0.154
15048.8;0.058
15049.3;0.134
15049.8;0.082
15050.3;0.096
15050.8;0.049
15051.3;0.11
15051.8;0.113
15052.3;0.101
15052.8;0.122
15053.3;0.025
15053.8;0.096
15054.3;0.054
15054.8;0.077
15055.3;0.077
15055.8;0.041
15056.3;0.137
15056.8;0.077
15057.3;0.102
15057.8;0.027
15058.3;0.047
15058.8;0.092
15059.3;0.093
15059.8;0.046
15060.3;0.077
15060.8;0.073
15061.3;0.061
15061.8;0.07
15062.3;0.064
15062.8;0.055
15063.3;0.086
15063.8;0.059
15064.3;0.138
15064.8;0.046
15065.3;0.116
15065.8;0.039
15066.3;0.106
15066.8;0.06
15067.3;0.117
15067.8;0.035
15068.3;0.091
15068.8;0.042
15069.3;0.103
15069.8;0.09
15070.3;0.058
15070.8;0.07
15071.3;0.141
15071.8;0.077
15072.3;0.1
15072.8;0.061
15073.3;0.04
15073.8;0.06
15074.3;0.047
15074.8;0.056
15075.3;0.12
15075.8;0.078
15076.3;0.119
15076.8;0.059
15077.3;0.007
15077.8;0.052
15078.3;0.067
15078.8;0.061
15079.3;0.104
15079.8;0.115
15080.3;0.001
15080.8;0.087
15081.3;0.022
15081.8;0.02
15082.3;0.063
15082.8;0.091
15083.3;0.033
15083.8;0.09
15084.3;0.155
15084.8;0.002
15085.3;0.099
15085.8;0.081
15086.3;0.043
15086.8;0.076
15087.3;0.078
15087.8;0.071
15088.3;0.097
15088.8;0.079
15089.3;0.049
15089.8;0.089
15090.3;0.057
15090.8;0.082
15091.3;0.134
15091.8;0.018
15092.3;0.015
15092.8;0.051
15093.3;0.071
15093.8;0.035
15094.3;0.131
15094.8;0.07
15095.3;0.064
15095.8;0.058
15096.3;0.009
15096.8;0.04
15097.3;0.082
15097.8;0.052
15098.3;0.052
15098.8;0.063
15099.3;0.052
15099.8;0.104
15100.3;0.037
15100.8;0.086
15101.3;0.116
15101.8;0.029
15102.3;0.015
15102.8;0.031
15103.3;0.047
15103.8;0.063
15104.3;0.036
15104.8;0.125
15105.3;0.065
15105.8;0.079
15106.3;0.051
15106.8;0.048
15107.3;0.01
15107.8;0.079
15108.3;0.009
15108.8;0.061
15109.3;0.063
15109.8;0.102
15110.3;0.084
15110.8;0.126
15111.3;0.015
15111.8;0.096
15112.3;0.041
15112.8;0.028
15113.3;0.039
15113.8;0.1
15114.3;0.019
15114.8;0.059
15115.3;0.07
15115.8;0.056
15116.3;0.03
15116.8;0.063
15117.3;0.1
15117.8;0.023
15118.3;0.047
15118.8;0.064
15119.3;0.028
15119.8;0.049
15120.3;0.076
15120.8;0.046
15121.3;0.141
15121.8;0.041
15122.3;0.03
15122.8;0.024
15123.3;0.061
15123.8;0.021
15124.3;0.054
15124.8;0.104
15125.3;0.067
15125.8;0.108
15126.3;0.064
15126.8;0.06
15127.3;0.107
15127.8;0.069
15128.3;0.036
15128.8;0.059
15129.3;0.129
15129.8;0.098
15130.3;0.09
15130.8;0.098
15131.3;0.084
15131.8;0.146
15132.3;0.094
15132.8;0.061
15133.3;0.046
15133.8;0.043
15134.3;0.045
15134.8;0.096
15135.3;0.095
15135.8;0.045
15136.3;0.111
15136.8;0.077
15137.3;0.1
15137.8;0.145
15138.3;0.005
15138.8;0.032
15139.3;0.022
15139.8;0.071
15140.3;0.017
15140.8;0.058
15141.3;0.056
15141.8;0.048
15142.3;0.093
15142.8;0.027
15143.3;0.048
15143.8;0.068
15144.3;0.042
15144.8;0.022
15145.3;0.058
15145.8;0.1
15146.3;0.055
15146.8;0.096
15147.3;0.128
15147.8;0.096
15148.3;0.1
15148.8;0.025
15149.3;0.089
15149.8;0.044
15150.3;0.007
15150.8;0.014
15151.3;0.018
15151.8;0.075
15152.3;0.047
15152.8;0.043
15153.3;0.058
15153.8;0.062
15154.3;0.062
15154.8;0.042
15155.3;0.052
15155.8;0.023
15156.3;0.07
15156.8;0.071
15157.3;0.078
15157.8;0.116
15158.3;0.086
15158.8;0.138
15159.3;0.113
15159.8;0.095
15160.3;0.111
15160.8;0.144
15161.3;0.115
15161.8;0.058
15162.3;0.032
15162.8;0.067
15163.3;0.035
15163.8;0.092
15164.3;0.104
15164.8;0.139
15165.3;0.12
15165.8;0.099
15166.3;0.109
15166.8;0.131
15167.3;0.068
15167.8;0.062
15168.3;0.035
15168.8;0.1
15169.3;0.04
15169.8;0.108
15170.3;0.095
15170.8;0.101
15171.3;0.147
15171.8;0.144
15172.3;0.146
15172.8;0.146
15173.3;0.108
15173.8;0.153
15174.3;0.141
15174.8;0.109
15175.3;0.078
15175.8;0.058
15176.3;0.064
15176.8;0.077
15177.3;0.058
15177.8;0.056
15178.3;0.061
15178.8;0.103
15179.3;0.136
15179.8;0.113
15180.3;0.106
15180.8;0.154
15181.3;0.151
15181.8;0.118
15182.3;0.028
15182.8;0.061
15183.3;0.098
15183.8;0.031
15184.3;0.024
15184.8;0.071
15185.3;0.066
15185.8;0.02
15186.3;0.074
15186.8;0.031
15187.3;0.032
15187.8;0.051
15188.3;0.094
15188.8;0.104
15189.3;0.112
15189.8;0.143
15190.3;0.091
15190.8;0.12
15191.3;0.094
15191.8;0.088
15192.3;0.113
15192.8;0.037
15193.3;0.066
15193.8;0.057
15194.3;0.087
15194.8;0.064
15195.3;0.067
15195.8;0.049
15196.3;0.031
15196.8;0.057
15197.3;0.082
15197.8;0.08
15198.3;0.067
15198.8;0.043
15199.3;0.035
15199.8;0.008
15200.3;0.028
15200.8;0.075
15201.3;0.058
15201.8;0.064
15202.3;0.05
15202.8;0.066
15203.3;0.059
15203.8;0.061
15204.3;0.105
15204.8;0.052
15205.3;0.026
15205.8;0.083
15206.3;0.048
15206.8;0.036
15207.3;0.04
15207.8;0.016
15208.3;0.027
15208.8;0.103
15209.3;0.105
15209.8;0.032
15210.3;0.051
15210.8;0.087
15211.3;0.076
15211.8;0.002
15212.3;0.042
15212.8;0.053
15213.3;0.047
15213.8;0.025
15214.3;0.004
15214.8;0.009
15215.3;0.03
15215.8;0.039
15216.3;0.035
15216.8;0.079
15217.3;0.044
15217.8;0.029
15218.3;0.019
15218.8;0.094
15219.3;0.089
15219.8;0.025
15220.3;0.064
15220.8;0.09
15221.3;0.022
15221.8;0.022
15222.3;0.045
15222.8;0.061
15223.3;0.075
15223.8;0.116
15224.3;0.096
15224.8;0.093
15225.3;0.083
15225.8;0.073
15226.3;0.038
15226.8;0.015
15227.3;0.029
15227.8;0.019
15228.3;0.035
15228.8;0.047
15229.3;0.024
15229.8;0.031
15230.3;0.054
15230.8;0.061
15231.3;0.054
15231.8;0.057
15232.3;0.066
15232.8;0.041
15233.3;0.062
15233.8;0.084
15234.3;0.069
15234.8;0.044
15235.3;0.026
15235.8;0.034
15236.3;0.033
15236.8;0.039
15237.3;0.035
15237.8;0.064
15238.3;0.056
15238.8;0.027
15239.3;0.066
15239.8;0.095
15240.3;0.113
15240.8;0.084
15241.3;0.059
15241.8;0.048
15242.3;0.02
15242.8;0.018
15243.3;0.083
15243.8;0.077
15244.3;0.079
15244.8;0.055
15245.3;0.045
15245.8;0.031
15246.3;0.027
15246.8;0.035
15247.3;0.055
15247.8;0.018
15248.3;0.049
15248.8;0.046
15249.3;0.052
15249.8;0.034
15250.3;0.07
15250.8;0.065
15251.3;0.064
15251.8;0.091
15252.3;0.044
15252.8;0.071
15253.3;0.056
15253.8;0.048
15254.3;0.058
15254.8;0.052
15255.3;0.036
15255.8;0.064
15256.3;0.071
15256.8;0.037
15257.3;0.056
15257.8;0.057
15258.3;0.026
15258.8;0.005
15259.3;0.038
15259.8;0.072
15260.3;0.066
15260.8;0.074
15261.3;0.058
15261.8;0.059
15262.3;0.045
15262.8;0.013
15263.3;0.062
15263.8;0.049
15264.3;0.083
15264.8;0.041
15265.3;0.057
15265.8;0.074
15266.3;0.038
15266.8;0.041
15267.3;0.032
15267.8;0.061
15268.3;0.083
15268.8;0.046
15269.3;0.047
15269.8;0.035
15270.3;0.029
15270.8;0.048
15271.3;0.106
15271.8;0.064
15272.3;0.063
15272.8;0.069
15273.3;0.031
15273.8;0.045
15274.3;0.063
15274.8;0.034
15275.3;0.074
15275.8;0.055
15276.3;0.035
15276.8;0.055
15277.3;0.061
15277.8;0.028
15278.3;0.06
15278.8;0.092
15279.3;0.094
15279.8;0.074
15280.3;0.026
15280.8;0.053
15281.3;0.033
15281.8;0.052
15282.3;0.057
15282.8;0.061
15283.3;0.044
15283.8;0.084
15284.3;0.054
15284.8;0.057
15285.3;0.02
15285.8;0.038
15286.3;0.037
15286.8;0.039
15287.3;0.073
15287.8;0.069
15288.3;0.039
15288.8;0.107
15289.3;0.077
15289.8;0.043
15290.3;0.073
15290.8;0.063
15291.3;0.061
15291.8;0.031
15292.3;0.017
15292.8;0.058
15293.3;0.022
15293.8;0.052
15294.3;0.05
15294.8;0.078
15295.3;0.056
15295.8;0.062
15296.3;0.024
15296.8;0.047
15297.3;0.067
15297.8;0.085
15298.3;0.051
15298.8;0.082
15299.3;0.057
15299.8;0.058
15300.3;0.053
15300.8;0.055
15301.3;0.037
15301.8;0.017
15302.3;0.072
15302.8;0.042
15303.3;0.071
15303.8;0.055
15304.3;0.089
15304.8;0.07
15305.3;0.073
15305.8;0.064
15306.3;0.083
15306.8;0.052
15307.3;0.051
15307.8;0.041
15308.3;0.03
15308.8;0.071
15309.3;0.044
15309.8;0.056
15310.3;0.03
15310.8;0.037
15311.3;0.032
15311.8;0.063
15312.3;0.029
15312.8;0.049
15313.3;0.037
15313.8;0.033
15314.3;0.038
15314.8;0.05
15315.3;0.072
15315.8;0.081
15316.3;0.083
15316.8;0.058
15317.3;0.074
15317.8;0.036
15318.3;0.024
15318.8;0.055
15319.3;0.089
15319.8;0.074
15320.3;0.053
15320.8;0.059
15321.3;0.061
15321.8;0.044
15322.3;0.035
15322.8;0.045
15323.3;0.067
15323.8;0.045
15324.3;0.055
15324.8;0.039
15325.3;0.021
15325.8;0.036
15326.3;0.044
15326.8;0.08
15327.3;0.058
15327.8;0.045
15328.3;0.056
15328.8;0.057
15329.3;0.055
15329.8;0.05
15330.3;0.048
15330.8;0.042
15331.3;0.072
15331.8;0.052
15332.3;0.058
15332.8;0.044
15333.3;0.022
15333.8;0.055
15334.3;0.046
15334.8;0.069
15335.3;0.052
15335.8;0.049
15336.3;0.06
15336.8;0.055
15337.3;0.069
15337.8;0.065
15338.3;0.053
15338.8;0.051
15339.3;0.031
15339.8;0.019
15340.3;0.023
15340.8;0.045
15341.3;0.032
15341.8;0.042
15342.3;0.047
15342.8;0.027
15343.3;0.049
15343.8;0.075
15344.3;0.062
15344.8;0.053
15345.3;0.065
15345.8;0.093
15346.3;0.075
15346.8;0.04
15347.3;0.034
15347.8;0.059
15348.3;0.045
15348.8;0.047
15349.3;0.039
15349.8;0.034
15350.3;0.068
15350.8;0.029
15351.3;0.054
15351.8;0.059
15352.3;0.013
15352.8;0.042
15353.3;0.063
15353.8;0.053
15354.3;0.049
15354.8;0.036
15355.3;0.075
15355.8;0.021
15356.3;0.057
15356.8;0.047
15357.3;0.022
15357.8;0.033
15358.3;0.045
15358.8;0.043
15359.3;0.065
15359.8;0.07
15360.3;0.052
15360.8;0.024
15361.3;0.013
15361.8;0.073
15362.3;0.075
15362.8;0.048
15363.3;0.069
15363.8;0.059
15364.3;0.037
15364.8;0.02
15365.3;0.039
15365.8;0.052
15366.3;0.011
15366.8;0.045
15367.3;0.054
15367.8;0.04
15368.3;0.069
15368.8;0.069
15369.3;0.059
15369.8;0.014
15370.3;0.083
15370.8;0.11
15371.3;0.07
15371.8;0.012
15372.3;0.014
15372.8;0.029
15373.3;0.088
15373.8;0.069
15374.3;0.074
15374.8;0.052
15375.3;0.012
15375.8;0.006
15376.3;0.045
15376.8;0.04
15377.3;0.006
15377.8;0.036
15378.3;0.038
15378.8;0.015
15379.3;0.027
15379.8;0.08
15380.3;0.093
15380.8;0.079
15381.3;0.048
15381.8;0.055
15382.3;0.033
15382.8;0.08
15383.3;0.009
15383.8;0.068
15384.3;0.036
15384.8;0.033
15385.3;0.089
15385.8;0.116
15386.3;0.104
15386.8;0.08
15387.3;0.058
15387.8;0.105
15388.3;0.129
15388.8;0.125
15389.3;0.155
15389.8;0.127
15390.3;0.16
15390.8;0.151
15391.3;0.112
15391.8;0.084
15392.3;0.104
15392.8;0.152
15393.3;0.125
15393.8;0.11
15394.3;0.106
15394.8;0.143
15395.3;0.157
15395.8;0.107
15396.3;0.16
15396.8;0.228
15397.3;0.186
15397.8;0.143
15398.3;0.151
15398.8;0.122
15399.3;0.112
15399.8;0.073
15400.3;0.023
15400.8;0.02
15401.3;0.031
15401.8;0.073
15402.3;0.127
15402.8;0.112
15403.3;0.113
15403.8;0.082
15404.3;0.106
15404.8;0.101
15405.3;0.085
15405.8;0.06
15406.3;0.025
15406.8;0.001
15407.3;0.055
15407.8;0.107
15408.3;0.118
15408.8;0.076
15409.3;0.087
15409.8;0.127
15410.3;0.105
15410.8;0.055
15411.3;0.022
15411.8;0.038
15412.3;0.029
15412.8;0.051
15413.3;0.078
15413.8;0.075
15414.3;0.074
15414.8;0.095
15415.3;0.098
15415.8;0.076
15416.3;0.056
15416.8;0.056
15417.3;0.039
15417.8;0.015
15418.3;0.022
15418.8;0.06
15419.3;0.065
15419.8;0.061
15420.3;0.058
15420.8;0.085
15421.3;0.087
15421.8;0.049
15422.3;0.036
15422.8;0.04
15423.3;0.023
15423.8;0.062
15424.3;0.069
15424.8;0.059
15425.3;0.071
15425.8;0.074
15426.3;0.065
15426.8;0.047
15427.3;0.019
15427.8;0.022
15428.3;0.028
15428.8;0.061
15429.3;0.09
15429.8;0.1
15430.3;0.123
15430.8;0.067
15431.3;0.074
15431.8;0.07
15432.3;0.013
15432.8;0.017
15433.3;0.03
15433.8;0.032
15434.3;0.09
15434.8;0.096
15435.3;0.103
15435.8;0.065
15436.3;0.054
15436.8;0.037
15437.3;0.006
15437.8;0.034
15438.3;0.078
15438.8;0.077
15439.3;0.086
15439.8;0.064
15440.3;0.128
15440.8;0.097
15441.3;0.06
15441.8;0.025
15442.3;0.039
15442.8;0.024
15443.3;0.071
15443.8;0.063
15444.3;0.082
15444.8;0.072
15445.3;0.103
15445.8;0.065
15446.3;0.057
15446.8;0.026
15447.3;0.053
15447.8;0.026
15448.3;0.096
15448.8;0.116
15449.3;0.129
15449.8;0.049
15450.3;0.066
15450.8;0.048
15451.3;0.002
15451.8;0.057
15452.3;0.075
15452.8;0.063
15453.3;0.09
15453.8;0.095
15454.3;0.117
15454.8;0.065
15455.3;0.088
15455.8;0.029
15456.3;0.057
15456.8;0.028
15457.3;0.079
15457.8;0.074
15458.3;0.065
15458.8;0.073
15459.3;0.04
15459.8;0.041
15460.3;0.058
15460.8;0.022
15461.3;0.072
15461.8;0.015
15462.3;0.07
15462.8;0.095
15463.3;0.041
15463.8;0.039
15464.3;0.103
15464.8;0.063
15465.3;0.066
15465.8;0.031
15466.3;0.052
15466.8;0.08
15467.3;0.073
15467.8;0.052
15468.3;0.059
15468.8;0.019
15469.3;0.025
15469.8;0.063
15470.3;0.076
15470.8;0.032
15471.3;0.088
15471.8;0.023
15472.3;0.056
15472.8;0.044
15473.3;0.043
15473.8;0.07
15474.3;0.056
15474.8;0.077
15475.3;0.066
15475.8;0.059
15476.3;0.081
15476.8;0.03
15477.3;0.069
15477.8;0.039
15478.3;0.06
15478.8;0.071
15479.3;0.066
15479.8;0.075
15480.3;0.027
15480.8;0.05
15481.3;0.059
15481.8;0.034
15482.3;0.087
15482.8;0.03
15483.3;0.049
15483.8;0.068
15484.3;0.068
15484.8;0.048
15485.3;0.053
15485.8;0.058
15486.3;0.079
15486.8;0.051
15487.3;0.065
15487.8;0.058
15488.3;0.06
15488.8;0.049
15489.3;0.051
15489.8;0.062
15490.3;0.069
15490.8;0.028
15491.3;0.053
15491.8;0.036
15492.3;0.038
15492.8;0.049
15493.3;0.054
15493.8;0.053
15494.3;0.121
15494.8;0.036
15495.3;0.058
15495.8;0.025
15496.3;0.05
15496.8;0.03
15497.3;0.056
15497.8;0.047
15498.3;0.054
15498.8;0.071
15499.3;0.04
15499.8;0.052
15500.3;0.034
15500.8;0.055
15501.3;0.071
15501.8;0.037
15502.3;0.047
15502.8;0.031
15503.3;0.053
15503.8;0.055
15504.3;0.126
15504.8;0.056
15505.3;0.101
15505.8;0.083
15506.3;0.066
15506.8;0.028
15507.3;0.044
15507.8;0.031
15508.3;0.092
15508.8;0.059
15509.3;0.044
15509.8;0.036
15510.3;0.039
15510.8;0.036
15511.3;0.049
15511.8;0.044
15512.3;0.102
15512.8;0.073
15513.3;0.072
15513.8;0.067
15514.3;0.058
15514.8;0.028
15515.3;0.014
15515.8;0.032
15516.3;0.057
15516.8;0.058
15517.3;0.069
15517.8;0.029
15518.3;0.068
15518.8;0.057
15519.3;0.058
15519.8;0.063
15520.3;0.062
15520.8;0.029
15521.3;0.021
15521.8;0.03
15522.3;0.047
15522.8;0.051
15523.3;0.087
15523.8;0.079
15524.3;0.057
15524.8;0.058
15525.3;0.007
15525.8;0.004
15526.3;0.017
15526.8;0.039
15527.3;0.072
15527.8;0.064
15528.3;0.087
15528.8;0.045
15529.3;0.016
15529.8;0.05
15530.3;0.097
15530.8;0.055
15531.3;0.057
15531.8;0.048
15532.3;0.045
15532.8;0.042
15533.3;0.033
15533.8;0.061
15534.3;0.087
15534.8;0.079
15535.3;0.063
15535.8;0.031
15536.3;0.069
15536.8;0.02
15537.3;0.036
15537.8;0.048
15538.3;0.039
15538.8;0.034
15539.3;0.055
15539.8;0.042
15540.3;0.064
15540.8;0.062
15541.3;0.082
15541.8;0.061
15542.3;0.089
15542.8;0.052
15543.3;0.093
15543.8;0.127
15544.3;0.06
15544.8;0.056
15545.3;0.012
15545.8;0.057
15546.3;0.019
15546.8;0.058
15547.3;0.037
15547.8;0.04
15548.3;0.065
15548.8;0.122
15549.3;0.039
15549.8;0.039
15550.3;0.11
15550.8;0.105
15551.3;0.079
15551.8;0.114
15552.3;0.065
15552.8;0.112
15553.3;0.113
15553.8;0.008
15554.3;0.11
15554.8;0.072
15555.3;0.08
15555.8;0.142
15556.3;0.039
15556.8;0.04
15557.3;0.102
15557.8;0.106
15558.3;0.093
15558.8;0.074
15559.3;0.049
15559.8;0.095
15560.3;0.051
15560.8;0.064
15561.3;0.127
15561.8;0.022
15562.3;0.134
15562.8;0.057
15563.3;0.071
15563.8;0.16
15564.3;0.095
15564.8;0.115
15565.3;0.126
15565.8;0.124
15566.3;0.099
15566.8;0.013
15567.3;0.043
15567.8;0.097
15568.3;0.051
15568.8;0.085
15569.3;0.052
15569.8;0.101
15570.3;0.136
15570.8;0.055
15571.3;0.193
15571.8;0.072
15572.3;0.121
15572.8;0.064
15573.3;0.118
15573.8;0.083
15574.3;0.07
15574.8;0.183
15575.3;0.073
15575.8;0.112
15576.3;0.089
15576.8;0.059
15577.3;0.036
15577.8;0.147
15578.3;0.089
15578.8;0.063
15579.3;0.066
15579.8;0.007
15580.3;0.058
15580.8;0.09
15581.3;0.079
15581.8;0.131
15582.3;0.067
15582.8;0.09
15583.3;0.047
15583.8;0.075
15584.3;0.073
15584.8;0.076
15585.3;0.022
15585.8;0.086
15586.3;0.082
15586.8;0.042
15587.3;0.052
15587.8;0.122
15588.3;0.057
15588.8;0.104
15589.3;0.049
15589.8;0.027
15590.3;0.011
15590.8;0.092
15591.3;0.028
15591.8;0.089
15592.3;0.012
15592.8;0.047
15593.3;0.047
15593.8;0.051
15594.3;0.066
15594.8;0.1
15595.3;0.063
15595.8;0.057
15596.3;0.037
15596.8;0.039
15597.3;0.043
15597.8;0.12
15598.3;0.011
15598.8;0.077
15599.3;0.079
15599.8;0.063
15600.3;0.018
15600.8;0.083
15601.3;0.066
15601.8;0.104
15602.3;0.057
15602.8;0.03
15603.3;0.017
15603.8;0.036
15604.3;0.028
15604.8;0.032
15605.3;0.054
15605.8;0.092
15606.3;0.045
15606.8;0.06
15607.3;0.055
15607.8;0.049
15608.3;0.088
15608.8;0.047
15609.3;0.075
15609.8;0.098
15610.3;0.032
15610.8;0.048
15611.3;0.101
15611.8;0.051
15612.3;0.07
15612.8;0.078
15613.3;0.086
15613.8;0.039
15614.3;0.011
15614.8;0.029
15615.3;0.048
15615.8;0.106
15616.3;0.07
15616.8;0.036
15617.3;0.029
15617.8;0.031
15618.3;0.027
15618.8;0.066
15619.3;0.087
15619.8;0.108
15620.3;0.024
15620.8;0.025
15621.3;0.004
15621.8;0.044
15622.3;0.122
15622.8;0.056
15623.3;0.072
15623.8;0.077
15624.3;0.067
15624.8;0.057
15625.3;0.071
15625.8;0.093
15626.3;0.133
15626.8;0.072
15627.3;0.04
15627.8;0.033
15628.3;0.027
15628.8;0.055
15629.3;0.064
15629.8;0.034
15630.3;0.068
15630.8;0.099
15631.3;0.064
15631.8;0.012
15632.3;0.049
15632.8;0.108
15633.3;0.055
15633.8;0.144
15634.3;0.109
15634.8;0.06
15635.3;0.075
15635.8;0.039
15636.3;0.064
15636.8;0.108
15637.3;0.153
15637.8;0.057
15638.3;0.091
15638.8;0.108
15639.3;0.04
15639.8;0.109
15640.3;0.069
15640.8;0.113
15641.3;0.15
15641.8;0.062
15642.3;0.064
15642.8;0.048
15643.3;0.089
15643.8;0.137
15644.3;0.041
15644.8;0.062
15645.3;0.142
15645.8;0.153
15646.3;0.033
15646.8;0.052
15647.3;0.028
15647.8;0.128
15648.3;0.179
15648.8;0.103
15649.3;0.048
15649.8;0.071
15650.3;0.101
15650.8;0.084
15651.3;0.062
15651.8;0.103
15652.3;0.164
15652.8;0.104
15653.3;0.018
15653.8;0.024
15654.3;0.021
15654.8;0.172
15655.3;0.071
15655.8;0.057
15656.3;0.13
15656.8;0.062
15657.3;0.02
15657.8;0.067
15658.3;0.052
15658.8;0.066
15659.3;0.094
15659.8;0.101
15660.3;0.12
15660.8;0.025
15661.3;0.053
15661.8;0.046
15662.3;0.106
15662.8;0.091
15663.3;0.092
15663.8;0.117
15664.3;0.059
15664.8;0.035
15665.3;0.056
15665.8;0.047
15666.3;0.082
15666.8;0.105
15667.3;0.078
15667.8;0.118
15668.3;0.014
15668.8;0.1
15669.3;0.046
15669.8;0.061
15670.3;0.06
15670.8;0.066
15671.3;0.036
15671.8;0.046
15672.3;0.026
15672.8;0.055
15673.3;0.052
15673.8;0.056
15674.3;0.134
15674.8;0.065
15675.3;0.031
15675.8;0.055
15676.3;0.073
15676.8;0.042
15677.3;0.046
15677.8;0.088
15678.3;0.106
15678.8;0.026
15679.3;0.074
15679.8;0.017
15680.3;0.058
15680.8;0.071
15681.3;0.019
15681.8;0.126
15682.3;0.099
15682.8;0.105
15683.3;0.104
15683.8;0.012
15684.3;0.083
15684.8;0.055
15685.3;0.086
15685.8;0.085
15686.3;0.025
15686.8;0.111
15687.3;0.058
15687.8;0.044
15688.3;0.068
15688.8;0.05
15689.3;0.074
15689.8;0.008
15690.3;0.099
15690.8;0.065
15691.3;0.065
15691.8;0.113
15692.3;0.031
15692.8;0.121
15693.3;0.073
15693.8;0.026
15694.3;0.106
15694.8;0.092
15695.3;0.059
15695.8;0.035
15696.3;0.096
15696.8;0.101
15697.3;0.022
15697.8;0.086
15698.3;0.1
15698.8;0.062
15699.3;0.075
15699.8;0.027
15700.3;0.1
15700.8;0.043
15701.3;0.09
15701.8;0.054
15702.3;0.032
15702.8;0.101
15703.3;0.044
15703.8;0.127
15704.3;0.132
15704.8;0.019
15705.3;0.064
15705.8;0.005
15706.3;0.106
15706.8;0.037
15707.3;0.107
15707.8;0.145
15708.3;0.097
15708.8;0.075
15709.3;0.039
15709.8;0.08
15710.3;0.092
15710.8;0.073
15711.3;0.017
15711.8;0.079
15712.3;0.093
15712.8;0.07
15713.3;0.055
15713.8;0.121
15714.3;0.128
15714.8;0.085
15715.3;0.038
15715.8;0.037
15716.3;0.105
15716.8;0.05
15717.3;0.044
15717.8;0.031
15718.3;0.089
15718.8;0.116
15719.3;0.076
15719.8;0.016
15720.3;0.089
15720.8;0.119
15721.3;0.051
15721.8;0.044
15722.3;0.072
15722.8;0.034
15723.3;0.04
15723.8;0.035
15724.3;0.043
15724.8;0.064
15725.3;0.099
15725.8;0.044
15726.3;0.044
15726.8;0.058
15727.3;0.12
15727.8;0.052
15728.3;0.043
15728.8;0.074
15729.3;0.084
15729.8;0.082
15730.3;0.078
15730.8;0.084
15731.3;0.093
15731.8;0.085
15732.3;0.086
15732.8;0.138
15733.3;0.053
15733.8;0.059
15734.3;0.067
15734.8;0.037
15735.3;0.018
15735.8;0.117
15736.3;0.047
15736.8;0.08
15737.3;0.17
15737.8;0.137
15738.3;0.13
15738.8;0.102
15739.3;0.093
15739.8;0.111
15740.3;0.045
15740.8;0.108
15741.3;0.082
15741.8;0.053
15742.3;0.065
15742.8;0.132
15743.3;0.114
15743.8;0.119
15744.3;0.103
15744.8;0.152
15745.3;0.1
15745.8;0.076
15746.3;0.057
15746.8;0.049
15747.3;0.04
15747.8;0.059
15748.3;0.006
15748.8;0.054
15749.3;0.072
15749.8;0.027
15750.3;0.008
15750.8;0.038
15751.3;0.023
15751.8;0.045
15752.3;0.052
15752.8;0.037
15753.3;0.038
15753.8;0.048
15754.3;0.05
15754.8;0.073
15755.3;0.115
15755.8;0.087
15756.3;0.097
15756.8;0.143
15757.3;0.136
15757.8;0.133
15758.3;0.076
15758.8;0.095
15759.3;0.111
15759.8;0.135
15760.3;0.019
15760.8;0.009
15761.3;0.014
15761.8;0.029
15762.3;0.032
15762.8;0.016
15763.3;0.067
15763.8;0.068
15764.3;0.053
15764.8;0.033
15765.3;0.06
15765.8;0.062
15766.3;0.045
15766.8;0.071
15767.3;0.072
15767.8;0.042
15768.3;0.023
15768.8;0.028
15769.3;0.055
15769.8;0.036
15770.3;0.057
15770.8;0.091
15771.3;0.069
15771.8;0.046
15772.3;0.074
15772.8;0.073
15773.3;0.022
15773.8;0.048
15774.3;0.03
15774.8;0.053
15775.3;0.065
15775.8;0.075
15776.3;0.051
15776.8;0.07
15777.3;0.043
15777.8;0.047
15778.3;0.026
15778.8;0.012
15779.3;0.043
15779.8;0.058
15780.3;0.088
15780.8;0.087
15781.3;0.086
15781.8;0.081
15782.3;0.086
15782.8;0.041
15783.3;0.078
15783.8;0.042
15784.3;0.042
15784.8;0.044
15785.3;0.045
15785.8;0.038
15786.3;0.036
15786.8;0.04
15787.3;0.066
15787.8;0.04
15788.3;0.059
15788.8;0.058
15789.3;0.036
15789.8;0.057
15790.3;0.051
15790.8;0.065
15791.3;0.047
15791.8;0.07
15792.3;0.082
15792.8;0.07
15793.3;0.049
15793.8;0.074
15794.3;0.021
15794.8;0.004
15795.3;0.024
15795.8;0.024
15796.3;0.019
15796.8;0.057
15797.3;0.066
15797.8;0.052
15798.3;0.022
15798.8;0.028
15799.3;0.035
15799.8;0.051
15800.3;0.006
15800.8;0.013
15801.3;0.016
15801.8;0.054
15802.3;0.052
15802.8;0.054
15803.3;0.064
15803.8;0.099
15804.3;0.095
15804.8;0.102
15805.3;0.063
15805.8;0.101
15806.3;0.072
15806.8;0.02
15807.3;0.073
15807.8;0.116
15808.3;0.084
15808.8;0.08
15809.3;0.091
15809.8;0.087
15810.3;0.087
15810.8;0.074
15811.3;0.086
15811.8;0.115
15812.3;0.132
15812.8;0.129
15813.3;0.191
15813.8;0.165
15814.3;0.124
15814.8;0.105
15815.3;0.099
15815.8;0.093
15816.3;0.087
15816.8;0.092
15817.3;0.103
15817.8;0.112
15818.3;0.072
15818.8;0.049
15819.3;0.059
15819.8;0.026
15820.3;0.041
15820.8;0.029
15821.3;0.022
15821.8;0.031
15822.3;0.038
15822.8;0.071
15823.3;0.098
15823.8;0.078
15824.3;0.121
15824.8;0.124
15825.3;0.071
15825.8;0.095
15826.3;0.068
15826.8;0.062
15827.3;0.047
15827.8;0.033
15828.3;0.069
15828.8;0.044
15829.3;0.064
15829.8;0.092
15830.3;0.065
15830.8;0.084
15831.3;0.061
15831.8;0.076
15832.3;0.099
15832.8;0.06
15833.3;0.049
15833.8;0.047
15834.3;0.074
15834.8;0.071
15835.3;0.08
15835.8;0.076
15836.3;0.092
15836.8;0.086
15837.3;0.057
15837.8;0.058
15838.3;0.042
15838.8;0.069
15839.3;0.061
15839.8;0.041
15840.3;0.044
15840.8;0.048
15841.3;0.085
15841.8;0.082
15842.3;0.07
15842.8;0.041
15843.3;0.054
15843.8;0.101
15844.3;0.066
15844.8;0.062
15845.3;0.044
15845.8;0.025
15846.3;0.045
15846.8;0.035
15847.3;0.062
15847.8;0.043
15848.3;0.06
15848.8;0.053
15849.3;0.02
15849.8;0.043
15850.3;0.063
15850.8;0.059
15851.3;0.069
15851.8;0.058
15852.3;0.069
15852.8;0.06
15853.3;0.047
15853.8;0.023
15854.3;0.009
15854.8;0.017
15855.3;0.012
15855.8;0.034
15856.3;0.043
15856.8;0.058
15857.3;0.069
15857.8;0.07
15858.3;0.086
15858.8;0.057
15859.3;0.021
15859.8;0.014
15860.3;0.016
15860.8;0.057
15861.3;0.044
15861.8;0.069
15862.3;0.058
15862.8;0.077
15863.3;0.071
15863.8;0.086
15864.3;0.063
15864.8;0.034
15865.3;0.012
15865.8;0.06
15866.3;0.072
15866.8;0.075
15867.3;0.044
15867.8;0.059
15868.3;0.062
15868.8;0.073
15869.3;0.065
15869.8;0.058
15870.3;0.064
15870.8;0.016
15871.3;0.052
15871.8;0.061
15872.3;0.065
15872.8;0.064
15873.3;0.037
15873.8;0.081
15874.3;0.05
15874.8;0.036
15875.3;0.03
15875.8;0.043
15876.3;0.08
15876.8;0.062
15877.3;0.091
15877.8;0.07
15878.3;0.071
15878.8;0.061
15879.3;0.038
15879.8;0.088
15880.3;0.058
15880.8;0.081
15881.3;0.08
15881.8;0.054
15882.3;0.057
15882.8;0.036
15883.3;0.025
15883.8;0.038
15884.3;0.045
15884.8;0.103
15885.3;0.072
15885.8;0.074
15886.3;0.053
15886.8;0.028
15887.3;0.029
15887.8;0.033
15888.3;0.016
15888.8;0.066
15889.3;0.083
15889.8;0.089
15890.3;0.068
15890.8;0.05
15891.3;0.085
15891.8;0.062
15892.3;0.056
15892.8;0.082
15893.3;0.032
15893.8;0.07
15894.3;0.067
15894.8;0.083
15895.3;0.087
15895.8;0.065
15896.3;0.034
15896.8;0.053
15897.3;0.041
15897.8;0.07
15898.3;0.086
15898.8;0.065
15899.3;0.071
15899.8;0.051
15900.3;0.059
15900.8;0.059
15901.3;0.06
15901.8;0.061
15902.3;0.055
15902.8;0.02
15903.3;0.062
15903.8;0.081
15904.3;0.078
15904.8;0.063
15905.3;0.064
15905.8;0.071
15906.3;0.056
15906.8;0.035
15907.3;0.011
15907.8;0.032
15908.3;0.031
15908.8;0.039
15909.3;0.053
15909.8;0.054
15910.3;0.054
15910.8;0.064
15911.3;0.041
15911.8;0.06
15912.3;0.052
15912.8;0.056
15913.3;0.043
15913.8;0.067
15914.3;0.052
15914.8;0.074
15915.3;0.067
15915.8;0.042
15916.3;0.029
15916.8;0.058
15917.3;0.023
15917.8;0.07
15918.3;0.059
15918.8;0.039
15919.3;0.045
15919.8;0.073
15920.3;0.06
15920.8;0.078
15921.3;0.062
15921.8;0.099
15922.3;0.054
15922.8;0.026
15923.3;0.024
15923.8;0.035
15924.3;0.029
15924.8;0.069
15925.3;0.033
15925.8;0.04
15926.3;0.022
15926.8;0.027
15927.3;0.085
15927.8;0.053
15928.3;0.068
15928.8;0.053
15929.3;0.065
15929.8;0.08
15930.3;0.09
15930.8;0.085
15931.3;0.03
15931.8;0.025
15932.3;0.035
15932.8;0.048
15933.3;0.077
15933.8;0.057
15934.3;0.045
15934.8;0.05
15935.3;0.034
15935.8;0.031
15936.3;0.052
15936.8;0.04
15937.3;0.041
15937.8;0.05
15938.3;0.081
15938.8;0.101
15939.3;0.044
15939.8;0.063
15940.3;0.018
15940.8;0.024
15941.3;0.043
15941.8;0.03
15942.3;0.041
15942.8;0.061
15943.3;0.066
15943.8;0.078
15944.3;0.028
15944.8;0.048
15945.3;0.06
15945.8;0.08
15946.3;0.059
15946.8;0.06
15947.3;0.066
15947.8;0.049
15948.3;0.021
15948.8;0.057
15949.3;0.058
15949.8;0.079
15950.3;0.089
15950.8;0.047
15951.3;0.028
15951.8;0.075
15952.3;0.065
15952.8;0.075
15953.3;0.073
15953.8;0.051
15954.3;0.066
15954.8;0.052
15955.3;0.068
15955.8;0.04
15956.3;0.041
15956.8;0.025
15957.3;0.04
15957.8;0.076
15958.3;0.089
15958.8;0.055
15959.3;0.04
15959.8;0.027
15960.3;0.024
15960.8;0.056
15961.3;0.107
15961.8;0.085
15962.3;0.051
15962.8;0.052
15963.3;0.053
15963.8;0.042
15964.3;0.058
15964.8;0.047
15965.3;0.074
15965.8;0.09
15966.3;0.107
15966.8;0.093
15967.3;0.027
15967.8;0.041
15968.3;0.013
15968.8;0.068
15969.3;0.08
15969.8;0.132
15970.3;0.061
15970.8;0.045
15971.3;0.035
15971.8;0.048
15972.3;0.074
15972.8;0.113
15973.3;0.052
15973.8;0.024
15974.3;0.056
15974.8;0.064
15975.3;0.059
15975.8;0.104
15976.3;0.08
15976.8;0.055
15977.3;0.085
15977.8;0.073
15978.3;0.054
15978.8;0.031
15979.3;0.033
15979.8;0.054
15980.3;0.073
15980.8;0.081
15981.3;0.103
15981.8;0.055
15982.3;0.05
15982.8;0.059
15983.3;0.093
15983.8;0.108
15984.3;0.042
15984.8;0.056
15985.3;0.034
15985.8;0.047
15986.3;0.082
15986.8;0.064
15987.3;0.055
15987.8;0.045
15988.3;0.03
15988.8;0.054
15989.3;0.071
15989.8;0.084
15990.3;0.067
15990.8;0.025
15991.3;0.021
15991.8;0.082
15992.3;0.06
15992.8;0.069
15993.3;0.067
15993.8;0.031
15994.3;0.093
15994.8;0.056
15995.3;0.077
15995.8;0.057
15996.3;0.02
15996.8;0.029
15997.3;0.056
15997.8;0.03
15998.3;0.079
15998.8;0.081
15999.3;0.049
15999.8;0.084
16000.3;0.058
16000.8;0.057
16001.3;0.052
16001.8;0.011
16002.3;0.03
16002.8;0.052
16003.3;0.043
16003.8;0.056
16004.3;0.068
16004.8;0.047
16005.3;0.069
16005.8;0.025
16006.3;0.028
16006.8;0.051
16007.3;0.042
16007.8;0.031
16008.3;0.053
16008.8;0.012
16009.3;0.067
16009.8;0.04
16010.3;0.056
16010.8;0.057
16011.3;0.037
16011.8;0.027
16012.3;0.069
16012.8;0.03
16013.3;0.047
16013.8;0.028
16014.3;0.04
16014.8;0.041
16015.3;0.056
16015.8;0.054
16016.3;0.056
16016.8;0.038
16017.3;0.032
16017.8;0.033
16018.3;0.086
16018.8;0.044
16019.3;0.038
16019.8;0.034
16020.3;0.043
16020.8;0.049
16021.3;0.079
16021.8;0.042
16022.3;0.05
16022.8;0.023
16023.3;0.04
16023.8;0.045
16024.3;0.066
16024.8;0.043
16025.3;0.048
16025.8;0.031
16026.3;0.054
16026.8;0.048
16027.3;0.054
16027.8;0.041
16028.3;0.045
16028.8;0.042
16029.3;0.058
16029.8;0.045
16030.3;0.056
16030.8;0.027
16031.3;0.038
16031.8;0.034
16032.3;0.057
16032.8;0.055
16033.3;0.062
16033.8;0.032
16034.3;0.036
16034.8;0.03
16035.3;0.051
16035.8;0.053
16036.3;0.064
16036.8;0.04
16037.3;0.044
16037.8;0.027
16038.3;0.048
16038.8;0.054
16039.3;0.062
16039.8;0.043
16040.3;0.041
16040.8;0.03
16041.3;0.049
16041.8;0.053
16042.3;0.064
16042.8;0.044
16043.3;0.042
16043.8;0.025
16044.3;0.045
16044.8;0.051
16045.3;0.064
16045.8;0.047
16046.3;0.044
16046.8;0.024
16047.3;0.044
16047.8;0.052
16048.3;0.066
16048.8;0.049
16049.3;0.045
16049.8;0.025
16050.3;0.044
16050.8;0.049
16051.3;0.066
16051.8;0.046
16052.3;0.044
16052.8;0.023
16053.3;0.045
16053.8;0.05
16054.3;0.069
16054.8;0.051
16055.3;0.048
16055.8;0.02
16056.3;0.039
16056.8;0.051
16057.3;0.068
16057.8;0.053
16058.3;0.053
16058.8;0.021
16059.3;0.037
16059.8;0.045
16060.3;0.067
16060.8;0.055
16061.3;0.057
16061.8;0.028
16062.3;0.038
16062.8;0.04
16063.3;0.066
16063.8;0.055
16064.3;0.056
16064.8;0.025
16065.3;0.034
16065.8;0.038
16066.3;0.063
16066.8;0.056
16067.3;0.062
16067.8;0.026
16068.3;0.033
16068.8;0.041
16069.3;0.064
16069.8;0.055
16070.3;0.061
16070.8;0.032
16071.3;0.035
16071.8;0.035
16072.3;0.063
16072.8;0.056
16073.3;0.059
16073.8;0.03
16074.3;0.034
16074.8;0.035
16075.3;0.062
16075.8;0.056
16076.3;0.063
16076.8;0.033
16077.3;0.034
16077.8;0.032
16078.3;0.061
16078.8;0.055
16079.3;0.062
16079.8;0.035
16080.3;0.034
16080.8;0.032
16081.3;0.056
16081.8;0.054
16082.3;0.062
16082.8;0.038
16083.3;0.037
16083.8;0.031
16084.3;0.054
16084.8;0.051
16085.3;0.061
16085.8;0.039
16086.3;0.039
16086.8;0.03
16087.3;0.053
16087.8;0.051
16088.3;0.062
16088.8;0.04
16089.3;0.04
16089.8;0.033
16090.3;0.048
16090.8;0.048
16091.3;0.059
16091.8;0.042
16092.3;0.043
16092.8;0.031
16093.3;0.048
16093.8;0.05
16094.3;0.058
16094.8;0.045
16095.3;0.045
16095.8;0.031
16096.3;0.045
16096.8;0.047
16097.3;0.057
16097.8;0.044
16098.3;0.043
16098.8;0.034
16099.3;0.046
16099.8;0.045
16100.3;0.059
16100.8;0.047
16101.3;0.045
16101.8;0.031
16102.3;0.046
16102.8;0.046
16103.3;0.055
16103.8;0.048
16104.3;0.05
16104.8;0.033
16105.3;0.042
16105.8;0.044
16106.3;0.053
16106.8;0.042
16107.3;0.048
16107.8;0.037
16108.3;0.041
16108.8;0.04
16109.3;0.051
16109.8;0.044
16110.3;0.043
16110.8;0.038
16111.3;0.047
16111.8;0.041
16112.3;0.05
16112.8;0.044
16113.3;0.047
16113.8;0.038
16114.3;0.048
16114.8;0.042
16115.3;0.05
16115.8;0.042
16116.3;0.048
16116.8;0.039
16117.3;0.045
16117.8;0.043
16118.3;0.05
16118.8;0.043
16119.3;0.047
16119.8;0.041
16120.3;0.047
16120.8;0.041
16121.3;0.048
16121.8;0.044
16122.3;0.047
16122.8;0.041
16123.3;0.047
16123.8;0.04
16124.3;0.046
16124.8;0.042
16125.3;0.048
16125.8;0.042
16126.3;0.047
16126.8;0.042
16127.3;0.048
16127.8;0.043
16128.3;0.046
16128.8;0.043
16129.3;0.048
16129.8;0.042
16130.3;0.047
16130.8;0.042
16131.3;0.048
16131.8;0.043
16132.3;0.049
16132.8;0.043
16133.3;0.046
16133.8;0.04
16134.3;0.045
16134.8;0.041
16135.3;0.046
16135.8;0.045
16136.3;0.046
16136.8;0.039
16137.3;0.048
16137.8;0.046
16138.3;0.046
16138.8;0.045
16139.3;0.049
16139.8;0.041
16140.3;0.043
16140.8;0.045
16141.3;0.05
16141.8;0.041
16142.3;0.046
16142.8;0.045
16143.3;0.046
16143.8;0.041
16144.3;0.05
16144.8;0.044
16145.3;0.039
16145.8;0.038
16146.3;0.046
16146.8;0.041
16147.3;0.042
16147.8;0.046
16148.3;0.049
16148.8;0.039
16149.3;0.049
16149.8;0.051
16150.3;0.047
16150.8;0.04
16151.3;0.049
16151.8;0.043
16152.3;0.042
16152.8;0.041
16153.3;0.049
16153.8;0.041
16154.3;0.041
16154.8;0.044
16155.3;0.047
16155.8;0.039
16156.3;0.047
16156.8;0.047
16157.3;0.046
16157.8;0.043
16158.3;0.048
16158.8;0.045
16159.3;0.046
16159.8;0.045
16160.3;0.048
16160.8;0.044
16161.3;0.044
16161.8;0.045
16162.3;0.045
16162.8;0.043
16163.3;0.045
16163.8;0.044
16164.3;0.046
16164.8;0.044
16165.3;0.045
16165.8;0.044
16166.3;0.047
16166.8;0.044
16167.3;0.046
16167.8;0.046
16168.3;0.047
16168.8;0.045
16169.3;0.045
16169.8;0.044
16170.3;0.045
16170.8;0.044
16171.3;0.047
16171.8;0.043
16172.3;0.045
16172.8;0.046
16173.3;0.047
16173.8;0.045
16174.3;0.052
16174.8;0.049
16175.3;0.045
16175.8;0.049
16176.3;0.053
16176.8;0.044
16177.3;0.041
16177.8;0.049
16178.3;0.044
16178.8;0.035
16179.3;0.043
16179.8;0.052
16180.3;0.039
16180.8;0.038
16181.3;0.054
16181.8;0.052
16182.3;0.034
16182.8;0.048
16183.3;0.06
16183.8;0.041
16184.3;0.036
16184.8;0.059
16185.3;0.052
16185.8;0.03
16186.3;0.053
16186.8;0.062
16187.3;0.032
16187.8;0.03
16188.3;0.056
16188.8;0.051
16189.3;0.013
16189.8;0.044
16190.3;0.061
16190.8;0.039
16191.3;0.027
16191.8;0.069
16192.3;0.065
16192.8;0.031
16193.3;0.059
16193.8;0.084
16194.3;0.049
16194.8;0.042
16195.3;0.077
16195.8;0.066
16196.3;0.025
16196.8;0.063
16197.3;0.07
16197.8;0.034
16198.3;0.039
16198.8;0.066
16199.3;0.051
16199.8;0.02
16200.3;0.046
16200.8;0.067
16201.3;0.037
16201.8;0.036
16202.3;0.065
16202.8;0.064
16203.3;0.037
16203.8;0.066
16204.3;0.068
16204.8;0.048
16205.3;0.054
16205.8;0.068
16206.3;0.043
16206.8;0.041
16207.3;0.049
16207.8;0.037
16208.3;0.023
16208.8;0.035
16209.3;0.028
16209.8;0.02
16210.3;0.028
16210.8;0.047
16211.3;0.031
16211.8;0.037
16212.3;0.062
16212.8;0.062
16213.3;0.033
16213.8;0.074
16214.3;0.074
16214.8;0.04
16215.3;0.059
16215.8;0.086
16216.3;0.039
16216.8;0.034
16217.3;0.074
16217.8;0.065
16218.3;0.007
16218.8;0.051
16219.3;0.077
16219.8;0.062
16220.3;0.011
16220.8;0.081
16221.3;0.092
16221.8;0.036
16222.3;0.067
16222.8;0.123
16223.3;0.07
16223.8;0.044
16224.3;0.123
16224.8;0.109
16225.3;0.006
16225.8;0.092
16226.3;0.105
16226.8;0.038
16227.3;0.07
16227.8;0.098
16228.3;0.058
16228.8;0.032
16229.3;0.082
16229.8;0.099
16230.3;0.06
16230.8;0.02
16231.3;0.094
16231.8;0.115
16232.3;0.04
16232.8;0.061
16233.3;0.105
16233.8;0.068
16234.3;0.042
16234.8;0.104
16235.3;0.076
16235.8;0.004
16236.3;0.085
16236.8;0.09
16237.3;0.035
16237.8;0.028
16238.3;0.067
16238.8;0.072
16239.3;0.031
16239.8;0.035
16240.3;0.08
16240.8;0.073
16241.3;0.019
16241.8;0.087
16242.3;0.09
16242.8;0.049
16243.3;0.068
16243.8;0.097
16244.3;0.052
16244.8;0.056
16245.3;0.086
16245.8;0.064
16246.3;0.044
16246.8;0.066
16247.3;0.058
16247.8;0.035
16248.3;0.041
16248.8;0.052
16249.3;0.037
16249.8;0.039
16250.3;0.052
16250.8;0.058
16251.3;0.043
16251.8;0.063
16252.3;0.057
16252.8;0.045
16253.3;0.061
16253.8;0.066
16254.3;0.046
16254.8;0.063
16255.3;0.079
16255.8;0.048
16256.3;0.043
16256.8;0.057
16257.3;0.046
16257.8;0.022
16258.3;0.019
16258.8;0.049
16259.3;0.045
16259.8;0.021
16260.3;0.042
16260.8;0.074
16261.3;0.039
16261.8;0.051
16262.3;0.089
16262.8;0.076
16263.3;0.036
16263.8;0.073
16264.3;0.065
16264.8;0.024
16265.3;0.067
16265.8;0.075
16266.3;0.044
16266.8;0.046
16267.3;0.086
16267.8;0.083
16268.3;0.046
16268.8;0.052
16269.3;0.078
16269.8;0.079
16270.3;0.025
16270.8;0.042
16271.3;0.049
16271.8;0.03
16272.3;0.08
16272.8;0.106
16273.3;0.094
16273.8;0.087
16274.3;0.108
16274.8;0.089
16275.3;0.046
16275.8;0.029
16276.3;0.025
16276.8;0.01
16277.3;0.032
16277.8;0.031
16278.3;0.033
16278.8;0.028
16279.3;0.052
16279.8;0.072
16280.3;0.068
16280.8;0.064
16281.3;0.056
16281.8;0.053
16282.3;0.022
16282.8;0.024
16283.3;0.051
16283.8;0.059
16284.3;0.081
16284.8;0.087
16285.3;0.091
16285.8;0.078
16286.3;0.07
16286.8;0.066
16287.3;0.048
16287.8;0.046
16288.3;0.023
16288.8;0.018
16289.3;0.015
16289.8;0.034
16290.3;0.06
16290.8;0.073
16291.3;0.086
16291.8;0.087
16292.3;0.081
16292.8;0.067
16293.3;0.052
16293.8;0.042
16294.3;0.055
16294.8;0.059
16295.3;0.078
16295.8;0.077
16296.3;0.082
16296.8;0.075
16297.3;0.068
16297.8;0.064
16298.3;0.047
16298.8;0.041
16299.3;0.018
16299.8;0.02
16300.3;0.05
16300.8;0.07
16301.3;0.099
16301.8;0.105
16302.3;0.122
16302.8;0.117
16303.3;0.101
16303.8;0.078
16304.3;0.05
16304.8;0.036
16305.3;0.033
16305.8;0.049
16306.3;0.073
16306.8;0.077
16307.3;0.103
16307.8;0.109
16308.3;0.119
16308.8;0.113
16309.3;0.11
16309.8;0.106
16310.3;0.078
16310.8;0.052
16311.3;0.008
16311.8;0.013
16312.3;0.055
16312.8;0.082
16313.3;0.11
16313.8;0.109
16314.3;0.114
16314.8;0.109
16315.3;0.099
16315.8;0.082
16316.3;0.057
16316.8;0.057
16317.3;0.059
16317.8;0.073
16318.3;0.095
16318.8;0.1
16319.3;0.122
16319.8;0.123
16320.3;0.129
16320.8;0.112
16321.3;0.091
16321.8;0.067
16322.3;0.03
16322.8;0.015
16323.3;0.048
16323.8;0.076
16324.3;0.112
16324.8;0.13
16325.3;0.155
16325.8;0.159
16326.3;0.161
16326.8;0.155
16327.3;0.142
16327.8;0.127
16328.3;0.098
16328.8;0.083
16329.3;0.059
16329.8;0.056
16330.3;0.063
16330.8;0.068
16331.3;0.088
16331.8;0.088
16332.3;0.094
16332.8;0.087
16333.3;0.076
16333.8;0.061
16334.3;0.04
16334.8;0.028
16335.3;0.019
16335.8;0.035
16336.3;0.061
16336.8;0.073
16337.3;0.098
16337.8;0.103
16338.3;0.122
16338.8;0.123
16339.3;0.135
16339.8;0.136
16340.3;0.14
16340.8;0.138
16341.3;0.138
16341.8;0.134
16342.3;0.123
16342.8;0.114
16343.3;0.097
16343.8;0.085
16344.3;0.062
16344.8;0.052
16345.3;0.041
16345.8;0.045
16346.3;0.062
16346.8;0.07
16347.3;0.084
16347.8;0.082
16348.3;0.086
16348.8;0.076
16349.3;0.059
16349.8;0.048
16350.3;0.03
16350.8;0.042
16351.3;0.065
16351.8;0.084
16352.3;0.111
16352.8;0.127
16353.3;0.155
16353.8;0.159
16354.3;0.167
16354.8;0.166
16355.3;0.162
16355.8;0.149
16356.3;0.127
16356.8;0.107
16357.3;0.084
16357.8;0.065
16358.3;0.039
16358.8;0.031
16359.3;0.029
16359.8;0.033
16360.3;0.043
16360.8;0.047
16361.3;0.043
16361.8;0.04
16362.3;0.028
16362.8;0.025
16363.3;0.014
16363.8;0.018
16364.3;0.03
16364.8;0.039
16365.3;0.058
16365.8;0.063
16366.3;0.075
16366.8;0.075
16367.3;0.084
16367.8;0.081
16368.3;0.086
16368.8;0.082
16369.3;0.085
16369.8;0.08
16370.3;0.083
16370.8;0.081
16371.3;0.082
16371.8;0.081
16372.3;0.08
16372.8;0.078
16373.3;0.076
16373.8;0.072
16374.3;0.066
16374.8;0.064
16375.3;0.054
16375.8;0.05
16376.3;0.039
16376.8;0.036
16377.3;0.02
16377.8;0.014
16378.3;0.004
16378.8;0.004
16379.3;0.019
16379.8;0.023
16380.3;0.035
16380.8;0.039
16381.3;0.051
16381.8;0.054
16382.3;0.066
16382.8;0.067
16383.3;0.077
16383.8;0.078
16384.3;0.084
16384.8;0.084
16385.3;0.086
16385.8;0.081
16386.3;0.076
16386.8;0.071
16387.3;0.063
16387.8;0.054
16388.3;0.044
16388.8;0.039
16389.3;0.036
16389.8;0.037
16390.3;0.048
16390.8;0.052
16391.3;0.056
16391.8;0.057
16392.3;0.056
16392.8;0.053
16393.3;0.043
16393.8;0.037
16394.3;0.024
16394.8;0.01
16395.3;0.013
16395.8;0.019
16396.3;0.034
16396.8;0.044
16397.3;0.06
16397.8;0.062
16398.3;0.069
16398.8;0.068
16399.3;0.072
16399.8;0.069
16400.3;0.064
16400.8;0.058
16401.3;0.053
16401.8;0.049
16402.3;0.047
16402.8;0.048
16403.3;0.05
16403.8;0.046
16404.3;0.048
16404.8;0.046
16405.3;0.047
16405.8;0.045
16406.3;0.045
16406.8;0.04
16407.3;0.037
16407.8;0.036
16408.3;0.038
16408.8;0.039
16409.3;0.043
16409.8;0.043
16410.3;0.046
16410.8;0.045
16411.3;0.05
16411.8;0.049
16412.3;0.049
16412.8;0.047
16413.3;0.044
16413.8;0.041
16414.3;0.04
16414.8;0.04
16415.3;0.039
16415.8;0.04
16416.3;0.044
16416.8;0.044
16417.3;0.049
16417.8;0.05
16418.3;0.052
16418.8;0.051
16419.3;0.051
16419.8;0.049
16420.3;0.047
16420.8;0.044
16421.3;0.043
16421.8;0.041
16422.3;0.041
16422.8;0.043
16423.3;0.045
16423.8;0.046
16424.3;0.045
16424.8;0.045
16425.3;0.049
16425.8;0.05
16426.3;0.05
16426.8;0.047
16427.3;0.044
16427.8;0.043
16428.3;0.046
16428.8;0.049
16429.3;0.05
16429.8;0.046
16430.3;0.042
16430.8;0.042
16431.3;0.042
16431.8;0.043
16432.3;0.041
16432.8;0.038
16433.3;0.033
16433.8;0.031
16434.3;0.039
16434.8;0.045
16435.3;0.05
16435.8;0.048
16436.3;0.046
16436.8;0.045
16437.3;0.047
16437.8;0.054
16438.3;0.056
16438.8;0.05
16439.3;0.045
16439.8;0.041
16440.3;0.043
16440.8;0.05
16441.3;0.052
16441.8;0.049
16442.3;0.04
16442.8;0.036
16443.3;0.039
16443.8;0.049
16444.3;0.051
16444.8;0.05
16445.3;0.042
16445.8;0.036
16446.3;0.04
16446.8;0.051
16447.3;0.054
16447.8;0.051
16448.3;0.04
16448.8;0.033
16449.3;0.034
16449.8;0.046
16450.3;0.052
16450.8;0.052
16451.3;0.043
16451.8;0.034
16452.3;0.035
16452.8;0.05
16453.3;0.057
16453.8;0.057
16454.3;0.044
16454.8;0.036
16455.3;0.035
16455.8;0.048
16456.3;0.057
16456.8;0.056
16457.3;0.045
16457.8;0.034
16458.3;0.03
16458.8;0.047
16459.3;0.056
16459.8;0.058
16460.3;0.048
16460.8;0.033
16461.3;0.03
16461.8;0.047
16462.3;0.056
16462.8;0.059
16463.3;0.05
16463.8;0.033
16464.3;0.029
16464.8;0.043
16465.3;0.057
16465.8;0.061
16466.3;0.051
16466.8;0.036
16467.3;0.027
16467.8;0.045
16468.3;0.055
16468.8;0.061
16469.3;0.051
16469.8;0.034
16470.3;0.024
16470.8;0.04
16471.3;0.054
16471.8;0.063
16472.3;0.055
16472.8;0.039
16473.3;0.026
16473.8;0.039
16474.3;0.055
16474.8;0.062
16475.3;0.056
16475.8;0.039
16476.3;0.027
16476.8;0.036
16477.3;0.053
16477.8;0.064
16478.3;0.061
16478.8;0.044
16479.3;0.03
16479.8;0.037
16480.3;0.054
16480.8;0.062
16481.3;0.059
16481.8;0.041
16482.3;0.028
16482.8;0.032
16483.3;0.049
16483.8;0.06
16484.3;0.06
16484.8;0.045
16485.3;0.032
16485.8;0.032
16486.3;0.049
16486.8;0.06
16487.3;0.059
16487.8;0.042
16488.3;0.031
16488.8;0.028
16489.3;0.046
16489.8;0.056
16490.3;0.06
16490.8;0.046
16491.3;0.033
16491.8;0.029
16492.3;0.046
16492.8;0.057
16493.3;0.062
16493.8;0.049
16494.3;0.038
16494.8;0.029
16495.3;0.045
16495.8;0.056
16496.3;0.061
16496.8;0.047
16497.3;0.037
16497.8;0.028
16498.3;0.043
16498.8;0.053
16499.3;0.061
16499.8;0.05
16500.3;0.04
16500.8;0.028
16501.3;0.042
16501.8;0.05
16502.3;0.06
16502.8;0.049
16503.3;0.042
16503.8;0.028
16504.3;0.041
16504.8;0.05
16505.3;0.059
16505.8;0.05
16506.3;0.042
16506.8;0.029
16507.3;0.041
16507.8;0.047
16508.3;0.057
16508.8;0.047
16509.3;0.042
16509.8;0.03
16510.3;0.039
16510.8;0.045
16511.3;0.055
16511.8;0.049
16512.3;0.045
16512.8;0.032
16513.3;0.04
16513.8;0.044
16514.3;0.056
16514.8;0.048
16515.3;0.046
16515.8;0.033
16516.3;0.04
16516.8;0.041
16517.3;0.054
16517.8;0.048
16518.3;0.048
16518.8;0.035
16519.3;0.042
16519.8;0.042
16520.3;0.055
16520.8;0.046
16521.3;0.047
16521.8;0.036
16522.3;0.043
16522.8;0.039
16523.3;0.051
16523.8;0.044
16524.3;0.046
16524.8;0.034
16525.3;0.041
16525.8;0.04
16526.3;0.05
16526.8;0.045
16527.3;0.048
16527.8;0.038
16528.3;0.042
16528.8;0.04
16529.3;0.049
16529.8;0.043
16530.3;0.046
16530.8;0.039
16531.3;0.043
16531.8;0.041
16532.3;0.05
16532.8;0.045
16533.3;0.048
16533.8;0.041
16534.3;0.047
16534.8;0.042
16535.3;0.049
16535.8;0.042
16536.3;0.046
16536.8;0.041
16537.3;0.045
16537.8;0.043
16538.3;0.048
16538.8;0.043
16539.3;0.047
16539.8;0.042
16540.3;0.045
16540.8;0.042
16541.3;0.048
16541.8;0.043
16542.3;0.045
16542.8;0.042
16543.3;0.047
16543.8;0.044
16544.3;0.047
16544.8;0.043
16545.3;0.044
16545.8;0.043
16546.3;0.045
16546.8;0.044
16547.3;0.045
16547.8;0.043
16548.3;0.044
16548.8;0.042
16549.3;0.044
16549.8;0.043
16550.3;0.044
16550.8;0.041
16551.3;0.043
16551.8;0.043
16552.3;0.045
16552.8;0.046
16553.3;0.045
16553.8;0.044
16554.3;0.044
16554.8;0.043
16555.3;0.044
16555.8;0.046
16556.3;0.044
16556.8;0.045
16557.3;0.042
16557.8;0.046
16558.3;0.045
16558.8;0.047
16559.3;0.043
16559.8;0.046
16560.3;0.044
16560.8;0.045
16561.3;0.044
16561.8;0.046
16562.3;0.045
16562.8;0.046
16563.3;0.041
16563.8;0.046
16564.3;0.043
16564.8;0.046
16565.3;0.04
16565.8;0.045
16566.3;0.039
16566.8;0.045
16567.3;0.04
16567.8;0.046
16568.3;0.041
16568.8;0.048
16569.3;0.04
16569.8;0.047
16570.3;0.041
16570.8;0.049
16571.3;0.044
16571.8;0.048
16572.3;0.04
16572.8;0.048
16573.3;0.04
16573.8;0.05
16574.3;0.043
16574.8;0.05
16575.3;0.041
16575.8;0.048
16576.3;0.042
16576.8;0.049
16577.3;0.039
16577.8;0.049
16578.3;0.038
16578.8;0.048
16579.3;0.039
16579.8;0.047
16580.3;0.038
16580.8;0.049
16581.3;0.039
16581.8;0.052
16582.3;0.039
16582.8;0.049
16583.3;0.038
16583.8;0.049
16584.3;0.04
16584.8;0.049
16585.3;0.037
16585.8;0.05
16586.3;0.038
16586.8;0.049
16587.3;0.038
16587.8;0.05
16588.3;0.037
16588.8;0.049
16589.3;0.037
16589.8;0.049
16590.3;0.036
16590.8;0.05
16591.3;0.036
16591.8;0.049
16592.3;0.038
16592.8;0.05
16593.3;0.039
16593.8;0.052
16594.3;0.039
16594.8;0.053
16595.3;0.038
16595.8;0.05
16596.3;0.039
16596.8;0.05
16597.3;0.038
16597.8;0.05
16598.3;0.036
16598.8;0.05
16599.3;0.039
16599.8;0.052
16600.3;0.041
16600.8;0.054
16601.3;0.039
16601.8;0.051
16602.3;0.038
16602.8;0.05
16603.3;0.036
16603.8;0.046
16604.3;0.034
16604.8;0.045
16605.3;0.034
16605.8;0.044
16606.3;0.036
16606.8;0.049
16607.3;0.039
16607.8;0.052
16608.3;0.039
16608.8;0.052
16609.3;0.04
16609.8;0.051
16610.3;0.039
16610.8;0.049
16611.3;0.04
16611.8;0.051
16612.3;0.041
16612.8;0.052
16613.3;0.043
16613.8;0.053
16614.3;0.041
16614.8;0.053
16615.3;0.041
16615.8;0.051
16616.3;0.038
16616.8;0.048
16617.3;0.037
16617.8;0.047
16618.3;0.038
16618.8;0.048
16619.3;0.037
16619.8;0.047
16620.3;0.038
16620.8;0.046
16621.3;0.037
16621.8;0.046
16622.3;0.037
16622.8;0.046
16623.3;0.038
16623.8;0.046
16624.3;0.04
16624.8;0.047
16625.3;0.041
16625.8;0.048
16626.3;0.043
16626.8;0.049
16627.3;0.042
16627.8;0.05
16628.3;0.042
16628.8;0.049
16629.3;0.043
16629.8;0.048
16630.3;0.042
16630.8;0.048
16631.3;0.042
16631.8;0.046
16632.3;0.04
16632.8;0.047
16633.3;0.04
16633.8;0.045
16634.3;0.04
16634.8;0.046
16635.3;0.04
16635.8;0.043
16636.3;0.04
16636.8;0.044
16637.3;0.043
16637.8;0.047
16638.3;0.044
16638.8;0.047
16639.3;0.044
16639.8;0.047
16640.3;0.042
16640.8;0.045
16641.3;0.043
16641.8;0.043
16642.3;0.042
16642.8;0.042
16643.3;0.042
16643.8;0.045
16644.3;0.045
16644.8;0.046
16645.3;0.046
16645.8;0.045
16646.3;0.044
16646.8;0.045
16647.3;0.043
16647.8;0.042
16648.3;0.043
16648.8;0.042
16649.3;0.044
16649.8;0.045
16650.3;0.047
16650.8;0.045
16651.3;0.046
16651.8;0.045
16652.3;0.045
16652.8;0.043
16653.3;0.043
16653.8;0.04
16654.3;0.043
16654.8;0.041
16655.3;0.047
16655.8;0.043
16656.3;0.048
16656.8;0.045
16657.3;0.046
16657.8;0.042
16658.3;0.042
16658.8;0.038
16659.3;0.039
16659.8;0.036
16660.3;0.041
16660.8;0.036
16661.3;0.044
16661.8;0.044
16662.3;0.049
16662.8;0.045
16663.3;0.051
16663.8;0.044
16664.3;0.048
16664.8;0.043
16665.3;0.046
16665.8;0.04
16666.3;0.045
16666.8;0.04
16667.3;0.046
16667.8;0.041
16668.3;0.048
16668.8;0.045
16669.3;0.05
16669.8;0.044
16670.3;0.05
16670.8;0.042
16671.3;0.049
16671.8;0.04
16672.3;0.045
16672.8;0.037
16673.3;0.041
16673.8;0.035
16674.3;0.041
16674.8;0.036
16675.3;0.043
16675.8;0.038
16676.3;0.048
16676.8;0.042
16677.3;0.049
16677.8;0.043
16678.3;0.048
16678.8;0.042
16679.3;0.048
16679.8;0.042
16680.3;0.047
16680.8;0.039
16681.3;0.047
16681.8;0.038
16682.3;0.046
16682.8;0.04
16683.3;0.047
16683.8;0.042
16684.3;0.049
16684.8;0.042
16685.3;0.049
16685.8;0.043
16686.3;0.046
16686.8;0.038
16687.3;0.045
16687.8;0.037
16688.3;0.044
16688.8;0.038
16689.3;0.045
16689.8;0.038
16690.3;0.045
16690.8;0.04
16691.3;0.046
16691.8;0.04
16692.3;0.046
16692.8;0.039
16693.3;0.046
16693.8;0.038
16694.3;0.047
16694.8;0.04
16695.3;0.046
16695.8;0.039
16696.3;0.045
16696.8;0.039
16697.3;0.045
16697.8;0.039
16698.3;0.045
16698.8;0.039
16699.3;0.046
16699.8;0.041
16700.3;0.047
16700.8;0.042
16701.3;0.047
16701.8;0.041
16702.3;0.044
16702.8;0.038
16703.3;0.043
16703.8;0.039
16704.3;0.045
16704.8;0.04
16705.3;0.046
16705.8;0.041
16706.3;0.046
16706.8;0.041
16707.3;0.046
16707.8;0.04
16708.3;0.044
16708.8;0.041
16709.3;0.045
16709.8;0.041
16710.3;0.046
16710.8;0.043
16711.3;0.047
16711.8;0.041
16712.3;0.046
16712.8;0.039
16713.3;0.044
16713.8;0.041
16714.3;0.044
16714.8;0.039
16715.3;0.044
16715.8;0.042
16716.3;0.045
16716.8;0.042
16717.3;0.045
16717.8;0.042
16718.3;0.046
16718.8;0.041
16719.3;0.044
16719.8;0.038
16720.3;0.042
16720.8;0.038
16721.3;0.043
16721.8;0.04
16722.3;0.045
16722.8;0.043
16723.3;0.044
16723.8;0.043
16724.3;0.046
16724.8;0.041
16725.3;0.043
16725.8;0.04
16726.3;0.041
16726.8;0.04
16727.3;0.044
16727.8;0.044
16728.3;0.046
16728.8;0.044
16729.3;0.045
16729.8;0.043
16730.3;0.043
16730.8;0.04
16731.3;0.041
16731.8;0.038
16732.3;0.041
16732.8;0.042
16733.3;0.044
16733.8;0.042
16734.3;0.047
16734.8;0.044
16735.3;0.044
16735.8;0.04
16736.3;0.042
16736.8;0.04
16737.3;0.041
16737.8;0.041
16738.3;0.044
16738.8;0.044
16739.3;0.044
16739.8;0.044
16740.3;0.043
16740.8;0.041
16741.3;0.043
16741.8;0.042
16742.3;0.042
16742.8;0.042
16743.3;0.043
16743.8;0.042
16744.3;0.044
16744.8;0.043
16745.3;0.044
16745.8;0.043
16746.3;0.045
16746.8;0.041
16747.3;0.044
16747.8;0.043
16748.3;0.043
16748.8;0.043
16749.3;0.044
16749.8;0.043
16750.3;0.045
16750.8;0.042
16751.3;0.044
16751.8;0.044
16752.3;0.046
16752.8;0.043
16753.3;0.044
16753.8;0.041
16754.3;0.043
16754.8;0.042
16755.3;0.044
16755.8;0.043
16756.3;0.044
16756.8;0.041
16757.3;0.045
16757.8;0.042
16758.3;0.042
16758.8;0.04
16759.3;0.043
16759.8;0.039
16760.3;0.042
16760.8;0.041
16761.3;0.043
16761.8;0.044
16762.3;0.045
16762.8;0.041
16763.3;0.044
16763.8;0.043
16764.3;0.043
16764.8;0.041
16765.3;0.045
16765.8;0.045
16766.3;0.048
16766.8;0.046
16767.3;0.048
16767.8;0.044
16768.3;0.043
16768.8;0.04
16769.3;0.041
16769.8;0.039
16770.3;0.044
16770.8;0.042
16771.3;0.049
16771.8;0.045
16772.3;0.049
16772.8;0.043
16773.3;0.047
16773.8;0.042
16774.3;0.042
16774.8;0.04
16775.3;0.043
16775.8;0.042
16776.3;0.047
16776.8;0.047
16777.3;0.05
16777.8;0.045
16778.3;0.047
16778.8;0.043
16779.3;0.044
16779.8;0.04
16780.3;0.045
16780.8;0.043
16781.3;0.049
16781.8;0.047
16782.3;0.05
16782.8;0.046
16783.3;0.048
16783.8;0.043
16784.3;0.047
16784.8;0.042
16785.3;0.046
16785.8;0.043
16786.3;0.047
16786.8;0.044
16787.3;0.049
16787.8;0.043
16788.3;0.046
16788.8;0.042
16789.3;0.047
16789.8;0.041
16790.3;0.046
16790.8;0.043
16791.3;0.046
16791.8;0.043
16792.3;0.048
16792.8;0.042
16793.3;0.047
16793.8;0.042
16794.3;0.047
16794.8;0.044
16795.3;0.048
16795.8;0.044
16796.3;0.046
16796.8;0.04
16797.3;0.043
16797.8;0.041
16798.3;0.045
16798.8;0.043
16799.3;0.05
16799.8;0.046
16800.4;0.054
16800.9;0.045
16801.4;0.046
16801.9;0.04
16802.4;0.044
16802.9;0.039
16803.4;0.047
16803.9;0.048
16804.4;0.055
16804.9;0.053
16805.4;0.059
16805.9;0.051
16806.4;0.052
16806.9;0.042
16807.4;0.042
16807.9;0.036
16808.4;0.043
16808.9;0.044
16809.4;0.056
16809.9;0.055
16810.4;0.061
16810.9;0.052
16811.4;0.052
16811.9;0.036
16812.4;0.035
16812.9;0.028
16813.4;0.038
16813.9;0.043
16814.4;0.058
16814.9;0.059
16815.4;0.066
16815.9;0.06
16816.4;0.057
16816.9;0.041
16817.4;0.035
16817.9;0.028
16818.4;0.038
16818.9;0.047
16819.4;0.062
16819.9;0.066
16820.4;0.075
16820.9;0.069
16821.4;0.066
16821.9;0.049
16822.4;0.039
16822.9;0.023
16823.4;0.03
16823.9;0.04
16824.4;0.058
16824.9;0.063
16825.4;0.073
16825.9;0.068
16826.4;0.064
16826.9;0.046
16827.4;0.034
16827.9;0.013
16828.4;0.021
16828.9;0.039
16829.4;0.058
16829.9;0.068
16830.4;0.078
16830.9;0.073
16831.4;0.07
16831.9;0.052
16832.4;0.037
16832.9;0.014
16833.4;0.022
16833.9;0.042
16834.4;0.061
16834.9;0.073
16835.4;0.083
16835.9;0.08
16836.4;0.076
16836.9;0.056
16837.4;0.04
16837.9;0.012
16838.4;0.02
16838.9;0.043
16839.4;0.065
16839.9;0.08
16840.4;0.093
16840.9;0.089
16841.4;0.086
16841.9;0.068
16842.4;0.051
16842.9;0.024
16843.4;0.022
16843.9;0.041
16844.4;0.067
16844.9;0.084
16845.4;0.098
16845.9;0.101
16846.4;0.099
16846.9;0.083
16847.4;0.068
16847.9;0.039
16848.4;0.015
16848.9;0.018
16849.4;0.044
16849.9;0.063
16850.4;0.079
16850.9;0.083
16851.4;0.083
16851.9;0.067
16852.4;0.053
16852.9;0.026
16853.4;0.001
16853.9;0.029
16854.4;0.054
16854.9;0.075
16855.4;0.092
16855.9;0.098
16856.4;0.099
16856.9;0.087
16857.4;0.072
16857.9;0.048
16858.4;0.029
16858.9;0.026
16859.4;0.047
16859.9;0.069
16860.4;0.089
16860.9;0.098
16861.4;0.104
16861.9;0.097
16862.4;0.089
16862.9;0.071
16863.4;0.053
16863.9;0.03
16864.4;0.011
16864.9;0.013
16865.4;0.026
16865.9;0.036
16866.4;0.04
16866.9;0.039
16867.4;0.037
16867.9;0.036
16868.4;0.041
16868.9;0.051
16869.4;0.063
16869.9;0.073
16870.4;0.079
16870.9;0.08
16871.4;0.074
16871.9;0.062
16872.4;0.047
16872.9;0.031
16873.4;0.023
16873.9;0.034
16874.4;0.05
16874.9;0.066
16875.4;0.075
16875.9;0.081
16876.4;0.081
16876.9;0.072
16877.4;0.06
16877.9;0.043
16878.4;0.03
16878.9;0.022
16879.4;0.027
16879.9;0.035
16880.4;0.039
16880.9;0.04
16881.4;0.035
16881.9;0.026
16882.4;0.028
16882.9;0.04
16883.4;0.061
16883.9;0.082
16884.4;0.105
16884.9;0.118
16885.4;0.13
16885.9;0.135
16886.4;0.132
16886.9;0.127
16887.4;0.117
16887.9;0.109
16888.4;0.106
16888.9;0.108
16889.4;0.115
16889.9;0.127
16890.4;0.133
16890.9;0.136
16891.4;0.134
16891.9;0.127
16892.4;0.112
16892.9;0.098
16893.4;0.081
16893.9;0.067
16894.4;0.057
16894.9;0.058
16895.4;0.059
16895.9;0.062
16896.4;0.061
16896.9;0.058
16897.4;0.052
16897.9;0.049
16898.4;0.05
16898.9;0.062
16899.4;0.078
16899.9;0.096
16900.4;0.111
16900.9;0.124
16901.4;0.132
16901.9;0.139
16902.4;0.14
16902.9;0.142
16903.4;0.14
16903.9;0.143
16904.4;0.142
16904.9;0.146
16905.4;0.146
16905.9;0.15
16906.4;0.146
16906.9;0.144
16907.4;0.136
16907.9;0.128
16908.4;0.116
16908.9;0.109
16909.4;0.097
16909.9;0.089
16910.4;0.081
16910.9;0.077
16911.4;0.068
16911.9;0.064
16912.4;0.056
16912.9;0.051
16913.4;0.045
16913.9;0.042
16914.4;0.039
16914.9;0.042
16915.4;0.042
16915.9;0.05
16916.4;0.055
16916.9;0.062
16917.4;0.066
16917.9;0.074
16918.4;0.081
16918.9;0.087
16919.4;0.094
16919.9;0.098
16920.4;0.099
16920.9;0.101
16921.4;0.101
16921.9;0.1
16922.4;0.095
16922.9;0.092
16923.4;0.086
16923.9;0.081
16924.4;0.074
16924.9;0.068
16925.4;0.058
16925.9;0.051
16926.4;0.039
16926.9;0.028
16927.4;0.018
16927.9;0.017
16928.4;0.02
16928.9;0.028
16929.4;0.033
16929.9;0.04
16930.4;0.042
16930.9;0.045
16931.4;0.045
16931.9;0.05
16932.4;0.05
16932.9;0.053
16933.4;0.057
16933.9;0.06
16934.4;0.062
16934.9;0.064
16935.4;0.063
16935.9;0.065
16936.4;0.064
16936.9;0.068
16937.4;0.066
16937.9;0.07
16938.4;0.071
16938.9;0.075
16939.4;0.074
16939.9;0.072
16940.4;0.068
16940.9;0.065
16941.4;0.059
16941.9;0.054
16942.4;0.047
16942.9;0.044
16943.4;0.039
16943.9;0.04
16944.4;0.04
16944.9;0.044
16945.4;0.048
16945.9;0.053
16946.4;0.054
16946.9;0.059
16947.4;0.063
16947.9;0.068
16948.4;0.069
16948.9;0.072
16949.4;0.072
16949.9;0.073
16950.4;0.07
16950.9;0.067
16951.4;0.063
16951.9;0.06
16952.4;0.053
16952.9;0.051
16953.4;0.048
16953.9;0.047
16954.4;0.047
16954.9;0.05
16955.4;0.05
16955.9;0.053
16956.4;0.056
16956.9;0.059
16957.4;0.059
16957.9;0.061
16958.4;0.059
16958.9;0.058
16959.4;0.057
16959.9;0.055
16960.4;0.051
16960.9;0.049
16961.4;0.044
16961.9;0.039
16962.4;0.037
16962.9;0.035
16963.4;0.035
16963.9;0.035
16964.4;0.035
16964.9;0.041
16965.4;0.041
16965.9;0.045
16966.4;0.046
16966.9;0.047
16967.4;0.047
16967.9;0.048
16968.4;0.045
16968.9;0.043
16969.4;0.039
16969.9;0.035
16970.4;0.032
16970.9;0.029
16971.4;0.028
16971.9;0.03
16972.4;0.034
16972.9;0.036
16973.4;0.039
16973.9;0.042
16974.4;0.045
16974.9;0.047
16975.4;0.05
16975.9;0.05
16976.4;0.049
16976.9;0.051
16977.4;0.048
16977.9;0.047
16978.4;0.043
16978.9;0.04
16979.4;0.034
16979.9;0.03
16980.4;0.027
16980.9;0.026
16981.4;0.026
16981.9;0.032
16982.4;0.035
16982.9;0.037
16983.4;0.041
16983.9;0.042
16984.4;0.046
16984.9;0.047
16985.4;0.047
16985.9;0.047
16986.4;0.046
16986.9;0.046
16987.4;0.043
16987.9;0.041
16988.4;0.039
16988.9;0.037
16989.4;0.034
16989.9;0.032
16990.4;0.033
16990.9;0.035
16991.4;0.038
16991.9;0.042
16992.4;0.044
16992.9;0.048
16993.4;0.048
16993.9;0.05
16994.4;0.05
16994.9;0.048
16995.4;0.047
16995.9;0.044
16996.4;0.04
16996.9;0.039
16997.4;0.036
16997.9;0.034
16998.4;0.033
16998.9;0.033
16999.4;0.034
16999.9;0.037
17000.4;0.039
17000.9;0.043
17001.4;0.043
17001.9;0.046
17002.4;0.048
17002.9;0.049
17003.4;0.049
17003.9;0.047
17004.4;0.045
17004.9;0.045
17005.4;0.043
17005.9;0.039
17006.4;0.04
17006.9;0.037
17007.4;0.037
17007.9;0.038
17008.4;0.039
17008.9;0.04
17009.4;0.043
17009.9;0.045
17010.4;0.047
17010.9;0.048
17011.4;0.05
17011.9;0.052
17012.4;0.052
17012.9;0.051
17013.4;0.049
17013.9;0.047
17014.4;0.047
17014.9;0.047
17015.4;0.045
17015.9;0.043
17016.4;0.043
17016.9;0.042
17017.4;0.041
17017.9;0.043
17018.4;0.042
17018.9;0.045
17019.4;0.046
17019.9;0.046
17020.4;0.049
17020.9;0.048
17021.4;0.049
17021.9;0.049
17022.4;0.047
17022.9;0.047
17023.4;0.045
17023.9;0.045
17024.4;0.044
17024.9;0.044
17025.4;0.044
17025.9;0.044
17026.4;0.044
17026.9;0.044
17027.4;0.046
17027.9;0.047
17028.4;0.046
17028.9;0.045
17029.4;0.048
17029.9;0.047
17030.4;0.048
17030.9;0.046
17031.4;0.047
17031.9;0.046
17032.4;0.045
17032.9;0.044
17033.4;0.043
17033.9;0.041
17034.4;0.042
17034.9;0.041
17035.4;0.042
17035.9;0.041
17036.4;0.042
17036.9;0.043
17037.4;0.044
17037.9;0.045
17038.4;0.044
17038.9;0.044
17039.4;0.045
17039.9;0.044
17040.4;0.043
17040.9;0.043
17041.4;0.043
17041.9;0.043
17042.4;0.043
17042.9;0.043
17043.4;0.044
17043.9;0.043
17044.4;0.044
17044.9;0.045
17045.4;0.044
17045.9;0.045
17046.4;0.044
17046.9;0.043
17047.4;0.045
17047.9;0.044
17048.4;0.045
17048.9;0.043
17049.4;0.044
17049.9;0.043
17050.4;0.045
17050.9;0.044
17051.4;0.046
17051.9;0.046
17052.4;0.046
17052.9;0.045
17053.4;0.047
17053.9;0.045
17054.4;0.047
17054.9;0.045
17055.4;0.043
17055.9;0.045
17056.4;0.044
17056.9;0.045
17057.4;0.045
17057.9;0.044
17058.4;0.044
17058.9;0.044
17059.4;0.044
17059.9;0.045
17060.4;0.044
17060.9;0.044
17061.4;0.044
17061.9;0.045
17062.4;0.046
17062.9;0.045
17063.4;0.045
17063.9;0.045
17064.4;0.045
17064.9;0.045
17065.4;0.046
17065.9;0.046
17066.4;0.045
17066.9;0.045
17067.4;0.045
17067.9;0.045
17068.4;0.045
17068.9;0.045
17069.4;0.046
17069.9;0.045
17070.4;0.045
17070.9;0.044
17071.4;0.045
17071.9;0.045
17072.4;0.044
17072.9;0.044
17073.4;0.043
17073.9;0.044
17074.4;0.044
17074.9;0.044
17075.4;0.045
17075.9;0.042
17076.4;0.045
17076.9;0.044
17077.4;0.045
17077.9;0.043
17078.4;0.043
17078.9;0.044
17079.4;0.045
17079.9;0.044
17080.4;0.046
17080.9;0.045
17081.4;0.044
17081.9;0.045
17082.4;0.045
17082.9;0.044
17083.4;0.046
17083.9;0.046
17084.4;0.045
17084.9;0.044
17085.4;0.045
17085.9;0.045
17086.4;0.045
17086.9;0.046
17087.4;0.045
17087.9;0.046
17088.4;0.045
17088.9;0.046
17089.4;0.046
17089.9;0.046
17090.4;0.047
17090.9;0.045
17091.4;0.046
17091.9;0.046
17092.4;0.045
17092.9;0.045
17093.4;0.044
17093.9;0.045
17094.4;0.042
17094.9;0.043
17095.4;0.045
17095.9;0.044
17096.4;0.044
17096.9;0.043
17097.4;0.044
17097.9;0.042
17098.4;0.044
17098.9;0.044
17099.4;0.044
17099.9;0.044
17100.4;0.045
17100.9;0.043
17101.4;0.045
17101.9;0.044
17102.4;0.045
17102.9;0.044
17103.4;0.044
17103.9;0.043
17104.4;0.043
17104.9;0.044
17105.4;0.044
17105.9;0.043
17106.4;0.045
17106.9;0.045
17107.4;0.044
17107.9;0.044
17108.4;0.044
17108.9;0.042
17109.4;0.044
17109.9;0.043
17110.4;0.044
17110.9;0.042
17111.4;0.045
17111.9;0.043
17112.4;0.044
17112.9;0.043
17113.4;0.043
17113.9;0.045
17114.4;0.044
17114.9;0.044
17115.4;0.045
17115.9;0.045
17116.4;0.046
17116.9;0.044
17117.4;0.045
17117.9;0.044
17118.4;0.045
17118.9;0.044
17119.4;0.043
17119.9;0.043
17120.4;0.043
17120.9;0.043
17121.4;0.045
17121.9;0.044
17122.4;0.043
17122.9;0.044
17123.4;0.044
17123.9;0.045
17124.4;0.045
17124.9;0.046
17125.4;0.045
17125.9;0.044
17126.4;0.046
17126.9;0.045
17127.4;0.044
17127.9;0.042
17128.4;0.044
17128.9;0.044
17129.4;0.045
17129.9;0.045
17130.4;0.047
17130.9;0.045
17131.4;0.044
17131.9;0.044
17132.4;0.045
17132.9;0.044
17133.4;0.044
17133.9;0.043
17134.4;0.045
17134.9;0.043
17135.4;0.045
17135.9;0.045
17136.4;0.044
17136.9;0.045
17137.4;0.044
17137.9;0.042
17138.4;0.044
17138.9;0.044
17139.4;0.044
17139.9;0.044
17140.4;0.044
17140.9;0.045
17141.4;0.044
17141.9;0.046
17142.4;0.044
17142.9;0.044
17143.4;0.045
17143.9;0.045
17144.4;0.045
17144.9;0.044
17145.4;0.045
17145.9;0.045
17146.4;0.045
17146.9;0.043
17147.4;0.043
17147.9;0.044
17148.4;0.043
17148.9;0.044
17149.4;0.043
17149.9;0.044
17150.4;0.043
17150.9;0.044
17151.4;0.044
17151.9;0.045
17152.4;0.045
17152.9;0.044
17153.4;0.043
17153.9;0.044
17154.4;0.046
17154.9;0.044
17155.4;0.044
17155.9;0.043
17156.4;0.044
17156.9;0.044
17157.4;0.045
17157.9;0.045
17158.4;0.044
17158.9;0.044
17159.4;0.045
17159.9;0.044
17160.4;0.044
17160.9;0.044
17161.4;0.043
17161.9;0.043
17162.4;0.044
17162.9;0.044
17163.4;0.044
17163.9;0.044
17164.4;0.045
17164.9;0.044
17165.4;0.045
17165.9;0.044
17166.4;0.043
17166.9;0.044
17167.4;0.044
17167.9;0.044
17168.4;0.044
17168.9;0.043
17169.4;0.045
17169.9;0.044
17170.4;0.044
17170.9;0.043
17171.4;0.044
17171.9;0.043
17172.4;0.043
17172.9;0.044
17173.4;0.043
17173.9;0.044
17174.4;0.044
17174.9;0.043
17175.4;0.043
17175.9;0.043
17176.4;0.043
17176.9;0.043
17177.4;0.043
17177.9;0.044
17178.4;0.044
17178.9;0.044
17179.4;0.044
17179.9;0.044
17180.4;0.044
17180.9;0.043
17181.4;0.043
17181.9;0.044
17182.4;0.045
17182.9;0.045
17183.4;0.045
17183.9;0.044
17184.4;0.043
17184.9;0.044
17185.4;0.044
17185.9;0.044
17186.4;0.043
17186.9;0.043
17187.4;0.044
17187.9;0.044
17188.4;0.044
17188.9;0.045
17189.4;0.045
17189.9;0.044
17190.4;0.044
17190.9;0.044
17191.4;0.043
17191.9;0.044
17192.4;0.044
17192.9;0.045
17193.4;0.045
17193.9;0.044
17194.4;0.043
17194.9;0.045
17195.4;0.044
17195.9;0.045
17196.4;0.045
17196.9;0.045
17197.4;0.043
17197.9;0.043
17198.4;0.044
17198.9;0.045
17199.4;0.043
17199.9;0.044
17200.4;0.043
17200.9;0.044
17201.4;0.043
17201.9;0.042
17202.4;0.044
17202.9;0.044
17203.4;0.044
17203.9;0.044
17204.4;0.044
17204.9;0.043
17205.4;0.044
17205.9;0.044
17206.4;0.044
17206.9;0.043
17207.4;0.043
17207.9;0.044
17208.4;0.044
17208.9;0.043
17209.4;0.043
17209.9;0.042
17210.4;0.044
17210.9;0.043
17211.4;0.044
17211.9;0.043
17212.4;0.044
17212.9;0.044
17213.4;0.043
17213.9;0.042
17214.4;0.043
17214.9;0.043
17215.4;0.043
17215.9;0.043
17216.4;0.044
17216.9;0.044
17217.4;0.045
17217.9;0.045
17218.4;0.044
17218.9;0.043
17219.4;0.042
17219.9;0.043
17220.4;0.043
17220.9;0.044
17221.4;0.043
17221.9;0.044
17222.4;0.044
17222.9;0.044
17223.4;0.043
17223.9;0.044
17224.4;0.044
17224.9;0.044
17225.4;0.043
17225.9;0.044
17226.4;0.044
17226.9;0.043
17227.4;0.044
17227.9;0.042
17228.4;0.043
17228.9;0.043
17229.4;0.043
17229.9;0.044
17230.4;0.044
17230.9;0.044
17231.4;0.043
17231.9;0.045
17232.4;0.044
17232.9;0.044
17233.4;0.044
17233.9;0.044
17234.4;0.043
17234.9;0.043
17235.4;0.042
17235.9;0.043
17236.4;0.044
17236.9;0.044
17237.4;0.043
17237.9;0.042
17238.4;0.043
17238.9;0.044
17239.4;0.043
17239.9;0.044
17240.4;0.043
17240.9;0.043
17241.4;0.042
17241.9;0.042
17242.4;0.042
17242.9;0.043
17243.4;0.042
17243.9;0.043
17244.4;0.042
17244.9;0.043
17245.4;0.043
17245.9;0.043
17246.4;0.043
17246.9;0.044
17247.4;0.044
17247.9;0.043
17248.4;0.043
17248.9;0.043
17249.4;0.042
17249.9;0.041
17250.4;0.043
17250.9;0.043
17251.4;0.044
17251.9;0.042
17252.4;0.043
17252.9;0.042
17253.4;0.044
17253.9;0.043
17254.4;0.043
17254.9;0.043
17255.4;0.043
17255.9;0.043
17256.4;0.042
17256.9;0.043
17257.4;0.044
17257.9;0.043
17258.4;0.044
17258.9;0.044
17259.4;0.044
17259.9;0.043
17260.4;0.043
17260.9;0.045
17261.4;0.045
17261.9;0.044
17262.4;0.042
17262.9;0.044
17263.4;0.042
17263.9;0.042
17264.4;0.042
17264.9;0.042
17265.4;0.043
17265.9;0.042
17266.4;0.042
17266.9;0.043
17267.4;0.043
17267.9;0.044
17268.4;0.043
17268.9;0.044
17269.4;0.043
17269.9;0.043
17270.4;0.044
17270.9;0.043
17271.4;0.04
17271.9;0.042
17272.4;0.043
17272.9;0.043
17273.4;0.043
17273.9;0.044
17274.4;0.042
17274.9;0.042
17275.4;0.042
17275.9;0.042
17276.4;0.043
17276.9;0.044
17277.4;0.044
17277.9;0.043
17278.4;0.041
17278.9;0.043
17279.4;0.041
17279.9;0.042
17280.4;0.042
17280.9;0.042
17281.4;0.042
17281.9;0.043
17282.4;0.043
17282.9;0.043
17283.4;0.042
17283.9;0.043
17284.4;0.043
17284.9;0.043
17285.4;0.042
17285.9;0.043
17286.4;0.042
17286.9;0.043
17287.4;0.043
17287.9;0.043
17288.4;0.042
17288.9;0.042
17289.4;0.043
17289.9;0.044
17290.4;0.042
17290.9;0.044
17291.4;0.042
17291.9;0.043
17292.4;0.042
17292.9;0.044
17293.4;0.043
17293.9;0.043
17294.4;0.043
17294.9;0.042
17295.4;0.043
17295.9;0.043
17296.4;0.042
17296.9;0.044
17297.4;0.043
17297.9;0.044
17298.4;0.043
17298.9;0.043
17299.4;0.042
17299.9;0.042
17300.4;0.041
17300.9;0.041
17301.4;0.042
17301.9;0.043
17302.4;0.042
17302.9;0.043
17303.4;0.044
17303.9;0.042
17304.4;0.042
17304.9;0.043
17305.4;0.042
17305.9;0.042
17306.4;0.043
17306.9;0.042
17307.4;0.043
17307.9;0.042
17308.4;0.042
17308.9;0.042
17309.4;0.041
17309.9;0.043
17310.4;0.042
17310.9;0.042
17311.4;0.042
17311.9;0.044
17312.4;0.043
17312.9;0.044
17313.4;0.042
17313.9;0.042
17314.4;0.041
17314.9;0.043
17315.4;0.042
17315.9;0.042
17316.4;0.042
17316.9;0.041
17317.4;0.043
17317.9;0.042
17318.4;0.042
17318.9;0.043
17319.4;0.042
17319.9;0.042
17320.4;0.042
17320.9;0.042
17321.4;0.044
17321.9;0.042
17322.4;0.043
17322.9;0.043
17323.4;0.043
17323.9;0.042
17324.4;0.043
17324.9;0.042
17325.4;0.043
17325.9;0.043
17326.4;0.043
17326.9;0.043
17327.4;0.044
17327.9;0.041
17328.4;0.042
17328.9;0.043
17329.4;0.044
17329.9;0.042
17330.4;0.044
17330.9;0.043
17331.4;0.044
17331.9;0.041
17332.4;0.043
17332.9;0.043
17333.4;0.045
17333.9;0.043
17334.4;0.044
17334.9;0.042
17335.4;0.044
17335.9;0.043
17336.4;0.042
17336.9;0.041
17337.4;0.044
17337.9;0.042
17338.4;0.043
17338.9;0.042
17339.4;0.043
17339.9;0.043
17340.4;0.045
17340.9;0.043
17341.4;0.043
17341.9;0.042
17342.4;0.044
17342.9;0.043
17343.4;0.043
17343.9;0.041
17344.4;0.042
17344.9;0.039
17345.4;0.042
17345.9;0.04
17346.4;0.043
17346.9;0.042
17347.4;0.045
17347.9;0.043
17348.4;0.045
17348.9;0.043
17349.4;0.044
17349.9;0.042
17350.4;0.043
17350.9;0.042
17351.4;0.042
17351.9;0.04
17352.4;0.042
17352.9;0.04
17353.4;0.042
17353.9;0.042
17354.4;0.043
17354.9;0.041
17355.4;0.047
17355.9;0.043
17356.4;0.045
17356.9;0.043
17357.4;0.044
17357.9;0.042
17358.4;0.045
17358.9;0.04
17359.4;0.043
17359.9;0.042
17360.4;0.045
17360.9;0.041
17361.4;0.044
17361.9;0.043
17362.4;0.045
17362.9;0.043
17363.4;0.046
17363.9;0.044
17364.4;0.045
17364.9;0.043
17365.4;0.046
17365.9;0.044
17366.4;0.046
17366.9;0.042
17367.4;0.044
17367.9;0.043
17368.4;0.045
17368.9;0.043
17369.4;0.044
17369.9;0.043
17370.4;0.045
17370.9;0.042
17371.4;0.046
17371.9;0.042
17372.4;0.045
17372.9;0.044
17373.4;0.045
17373.9;0.044
17374.4;0.046
17374.9;0.043
17375.4;0.044
17375.9;0.043
17376.4;0.045
17376.9;0.043
17377.4;0.045
17377.9;0.04
17378.4;0.044
17378.9;0.043
17379.4;0.044
17379.9;0.041
17380.4;0.043
17380.9;0.042
17381.4;0.043
17381.9;0.042
17382.4;0.045
17382.9;0.04
17383.4;0.046
17383.9;0.043
17384.4;0.048
17384.9;0.046
17385.4;0.049
17385.9;0.044
17386.4;0.046
17386.9;0.043
17387.4;0.044
17387.9;0.04
17388.4;0.04
17388.9;0.038
17389.4;0.043
17389.9;0.041
17390.4;0.046
17390.9;0.046
17391.4;0.05
17391.9;0.05
17392.4;0.051
17392.9;0.049
17393.4;0.051
17393.9;0.046
17394.4;0.05
17394.9;0.043
17395.4;0.043
17395.9;0.04
17396.4;0.042
17396.9;0.041
17397.4;0.043
17397.9;0.045
17398.4;0.048
17398.9;0.05
17399.4;0.052
17399.9;0.052
17400.4;0.055
17400.9;0.052
17401.4;0.054
17401.9;0.05
17402.4;0.05
17402.9;0.045
17403.4;0.044
17403.9;0.041
17404.4;0.039
17404.9;0.039
17405.4;0.04
17405.9;0.042
17406.4;0.045
17406.9;0.048
17407.4;0.051
17407.9;0.053
17408.4;0.056
17408.9;0.055
17409.4;0.055
17409.9;0.054
17410.4;0.052
17410.9;0.046
17411.4;0.042
17411.9;0.037
17412.4;0.036
17412.9;0.033
17413.4;0.034
17413.9;0.037
17414.4;0.041
17414.9;0.048
17415.4;0.05
17415.9;0.057
17416.4;0.058
17416.9;0.06
17417.4;0.058
17417.9;0.056
17418.4;0.051
17418.9;0.046
17419.4;0.04
17419.9;0.034
17420.4;0.031
17420.9;0.031
17421.4;0.032
17421.9;0.039
17422.4;0.044
17422.9;0.052
17423.4;0.053
17423.9;0.06
17424.4;0.06
17424.9;0.062
17425.4;0.061
17425.9;0.06
17426.4;0.054
17426.9;0.051
17427.4;0.047
17427.9;0.044
17428.4;0.039
17428.9;0.041
17429.4;0.039
17429.9;0.045
17430.4;0.046
17430.9;0.052
17431.4;0.054
17431.9;0.061
17432.4;0.063
17432.9;0.068
17433.4;0.068
17433.9;0.069
17434.4;0.065
17434.9;0.065
17435.4;0.06
17435.9;0.056
17436.4;0.051
17436.9;0.045
17437.4;0.04
17437.9;0.038
17438.4;0.04
17438.9;0.047
17439.4;0.054
17439.9;0.062
17440.4;0.065
17440.9;0.072
17441.4;0.074
17441.9;0.076
17442.4;0.073
17442.9;0.069
17443.4;0.061
17443.9;0.054
17444.4;0.044
17444.9;0.033
17445.4;0.025
17445.9;0.024
17446.4;0.028
17446.9;0.042
17447.4;0.051
17447.9;0.061
17448.4;0.065
17448.9;0.072
17449.4;0.07
17449.9;0.068
17450.4;0.06
17450.9;0.052
17451.4;0.042
17451.9;0.029
17452.4;0.018
17452.9;0.003
17453.4;0.009
17453.9;0.024
17454.4;0.03
17454.9;0.042
17455.4;0.045
17455.9;0.051
17456.4;0.05
17456.9;0.05
17457.4;0.043
17457.9;0.037
17458.4;0.03
17458.9;0.023
17459.4;0.021
17459.9;0.02
17460.4;0.028
17460.9;0.032
17461.4;0.037
17461.9;0.039
17462.4;0.039
17462.9;0.038
17463.4;0.035
17463.9;0.029
17464.4;0.017
17464.9;0.011
17465.4;0.006
17465.9;0.014
17466.4;0.025
17466.9;0.034
17467.4;0.043
17467.9;0.045
17468.4;0.049
17468.9;0.05
17469.4;0.05
17469.9;0.047
17470.4;0.045
17470.9;0.043
17471.4;0.044
17471.9;0.047
17472.4;0.053
17472.9;0.059
17473.4;0.068
17473.9;0.072
17474.4;0.075
17474.9;0.077
17475.4;0.073
17475.9;0.067
17476.4;0.061
17476.9;0.054
17477.4;0.049
17477.9;0.047
17478.4;0.056
17478.9;0.065
17479.4;0.08
17479.9;0.089
17480.4;0.104
17480.9;0.109
17481.4;0.113
17481.9;0.115
17482.4;0.107
17482.9;0.103
17483.4;0.089
17483.9;0.078
17484.4;0.063
17484.9;0.052
17485.4;0.049
17485.9;0.056
17486.4;0.07
17486.9;0.083
17487.4;0.098
17487.9;0.109
17488.4;0.118
17488.9;0.121
17489.4;0.119
17489.9;0.116
17490.4;0.106
17490.9;0.095
17491.4;0.079
17491.9;0.07
17492.4;0.059
17492.9;0.055
17493.4;0.058
17493.9;0.067
17494.4;0.077
17494.9;0.084
17495.4;0.092
17495.9;0.094
17496.4;0.095
17496.9;0.092
17497.4;0.084
17497.9;0.078
17498.4;0.069
17498.9;0.06
17499.4;0.056
17499.9;0.054
17500.4;0.057
17500.9;0.061
17501.4;0.067
17501.9;0.071
17502.4;0.072
17502.9;0.073
17503.4;0.067
17503.9;0.064
17504.4;0.054
17504.9;0.047
17505.4;0.037
17505.9;0.033
17506.4;0.031
17506.9;0.035
17507.4;0.042
17507.9;0.048
17508.4;0.054
17508.9;0.057
17509.4;0.057
17509.9;0.056
17510.4;0.05
17510.9;0.044
17511.4;0.033
17511.9;0.025
17512.4;0.014
17512.9;0.01
17513.4;0.017
17513.9;0.023
17514.4;0.035
17514.9;0.038
17515.4;0.047
17515.9;0.044
17516.4;0.047
17516.9;0.041
17517.4;0.038
17517.9;0.03
17518.4;0.022
17518.9;0.015
17519.4;0.013
17519.9;0.014
17520.4;0.026
17520.9;0.03
17521.4;0.04
17521.9;0.04
17522.4;0.049
17522.9;0.047
17523.4;0.048
17523.9;0.043
17524.4;0.044
17524.9;0.033
17525.4;0.035
17525.9;0.026
17526.4;0.028
17526.9;0.026
17527.4;0.035
17527.9;0.035
17528.4;0.046
17528.9;0.044
17529.4;0.052
17529.9;0.049
17530.4;0.056
17530.9;0.051
17531.4;0.053
17531.9;0.049
17532.4;0.047
17532.9;0.04
17533.4;0.042
17533.9;0.034
17534.4;0.038
17534.9;0.033
17535.4;0.038
17535.9;0.038
17536.4;0.047
17536.9;0.045
17537.4;0.053
17537.9;0.055
17538.4;0.056
17538.9;0.057
17539.4;0.057
17539.9;0.054
17540.4;0.053
17540.9;0.044
17541.4;0.043
17541.9;0.035
17542.4;0.033
17542.9;0.026
17543.4;0.033
17543.9;0.031
17544.4;0.042
17544.9;0.044
17545.4;0.054
17545.9;0.054
17546.4;0.06
17546.9;0.058
17547.4;0.061
17547.9;0.054
17548.4;0.051
17548.9;0.043
17549.4;0.04
17549.9;0.029
17550.4;0.027
17550.9;0.022
17551.4;0.028
17551.9;0.031
17552.4;0.043
17552.9;0.044
17553.4;0.055
17553.9;0.054
17554.4;0.062
17554.9;0.058
17555.4;0.059
17555.9;0.054
17556.4;0.051
17556.9;0.042
17557.4;0.039
17557.9;0.03
17558.4;0.029
17558.9;0.025
17559.4;0.031
17559.9;0.032
17560.4;0.044
17560.9;0.046
17561.4;0.055
17561.9;0.056
17562.4;0.062
17562.9;0.059
17563.4;0.062
17563.9;0.055
17564.4;0.055
17564.9;0.045
17565.4;0.042
17565.9;0.034
17566.4;0.034
17566.9;0.027
17567.4;0.033
17567.9;0.034
17568.4;0.044
17568.9;0.046
17569.4;0.055
17569.9;0.057
17570.4;0.062
17570.9;0.061
17571.4;0.064
17571.9;0.058
17572.4;0.058
17572.9;0.047
17573.4;0.043
17573.9;0.035
17574.4;0.034
17574.9;0.026
17575.4;0.031
17575.9;0.033
17576.4;0.042
17576.9;0.046
17577.4;0.054
17577.9;0.055
17578.4;0.062
17578.9;0.059
17579.4;0.061
17579.9;0.054
17580.4;0.054
17580.9;0.047
17581.4;0.042
17581.9;0.034
17582.4;0.032
17582.9;0.028
17583.4;0.032
17583.9;0.034
17584.4;0.042
17584.9;0.045
17585.4;0.051
17585.9;0.052
17586.4;0.057
17586.9;0.055
17587.4;0.056
17587.9;0.052
17588.4;0.053
17588.9;0.045
17589.4;0.042
17589.9;0.035
17590.4;0.035
17590.9;0.03
17591.4;0.034
17591.9;0.035
17592.4;0.042
17592.9;0.044
17593.4;0.049
17593.9;0.051
17594.4;0.054
17594.9;0.053
17595.4;0.056
17595.9;0.05
17596.4;0.051
17596.9;0.045
17597.4;0.045
17597.9;0.038
17598.4;0.037
17598.9;0.035
17599.4;0.036
17599.9;0.037
17600.4;0.042
17600.9;0.045
17601.4;0.049
17601.9;0.049
17602.4;0.052
17602.9;0.051
17603.4;0.052
17603.9;0.05
17604.4;0.05
17604.9;0.044
17605.4;0.044
17605.9;0.042
17606.4;0.04
17606.9;0.038
17607.4;0.04
17607.9;0.04
17608.4;0.043
17608.9;0.044
17609.4;0.046
17609.9;0.047
17610.4;0.049
17610.9;0.048
17611.4;0.048
17611.9;0.045
17612.4;0.046
17612.9;0.044
17613.4;0.044
17613.9;0.042
17614.4;0.042
17614.9;0.04
17615.4;0.043
17615.9;0.042
17616.4;0.043
17616.9;0.043
17617.4;0.045
17617.9;0.044
17618.4;0.046
17618.9;0.045
17619.4;0.044
17619.9;0.044
17620.4;0.044
17620.9;0.043
17621.4;0.044
17621.9;0.042
17622.4;0.044
17622.9;0.042
17623.4;0.044
17623.9;0.043
17624.4;0.046
17624.9;0.042
17625.4;0.044
17625.9;0.042
17626.4;0.044
17626.9;0.042
17627.4;0.045
17627.9;0.042
17628.4;0.045
17628.9;0.043
17629.4;0.044
17629.9;0.042
17630.4;0.045
17630.9;0.045
17631.4;0.045
17631.9;0.043
17632.4;0.046
17632.9;0.042
17633.4;0.044
17633.9;0.042
17634.4;0.044
17634.9;0.042
17635.4;0.044
17635.9;0.043
17636.4;0.045
17636.9;0.042
17637.4;0.046
17637.9;0.043
17638.4;0.046
17638.9;0.045
17639.4;0.046
17639.9;0.044
17640.4;0.046
17640.9;0.045
17641.4;0.045
17641.9;0.041
17642.4;0.043
17642.9;0.04
17643.4;0.045
17643.9;0.042
17644.4;0.044
17644.9;0.042
17645.4;0.044
17645.9;0.044
17646.4;0.047
17646.9;0.044
17647.4;0.047
17647.9;0.043
17648.4;0.046
17648.9;0.041
17649.4;0.044
17649.9;0.041
17650.4;0.044
17650.9;0.042
17651.4;0.045
17651.9;0.043
17652.4;0.043
17652.9;0.043
17653.4;0.044
17653.9;0.042
17654.4;0.047
17654.9;0.041
17655.4;0.046
17655.9;0.043
17656.4;0.045
17656.9;0.043
17657.4;0.044
17657.9;0.041
17658.4;0.045
17658.9;0.041
17659.4;0.044
17659.9;0.041
17660.4;0.045
17660.9;0.041
17661.4;0.043
17661.9;0.042
17662.4;0.044
17662.9;0.041
17663.4;0.046
17663.9;0.043
17664.4;0.045
17664.9;0.042
17665.4;0.045
17665.9;0.042
17666.4;0.046
17666.9;0.042
17667.4;0.045
17667.9;0.041
17668.4;0.043
17668.9;0.042
17669.4;0.045
17669.9;0.041
17670.4;0.044
17670.9;0.041
17671.4;0.046
17671.9;0.042
17672.4;0.045
17672.9;0.041
17673.4;0.045
17673.9;0.042
17674.4;0.045
17674.9;0.043
17675.4;0.045
17675.9;0.042
17676.4;0.047
17676.9;0.043
17677.4;0.045
17677.9;0.042
17678.4;0.045
17678.9;0.041
17679.4;0.045
17679.9;0.04
17680.4;0.045
17680.9;0.041
17681.4;0.044
17681.9;0.042
17682.4;0.046
17682.9;0.042
17683.4;0.045
17683.9;0.042
17684.4;0.046
17684.9;0.041
17685.4;0.045
17685.9;0.04
17686.4;0.045
17686.9;0.041
17687.4;0.045
17687.9;0.041
17688.4;0.045
17688.9;0.041
17689.4;0.045
17689.9;0.042
17690.4;0.046
17690.9;0.041
17691.4;0.045
17691.9;0.04
17692.4;0.044
17692.9;0.041
17693.4;0.046
17693.9;0.04
17694.4;0.044
17694.9;0.04
17695.4;0.044
17695.9;0.041
17696.4;0.044
17696.9;0.041
17697.4;0.045
17697.9;0.041
17698.4;0.046
17698.9;0.041
17699.4;0.046
17699.9;0.041
17700.4;0.045
17700.9;0.042
17701.4;0.046
17701.9;0.043
17702.4;0.046
17702.9;0.041
17703.4;0.044
17703.9;0.041
17704.4;0.045
17704.9;0.041
17705.4;0.045
17705.9;0.041
17706.4;0.045
17706.9;0.042
17707.4;0.045
17707.9;0.041
17708.4;0.045
17708.9;0.041
17709.4;0.045
17709.9;0.04
17710.4;0.045
17710.9;0.04
17711.4;0.046
17711.9;0.041
17712.4;0.045
17712.9;0.041
17713.4;0.046
17713.9;0.041
17714.4;0.046
17714.9;0.041
17715.4;0.045
17715.9;0.041
17716.4;0.045
17716.9;0.04
17717.4;0.045
17717.9;0.041
17718.4;0.045
17718.9;0.041
17719.4;0.044
17719.9;0.042
17720.4;0.045
17720.9;0.041
17721.4;0.047
17721.9;0.041
17722.4;0.045
17722.9;0.04
17723.4;0.045
17723.9;0.042
17724.4;0.044
17724.9;0.04
17725.4;0.045
17725.9;0.041
17726.4;0.045
17726.9;0.041
17727.4;0.046
17727.9;0.041
17728.4;0.045
17728.9;0.041
17729.4;0.045
17729.9;0.042
17730.4;0.044
17730.9;0.04
17731.4;0.044
17731.9;0.041
17732.4;0.043
17732.9;0.042
17733.4;0.045
17733.9;0.041
17734.4;0.046
17734.9;0.042
17735.4;0.045
17735.9;0.042
17736.4;0.043
17736.9;0.041
17737.4;0.045
17737.9;0.041
17738.4;0.043
17738.9;0.04
17739.4;0.044
17739.9;0.041
17740.4;0.045
17740.9;0.042
17741.4;0.044
17741.9;0.043
17742.4;0.046
17742.9;0.043
17743.4;0.045
17743.9;0.042
17744.4;0.044
17744.9;0.042
17745.4;0.045
17745.9;0.041
17746.4;0.044
17746.9;0.041
17747.4;0.045
17747.9;0.043
17748.4;0.045
17748.9;0.042
17749.4;0.043
17749.9;0.042
17750.4;0.044
17750.9;0.042
17751.4;0.045
17751.9;0.043
17752.4;0.043
17752.9;0.042
17753.4;0.045
17753.9;0.041
17754.4;0.045
17754.9;0.041
17755.4;0.044
17755.9;0.042
17756.4;0.045
17756.9;0.042
17757.4;0.044
17757.9;0.041
17758.4;0.045
17758.9;0.043
17759.4;0.044
17759.9;0.041
17760.4;0.044
17760.9;0.042
17761.4;0.044
17761.9;0.041
17762.4;0.044
17762.9;0.042
17763.4;0.045
17763.9;0.042
17764.4;0.044
17764.9;0.042
17765.4;0.044
17765.9;0.042
17766.4;0.044
17766.9;0.042
17767.4;0.044
17767.9;0.041
17768.4;0.043
17768.9;0.042
17769.4;0.042
17769.9;0.042
17770.4;0.044
17770.9;0.044
17771.4;0.043
17771.9;0.041
17772.4;0.044
17772.9;0.042
17773.4;0.044
17773.9;0.044
17774.4;0.043
17774.9;0.042
17775.4;0.044
17775.9;0.043
17776.4;0.044
17776.9;0.041
17777.4;0.043
17777.9;0.043
17778.4;0.043
17778.9;0.043
17779.4;0.043
17779.9;0.043
17780.4;0.043
17780.9;0.043
17781.4;0.043
17781.9;0.042
17782.4;0.042
17782.9;0.042
17783.4;0.043
17783.9;0.042
17784.4;0.044
17784.9;0.044
17785.4;0.044
17785.9;0.045
17786.4;0.044
17786.9;0.043
17787.4;0.044
17787.9;0.044
17788.4;0.044
17788.9;0.042
17789.4;0.043
17789.9;0.043
17790.4;0.043
17790.9;0.044
17791.4;0.041
17791.9;0.042
17792.4;0.044
17792.9;0.042
17793.4;0.043
17793.9;0.043
17794.4;0.042
17794.9;0.043
17795.4;0.043
17795.9;0.045
17796.4;0.042
17796.9;0.043
17797.4;0.042
17797.9;0.043
17798.4;0.043
17798.9;0.043
17799.4;0.043
17799.9;0.045
17800.4;0.043
17800.9;0.044
17801.4;0.041
17801.9;0.044
17802.4;0.043
17802.9;0.042
17803.4;0.042
17803.9;0.043
17804.4;0.043
17804.9;0.044
17805.4;0.044
17805.9;0.044
17806.4;0.043
17806.9;0.045
17807.4;0.043
17807.9;0.045
17808.4;0.042
17808.9;0.044
17809.4;0.044
17809.9;0.045
17810.4;0.043
17810.9;0.044
17811.4;0.042
17811.9;0.043
17812.4;0.043
17812.9;0.043
17813.4;0.044
17813.9;0.044
17814.4;0.043
17814.9;0.043
17815.4;0.043
17815.9;0.044
17816.4;0.044
17816.9;0.046
17817.4;0.042
17817.9;0.044
17818.4;0.042
17818.9;0.043
17819.4;0.042
17819.9;0.043
17820.4;0.042
17820.9;0.043
17821.4;0.042
17821.9;0.045
17822.4;0.042
17822.9;0.045
17823.4;0.044
17823.9;0.043
17824.4;0.043
17824.9;0.044
17825.4;0.042
17825.9;0.044
17826.4;0.041
17826.9;0.044
17827.4;0.041
17827.9;0.044
17828.4;0.042
17828.9;0.045
17829.4;0.041
17829.9;0.043
17830.4;0.042
17830.9;0.044
17831.4;0.043
17831.9;0.045
17832.4;0.043
17832.9;0.045
17833.4;0.043
17833.9;0.043
17834.4;0.042
17834.9;0.044
17835.4;0.041
17835.9;0.044
17836.4;0.04
17836.9;0.044
17837.4;0.041
17837.9;0.044
17838.4;0.043
17838.9;0.045
17839.4;0.042
17839.9;0.045
17840.4;0.042
17840.9;0.045
17841.4;0.044
17841.9;0.045
17842.4;0.042
17842.9;0.045
17843.4;0.042
17843.9;0.045
17844.4;0.041
17844.9;0.044
17845.4;0.042
17845.9;0.045
17846.4;0.042
17846.9;0.044
17847.4;0.043
17847.9;0.044
17848.4;0.042
17848.9;0.043
17849.4;0.041
17849.9;0.043
17850.4;0.04
17850.9;0.045
17851.4;0.042
17851.9;0.044
17852.4;0.044
17852.9;0.045
17853.4;0.042
17853.9;0.046
17854.4;0.042
17854.9;0.044
17855.4;0.042
17855.9;0.044
17856.4;0.043
17856.9;0.046
17857.4;0.041
17857.9;0.045
17858.4;0.041
17858.9;0.045
17859.4;0.042
17859.9;0.045
17860.4;0.042
17860.9;0.046
17861.4;0.042
17861.9;0.045
17862.4;0.04
17862.9;0.044
17863.4;0.041
17863.9;0.045
17864.4;0.041
17864.9;0.042
17865.4;0.042
17865.9;0.045
17866.4;0.042
17866.9;0.045
17867.4;0.044
17867.9;0.043
17868.4;0.041
17868.9;0.043
17869.4;0.042
17869.9;0.044
17870.4;0.041
17870.9;0.045
17871.4;0.043
17871.9;0.045
17872.4;0.042
17872.9;0.046
17873.4;0.042
17873.9;0.045
17874.4;0.042
17874.9;0.045
17875.4;0.042
17875.9;0.045
17876.4;0.042
17876.9;0.044
17877.4;0.042
17877.9;0.044
17878.4;0.043
17878.9;0.045
17879.4;0.043
17879.9;0.045
17880.4;0.043
17880.9;0.046
17881.4;0.042
17881.9;0.045
17882.4;0.043
17882.9;0.045
17883.4;0.043
17883.9;0.045
17884.4;0.044
17884.9;0.045
17885.4;0.042
17885.9;0.044
17886.4;0.041
17886.9;0.044
17887.4;0.041
17887.9;0.044
17888.4;0.043
17888.9;0.046
17889.4;0.044
17889.9;0.046
17890.4;0.045
17890.9;0.046
17891.4;0.043
17891.9;0.046
17892.4;0.041
17892.9;0.044
17893.4;0.041
17893.9;0.044
17894.4;0.041
17894.9;0.045
17895.4;0.042
17895.9;0.047
17896.4;0.043
17896.9;0.047
17897.4;0.044
17897.9;0.046
17898.4;0.043
17898.9;0.044
17899.4;0.04
17899.9;0.044
17900.4;0.04
17900.9;0.043
17901.4;0.042
17901.9;0.045
17902.4;0.042
17902.9;0.046
17903.4;0.045
17903.9;0.047
17904.4;0.044
17904.9;0.046
17905.4;0.042
17905.9;0.045
17906.4;0.041
17906.9;0.043
17907.4;0.041
17907.9;0.044
17908.4;0.042
17908.9;0.045
17909.4;0.045
17909.9;0.048
17910.4;0.046
17910.9;0.047
17911.4;0.043
17911.9;0.047
17912.4;0.042
17912.9;0.044
17913.4;0.04
17913.9;0.041
17914.4;0.041
17914.9;0.044
17915.4;0.044
17915.9;0.047
17916.4;0.045
17916.9;0.047
17917.4;0.045
17917.9;0.047
17918.4;0.043
17918.9;0.045
17919.4;0.041
17919.9;0.043
17920.4;0.041
17920.9;0.044
17921.4;0.041
17921.9;0.045
17922.4;0.044
17922.9;0.046
17923.4;0.043
17923.9;0.047
17924.4;0.044
17924.9;0.046
17925.4;0.041
17925.9;0.045
17926.4;0.042
17926.9;0.043
17927.4;0.041
17927.9;0.045
17928.4;0.043
17928.9;0.047
17929.4;0.044
17929.9;0.046
17930.4;0.043
17930.9;0.046
17931.4;0.041
17931.9;0.045
17932.4;0.042
17932.9;0.044
17933.4;0.042
17933.9;0.045
17934.4;0.043
17934.9;0.045
17935.4;0.044
17935.9;0.046
17936.4;0.043
17936.9;0.046
17937.4;0.043
17937.9;0.045
17938.4;0.042
17938.9;0.044
17939.4;0.042
17939.9;0.043
17940.4;0.042
17940.9;0.046
17941.4;0.044
17941.9;0.046
17942.4;0.044
17942.9;0.044
17943.4;0.042
17943.9;0.043
17944.4;0.042
17944.9;0.044
17945.4;0.042
17945.9;0.044
17946.4;0.044
17946.9;0.045
17947.4;0.043
17947.9;0.045
17948.4;0.044
17948.9;0.045
17949.4;0.043
17949.9;0.046
17950.4;0.042
17950.9;0.045
17951.4;0.042
17951.9;0.045
17952.4;0.044
17952.9;0.046
17953.4;0.045
17953.9;0.047
17954.4;0.043
17954.9;0.047
17955.4;0.043
17955.9;0.044
17956.4;0.042
17956.9;0.044
17957.4;0.041
17957.9;0.043
17958.4;0.042
17958.9;0.046
17959.4;0.044
17959.9;0.047
17960.4;0.045
17960.9;0.047
17961.4;0.044
17961.9;0.044
17962.4;0.043
17962.9;0.042
17963.4;0.039
17963.9;0.043
17964.4;0.041
17964.9;0.044
17965.4;0.043
17965.9;0.048
17966.4;0.046
17966.9;0.048
17967.4;0.046
17967.9;0.047
17968.4;0.044
17968.9;0.045
17969.4;0.042
17969.9;0.042
17970.4;0.04
17970.9;0.041
17971.4;0.041
17971.9;0.044
17972.4;0.043
17972.9;0.047
17973.4;0.047
17973.9;0.047
17974.4;0.046
17974.9;0.046
17975.4;0.045
17975.9;0.044
17976.4;0.043
17976.9;0.043
17977.4;0.041
17977.9;0.043
17978.4;0.041
17978.9;0.044
17979.4;0.043
17979.9;0.043
17980.4;0.043
17980.9;0.044
17981.4;0.042
17981.9;0.044
17982.4;0.043
17982.9;0.046
17983.4;0.045
17983.9;0.045
17984.4;0.046
17984.9;0.047
17985.4;0.046
17985.9;0.047
17986.4;0.043
17986.9;0.043
17987.4;0.039
17987.9;0.039
17988.4;0.038
17988.9;0.039
17989.4;0.038
17989.9;0.042
17990.4;0.043
17990.9;0.046
17991.4;0.048
17991.9;0.049
17992.4;0.049
17992.9;0.05
17993.4;0.05
17993.9;0.049
17994.4;0.044
17994.9;0.045
17995.4;0.04
17995.9;0.04
17996.4;0.036
17996.9;0.037
17997.4;0.037
17997.9;0.038
17998.4;0.04
17998.9;0.042
17999.4;0.045
17999.9;0.047
